<!DOCTYPE HTML>
<html>
  <head>
    <meta charset="UTF-8">
    <title>Tomtom Results</title>
    <script>
      // @JSON_VAR data
      var data = {
        "program": "Tomtom",
        "version": "5.3.3",
        "release": "Sun Feb 7 15:39:52 2021 -0800",
        "cmd": [
          "tomtom", "-evalue", "-thresh", "0.1", "-o",
          "results/filters/model-128/trial-1",
          "motifs/filters/model-128/trial-1.txt", "./motif_database.txt"
        ],
        "options": {
          "strands": "both",
          "distance_measure": "ed",
          "threshold_type": "evalue",
          "threshold_value": 0.1,
          "background_source": "--query--"
        },
        "alphabet": {
          "name": "DNA",
          "like": "dna",
          "ncore": 4,
          "symbols": [
            {
              "symbol": "A",
              "name": "Adenine",
              "colour": "CC0000",
              "complement": "T"
            }, {
              "symbol": "C",
              "name": "Cytosine",
              "colour": "0000CC",
              "complement": "G"
            }, {
              "symbol": "G",
              "name": "Guanine",
              "colour": "FFB300",
              "complement": "C"
            }, {
              "symbol": "T",
              "aliases": "U",
              "name": "Thymine",
              "colour": "008000",
              "complement": "A"
            }, {
              "symbol": "N",
              "aliases": "X.",
              "name": "Any base",
              "equals": "ACGT"
            }, {
              "symbol": "V",
              "name": "Not T",
              "equals": "ACG"
            }, {
              "symbol": "H",
              "name": "Not G",
              "equals": "ACT"
            }, {
              "symbol": "D",
              "name": "Not C",
              "equals": "AGT"
            }, {
              "symbol": "B",
              "name": "Not A",
              "equals": "CGT"
            }, {
              "symbol": "M",
              "name": "Amino",
              "equals": "AC"
            }, {
              "symbol": "R",
              "name": "Purine",
              "equals": "AG"
            }, {
              "symbol": "W",
              "name": "Weak",
              "equals": "AT"
            }, {
              "symbol": "S",
              "name": "Strong",
              "equals": "CG"
            }, {
              "symbol": "Y",
              "name": "Pyrimidine",
              "equals": "CT"
            }, {
              "symbol": "K",
              "name": "Keto",
              "equals": "GT"
            }
          ]
        },
        "background": [0.25, 0.25, 0.25, 0.25],
        "query_dbs": [
          {
            "source": "motifs/filters/model-128/trial-1.txt",
            "name": "trial-1.txt",
            "loaded": 128,
            "excluded": 0,
            "last_modified": "Sat Apr  3 12:12:29 2021"
          }
        ],
        "target_dbs": [
          {
            "source": "./motif_database.txt",
            "name": "motif_database.txt",
            "loaded": 1964,
            "excluded": 0,
            "last_modified": "Mon Mar 29 09:53:08 2021"
          }
        ],
        "queries": [
          {
            "db": 0,
            "id": "filter0",
            "len": 20,
            "nsites": 20,
            "evalue": "1.0e+000",
            "pwm": [
              [0.231194, 0.243731, 0.268806, 0.256269], 
              [0.179552, 0.229701, 0.347015, 0.243731], 
              [0.267214, 0.329801, 0.168607, 0.234378], 
              [0.159254, 0.0747761, 0.0575622, 0.708408], 
              [0.131095, 0.10602, 0.62393, 0.138955], 
              [0.397065, 0.464328, 0.048209, 0.090398], 
              [0.0278136, 0.966614, 0.00432867, 0.00124378], 
              [0.0137798, 0.964929, 0.00124378, 0.0200479], 
              [0.827313, 0.00432836, 0.0716915, 0.0966667], 
              [0.0841294, 0.00432836, 0.00910448, 0.902438], 
              [0.921236, 0.00432867, 0.0450293, 0.0294058], 
              [0.00124378, 0.0810448, 0.00283582, 0.914876], 
              [0.982237, 0.00124378, 0.0121901, 0.00432867], 
              [0.239055, 0.048209, 0.00124378, 0.711493], 
              [0.0200498, 0.0121891, 0.929005, 0.0387562], 
              [0.0153717, 0.018456, 0.957069, 0.00910369], 
              [0.0763682, 0.0184577, 0.456468, 0.448706], 
              [0.135785, 0.775749, 0.0606527, 0.0278136], 
              [0.731891, 0.00432836, 0.115473, 0.148308], 
              [0.312587, 0.301642, 0.14204, 0.243731]
            ]
          }, {
            "db": 0,
            "id": "filter1",
            "len": 20,
            "nsites": 20,
            "evalue": "1.0e+000",
            "pwm": [
              [0.291721, 0.25102, 0.222062, 0.235198], 
              [0.260175, 0.0446312, 0.0353765, 0.659817], 
              [0.0893035, 0.0643284, 0.538856, 0.307512], 
              [0.438955, 0.315373, 0.136667, 0.109005], 
              [0.17607, 0.810896, 0.011791, 0.00124378], 
              [0.00124378, 0.968706, 0.00124378, 0.028806], 
              [0.708408, 0.0551741, 0.00383085, 0.232587], 
              [0.0446269, 0.109005, 0.00124378, 0.845124], 
              [0.820067, 0.00522348, 0.137947, 0.0367626], 
              [0.00124378, 0.0499005, 0.0893035, 0.859552], 
              [0.820149, 0.00910448, 0.00910448, 0.161642], 
              [0.24311, 0.0170631, 0.0761617, 0.663665], 
              [0.00253744, 0.122151, 0.814957, 0.0603542], 
              [0.205025, 0.00383085, 0.770199, 0.0209453], 
              [0.105124, 0.339055, 0.283831, 0.27199], 
              [0.281244, 0.586119, 0.0577612, 0.0748756], 
              [0.82534, 0.00781029, 0.0433291, 0.12352], 
              [0.181343, 0.307512, 0.126119, 0.385025], 
              [0.0814428, 0.294378, 0.307512, 0.316667], 
              [0.170796, 0.119552, 0.408706, 0.300945]
            ]
          }, {
            "db": 0,
            "id": "filter10",
            "len": 16,
            "nsites": 16,
            "evalue": "1.0e+000",
            "pwm": [
              [0.273453, 0.31877, 0.192559, 0.215217], 
              [0.318802, 0.286401, 0.176378, 0.218419], 
              [0.228137, 0.237876, 0.273453, 0.260534], 
              [0.0048323, 0.788137, 0.101925, 0.105106], 
              [0.0015528, 0.124572, 0.00483197, 0.869044], 
              [0.0015528, 0.231416, 0.723441, 0.0435901], 
              [0.995342, 0.0015528, 0.0015528, 0.0015528], 
              [0.0015528, 0.0015528, 0.0015528, 0.995342], 
              [0.0015528, 0.0015528, 0.0048323, 0.992062], 
              [0.0015528, 0.0015528, 0.995342, 0.0015528], 
              [0.0015528, 0.0015528, 0.995342, 0.0015528], 
              [0.0306708, 0.390025, 0.0048323, 0.574472], 
              [0.0015528, 0.432062, 0.121304, 0.445081], 
              [0.17636, 0.438522, 0.32205, 0.0630683], 
              [0.480658, 0.134323, 0.309031, 0.0759876], 
              [0.17964, 0.137503, 0.250795, 0.432062]
            ]
          }, {
            "db": 0,
            "id": "filter100",
            "len": 16,
            "nsites": 16,
            "evalue": "1.0e+000",
            "pwm": [
              [0.275767, 0.451585, 0.177372, 0.0952765], 
              [0.23825, 0.0883019, 0.404693, 0.268756], 
              [0.364882, 0.289851, 0.111665, 0.233602], 
              [0.589876, 0.0015528, 0.0507453, 0.357826], 
              [0.528957, 0.0343478, 0.207764, 0.228932], 
              [0.00393765, 0.0203335, 0.0484549, 0.927274], 
              [0.174969, 0.723441, 0.0976522, 0.00393789], 
              [0.73057, 0.146859, 0.0272945, 0.0952765], 
              [0.0132795, 0.0062236, 0.38595, 0.594547], 
              [0.0015528, 0.182025, 0.564037, 0.252385], 
              [0.892186, 0.0343478, 0.071913, 0.0015528], 
              [0.160957, 0.42113, 0.0952671, 0.322646], 
              [0.383565, 0.41646, 0.0062236, 0.193752], 
              [0.589935, 0.24764, 0.111676, 0.0507503], 
              [0.325031, 0.0414037, 0.0108944, 0.622671], 
              [0.362497, 0.109379, 0.182025, 0.346099]
            ]
          }, {
            "db": 0,
            "id": "filter101",
            "len": 16,
            "nsites": 16,
            "evalue": "1.0e+000",
            "pwm": [
              [0.264436, 0.19874, 0.274375, 0.262448], 
              [0.222571, 0.260435, 0.278422, 0.238571], 
              [0.192758, 0.274348, 0.244534, 0.28836], 
              [0.555193, 0.089205, 0.35405, 0.0015528], 
              [0.0015528, 0.0015528, 0.0015528, 0.995342], 
              [0.0015528, 0.0015528, 0.00552795, 0.991366], 
              [0.240559, 0.0015528, 0.72046, 0.0374286], 
              [0.0015528, 0.951516, 0.0015528, 0.0453789], 
              [0.0274907, 0.0015528, 0.969404, 0.0015528], 
              [0.0473619, 0.724462, 0.0015528, 0.226623], 
              [0.991366, 0.00552795, 0.0015528, 0.0015528], 
              [0.995342, 0.0015528, 0.0015528, 0.0015528], 
              [0.00354037, 0.308236, 0.105106, 0.583118], 
              [0.276435, 0.270373, 0.246522, 0.206671], 
              [0.242571, 0.164849, 0.2704, 0.322181], 
              [0.238571, 0.258447, 0.282398, 0.220584]
            ]
          }, {
            "db": 0,
            "id": "filter102",
            "len": 15,
            "nsites": 15,
            "evalue": "1.0e+000",
            "pwm": [
              [0.198444, 0.298874, 0.232318, 0.270364], 
              [0.315166, 0.36404, 0.168543, 0.152252], 
              [0.528245, 0.0124834, 0.252682, 0.206589], 
              [0.1319, 0.691129, 0.140047, 0.0369241], 
              [0.164486, 0.164486, 0.0844122, 0.586615], 
              [0.0518262, 0.138755, 0.064046, 0.745372], 
              [0.017947, 0.898675, 0.00165563, 0.0817219], 
              [0.00165563, 0.450861, 0.509172, 0.0383113], 
              [0.0260903, 0.0179454, 0.944773, 0.0111911], 
              [0.389768, 0.017947, 0.566192, 0.0260927], 
              [0.399305, 0.099404, 0.0518212, 0.44947], 
              [0.0423841, 0.0409934, 0.431887, 0.484735], 
              [0.129205, 0.194371, 0.0627483, 0.613675], 
              [0.353148, 0.402027, 0.1319, 0.112925], 
              [0.312415, 0.332781, 0.241878, 0.112925]
            ]
          }, {
            "db": 0,
            "id": "filter103",
            "len": 12,
            "nsites": 12,
            "evalue": "1.0e+000",
            "pwm": [
              [0.245041, 0.255554, 0.240281, 0.259124], 
              [0.232126, 0.329504, 0.220325, 0.218045], 
              [0.29195, 0.205074, 0.228579, 0.274397], 
              [0.568942, 0.00206612, 0.00206612, 0.426926], 
              [0.00206612, 0.00206612, 0.00206612, 0.993802], 
              [0.00206612, 0.00206612, 0.00206612, 0.993802], 
              [0.921008, 0.00206612, 0.0748595, 0.00206612], 
              [0.993802, 0.00206612, 0.00206612, 0.00206612], 
              [0.00206612, 0.00206612, 0.00206612, 0.993802], 
              [0.257934, 0.249702, 0.242661, 0.249702], 
              [0.205074, 0.247322, 0.302562, 0.245041], 
              [0.226198, 0.259124, 0.243851, 0.270826]
            ]
          }, {
            "db": 0,
            "id": "filter104",
            "len": 13,
            "nsites": 13,
            "evalue": "1.0e+000",
            "pwm": [
              [0.228267, 0.28116, 0.31887, 0.171702], 
              [0.379206, 0.111366, 0.477351, 0.0320763], 
              [0.0019084, 0.971649, 0.0245344, 0.0019084], 
              [0.0019084, 0.454725, 0.0019084, 0.541458], 
              [0.469762, 0.0849612, 0.439597, 0.00567901], 
              [0.994275, 0.0019084, 0.0019084, 0.0019084], 
              [0.0019084, 0.0019084, 0.0019084, 0.994275], 
              [0.0019084, 0.315099, 0.00567939, 0.677313], 
              [0.250992, 0.0019084, 0.745191, 0.0019084], 
              [0.0169924, 0.0547023, 0.922626, 0.00567939], 
              [0.0622503, 0.443456, 0.0811072, 0.413186], 
              [0.0471603, 0.364122, 0.152847, 0.43587], 
              [0.190557, 0.375435, 0.322641, 0.111366]
            ]
          }, {
            "db": 0,
            "id": "filter105",
            "len": 15,
            "nsites": 15,
            "evalue": "1.0e+000",
            "pwm": [
              [0.224095, 0.31619, 0.254794, 0.204921], 
              [0.262443, 0.262443, 0.231844, 0.243269], 
              [0.181972, 0.174223, 0.312316, 0.33149], 
              [0.243269, 0.0668277, 0.669073, 0.0208297], 
              [0.0668212, 0.00165563, 0.807086, 0.124437], 
              [0.151258, 0.00165563, 0.84543, 0.00165563], 
              [0.00165563, 0.00165563, 0.995033, 0.00165563], 
              [0.00165563, 0.00165563, 0.995033, 0.00165563], 
              [0.239446, 0.56544, 0.00165563, 0.193458], 
              [0.0055298, 0.00165563, 0.991159, 0.00165563], 
              [0.00165563, 0.00165563, 0.995033, 0.00165563], 
              [0.193477, 0.00165563, 0.795563, 0.00930464], 
              [0.166556, 0.00930464, 0.822483, 0.00165563], 
              [0.224095, 0.580853, 0.155048, 0.0400038], 
              [0.335331, 0.181954, 0.174205, 0.30851]
            ]
          }, {
            "db": 0,
            "id": "filter106",
            "len": 16,
            "nsites": 16,
            "evalue": "1.0e+000",
            "pwm": [
              [0.270698, 0.398412, 0.108495, 0.222395], 
              [0.255168, 0.287963, 0.253478, 0.203391], 
              [0.0515454, 0.0895119, 0.379429, 0.479514], 
              [0.0153665, 0.917727, 0.0015528, 0.065354], 
              [0.0015528, 0.00840994, 0.00503106, 0.985006], 
              [0.990174, 0.00503106, 0.0015528, 0.00324224], 
              [0.165445, 0.0843437, 0.0170575, 0.733154], 
              [0.334571, 0.032559, 0.0015528, 0.631317], 
              [0.424211, 0.0999379, 0.0222236, 0.453627], 
              [0.643342, 0.0688323, 0.013677, 0.274149], 
              [0.00840994, 0.0671429, 0.0843354, 0.840112], 
              [0.986696, 0.0015528, 0.0101988, 0.0015528], 
              [0.13959, 0.0067205, 0.809006, 0.0446832], 
              [0.353553, 0.481155, 0.0429938, 0.122298], 
              [0.191347, 0.199993, 0.408667, 0.199993], 
              [0.237899, 0.15163, 0.294849, 0.315621]
            ]
          }, {
            "db": 0,
            "id": "filter107",
            "len": 18,
            "nsites": 18,
            "evalue": "1.0e+000",
            "pwm": [
              [0.222928, 0.255245, 0.260118, 0.261709], 
              [0.125877, 0.421803, 0.323161, 0.129158], 
              [0.0385746, 0.895613, 0.0530939, 0.0127182], 
              [0.638478, 0.0579612, 0.273045, 0.0305164], 
              [0.0483204, 0.656243, 0.127481, 0.167956], 
              [0.132354, 0.00466298, 0.0466298, 0.816354], 
              [0.31832, 0.0693039, 0.070895, 0.541481], 
              [0.0483204, 0.675635, 0.258453, 0.0175912], 
              [0.0127182, 0.531735, 0.0579669, 0.39758], 
              [0.104906, 0.0628398, 0.759768, 0.0724862], 
              [0.421845, 0.119425, 0.433083, 0.0256464], 
              [0.166348, 0.646532, 0.119414, 0.0677061], 
              [0.172812, 0.172812, 0.208311, 0.446066], 
              [0.140409, 0.290873, 0.457348, 0.11137], 
              [0.623923, 0.0385746, 0.166365, 0.171138], 
              [0.098442, 0.504287, 0.116144, 0.281127], 
              [0.177602, 0.575392, 0.0305193, 0.216486], 
              [0.358696, 0.240751, 0.0677127, 0.33284]
            ]
          }, {
            "db": 0,
            "id": "filter108",
            "len": 18,
            "nsites": 18,
            "evalue": "1.0e+000",
            "pwm": [
              [0.481812, 0.353923, 0.0505083, 0.113757], 
              [0.0982431, 0.0505083, 0.499912, 0.351337], 
              [0.118928, 0.378486, 0.419856, 0.0827293], 
              [0.842126, 0.00784466, 0.147356, 0.0026739], 
              [0.286796, 0.00138122, 0.489569, 0.222254], 
              [0.063337, 0.0220663, 0.877017, 0.0375801], 
              [0.0104309, 0.502497, 0.195105, 0.291967], 
              [0.027235, 0.0827211, 0.54252, 0.347523], 
              [0.298431, 0.0853149, 0.485691, 0.130564], 
              [0.397878, 0.077558, 0.348851, 0.175713], 
              [0.189934, 0.222254, 0.414685, 0.173127], 
              [0.0143081, 0.62386, 0.131843, 0.229988], 
              [0.649744, 0.0672221, 0.230034, 0.0529996], 
              [0.11505, 0.756884, 0.0324088, 0.0956575], 
              [0.332044, 0.295845, 0.263525, 0.108586], 
              [0.290703, 0.356544, 0.0762727, 0.276481], 
              [0.0375801, 0.665193, 0.120221, 0.177006], 
              [0.337215, 0.167956, 0.100829, 0.394]
            ]
          }, {
            "db": 0,
            "id": "filter109",
            "len": 17,
            "nsites": 17,
            "evalue": "1.0e+000",
            "pwm": [
              [0.223257, 0.303485, 0.256263, 0.216994], 
              [0.242146, 0.273561, 0.240556, 0.243737], 
              [0.0989883, 0.0408304, 0.405684, 0.454497], 
              [0.0266166, 0.946896, 0.00146199, 0.0250257], 
              [0.00146199, 0.00305247, 0.00464296, 0.990843], 
              [0.995614, 0.00146199, 0.00146199, 0.00146199], 
              [0.316111, 0.00146199, 0.00146199, 0.680965], 
              [0.509573, 0.00146199, 0.00146199, 0.487503], 
              [0.636924, 0.00146199, 0.00146199, 0.360152], 
              [0.764374, 0.00146199, 0.00146199, 0.232702], 
              [0.00146199, 0.00146199, 0.00146199, 0.995614], 
              [0.990942, 0.00146199, 0.00146199, 0.0061345], 
              [0.0879619, 0.00146199, 0.90285, 0.00772577], 
              [0.511164, 0.39783, 0.0328772, 0.0581287], 
              [0.298813, 0.223257, 0.22952, 0.248409], 
              [0.259444, 0.226439, 0.273561, 0.240556], 
              [0.250025, 0.254698, 0.264143, 0.231134]
            ]
          }, {
            "db": 0,
            "id": "filter11",
            "len": 14,
            "nsites": 14,
            "evalue": "1.0e+000",
            "pwm": [
              [0.230142, 0.26827, 0.246028, 0.25556], 
              [0.601291, 0.0160709, 0.10166, 0.280979], 
              [0.358624, 0.0763404, 0.204823, 0.360213], 
              [0.174638, 0.00495035, 0.00177305, 0.818638], 
              [0.144539, 0.637766, 0.0256005, 0.192094], 
              [0.612411, 0.00177305, 0.00177305, 0.384043], 
              [0.00177305, 0.00177305, 0.986738, 0.00971631], 
              [0.0144823, 0.981972, 0.00177305, 0.00177305], 
              [0.488695, 0.0160709, 0.00177305, 0.493461], 
              [0.152481, 0.014481, 0.625058, 0.207979], 
              [0.750426, 0.00495035, 0.0192482, 0.225376], 
              [0.160356, 0.230165, 0.157179, 0.4523], 
              [0.31421, 0.206391, 0.0826869, 0.396712], 
              [0.252383, 0.325362, 0.185759, 0.236496]
            ]
          }, {
            "db": 0,
            "id": "filter110",
            "len": 15,
            "nsites": 15,
            "evalue": "1.0e+000",
            "pwm": [
              [0.263484, 0.219184, 0.273119, 0.244214], 
              [0.17687, 0.334702, 0.248088, 0.24034], 
              [0.034341, 0.586913, 0.149882, 0.228864], 
              [0.0189404, 0.0574834, 0.259636, 0.66394], 
              [0.737053, 0.217318, 0.0439735, 0.00165563], 
              [0.017053, 0.0248013, 0.540662, 0.417483], 
              [0.00354324, 0.0209291, 0.211478, 0.76405], 
              [0.30394, 0.0189404, 0.0131788, 0.66394], 
              [0.284669, 0.0786424, 0.063245, 0.573444], 
              [0.0248013, 0.00354305, 0.377053, 0.594603], 
              [0.211457, 0.174901, 0.561921, 0.0517219], 
              [0.14798, 0.017053, 0.727417, 0.10755], 
              [0.084404, 0.173013, 0.62351, 0.119073], 
              [0.178775, 0.228841, 0.434768, 0.157616], 
              [0.290402, 0.0613516, 0.561865, 0.0863823]
            ]
          }, {
            "db": 0,
            "id": "filter111",
            "len": 16,
            "nsites": 16,
            "evalue": "1.0e+000",
            "pwm": [
              [0.204087, 0.268783, 0.316783, 0.210348], 
              [0.247913, 0.208261, 0.235391, 0.308435], 
              [0.168609, 0.346, 0.302174, 0.183217], 
              [0.559025, 0.323076, 0.105911, 0.0119886], 
              [0.0161615, 0.0140745, 0.0015528, 0.968211], 
              [0.016163, 0.0015528, 0.870112, 0.112173], 
              [0.920211, 0.0015528, 0.0683354, 0.00990062], 
              [0.00781366, 0.339739, 0.634199, 0.0182484], 
              [0.0015528, 0.0015528, 0.0015528, 0.995342], 
              [0.0015528, 0.995342, 0.0015528, 0.0015528], 
              [0.995342, 0.0015528, 0.0015528, 0.0015528], 
              [0.00781429, 0.37108, 0.300117, 0.320988], 
              [0.105901, 0.748981, 0.0015528, 0.143565], 
              [0.494224, 0.133117, 0.181112, 0.191546], 
              [0.308435, 0.268783, 0.227043, 0.195739], 
              [0.285478, 0.235391, 0.145652, 0.333478]
            ]
          }, {
            "db": 0,
            "id": "filter112",
            "len": 15,
            "nsites": 15,
            "evalue": "1.0e+000",
            "pwm": [
              [0.219801, 0.279106, 0.382914, 0.118179], 
              [0.431589, 0.27702, 0.113907, 0.177483], 
              [0.478226, 0.207107, 0.253701, 0.0609662], 
              [0.00165563, 0.0800331, 0.0143709, 0.90394], 
              [0.0164584, 0.0418914, 0.175315, 0.766335], 
              [0.427375, 0.0673113, 0.452803, 0.0525115], 
              [0.179552, 0.68364, 0.0715824, 0.0652254], 
              [0.0249977, 0.308777, 0.664569, 0.00165563], 
              [0.00592673, 0.980134, 0.00165563, 0.0122837], 
              [0.995033, 0.00165563, 0.00165563, 0.00165563], 
              [0.995033, 0.00165563, 0.00165563, 0.00165563], 
              [0.00165563, 0.266391, 0.00165563, 0.730298], 
              [0.139324, 0.524815, 0.264278, 0.0715824], 
              [0.444305, 0.13298, 0.226159, 0.196556], 
              [0.217715, 0.185927, 0.474007, 0.122351]
            ]
          }, {
            "db": 0,
            "id": "filter113",
            "len": 14,
            "nsites": 14,
            "evalue": "1.0e+000",
            "pwm": [
              [0.28495, 0.246227, 0.229348, 0.239475], 
              [0.192312, 0.0675035, 0.054, 0.686184], 
              [0.00177305, 0.00852482, 0.00177305, 0.987929], 
              [0.00177305, 0.00177305, 0.00346099, 0.992993], 
              [0.131546, 0.864908, 0.00177305, 0.00177305], 
              [0.0304681, 0.819333, 0.00177305, 0.148426], 
              [0.276538, 0.204049, 0.215865, 0.303548], 
              [0.276511, 0.00177305, 0.719943, 0.00177305], 
              [0.00177305, 0.0102128, 0.912071, 0.0759433], 
              [0.987929, 0.00852482, 0.00177305, 0.00177305], 
              [0.994681, 0.00177305, 0.00177305, 0.00177305], 
              [0.534468, 0.121418, 0.187248, 0.156865], 
              [0.215844, 0.311957, 0.266482, 0.205716], 
              [0.271474, 0.273162, 0.276538, 0.178826]
            ]
          }, {
            "db": 0,
            "id": "filter114",
            "len": 20,
            "nsites": 20,
            "evalue": "1.0e+000",
            "pwm": [
              [0.26602, 0.256965, 0.23806, 0.238955], 
              [0.223532, 0.251592, 0.400746, 0.124129], 
              [0.0165687, 0.0608517, 0.328441, 0.594139], 
              [0.275075, 0.359154, 0.273284, 0.0924876], 
              [0.139552, 0.507313, 0.188308, 0.164826], 
              [0.25607, 0.0618408, 0.199154, 0.482935], 
              [0.203731, 0.11597, 0.394378, 0.28592], 
              [0.29408, 0.142239, 0.181045, 0.382637], 
              [0.59408, 0.227214, 0.0364677, 0.142239], 
              [0.199154, 0.247015, 0.425124, 0.128706], 
              [0.064521, 0.687145, 0.0310915, 0.217242], 
              [0.190118, 0.570654, 0.146731, 0.0924967], 
              [0.328408, 0.243433, 0.0102985, 0.417861], 
              [0.28592, 0.0328856, 0.0283085, 0.652886], 
              [0.00661745, 0.374515, 0.460394, 0.158473], 
              [0.0473134, 0.00393035, 0.0988557, 0.8499], 
              [0.322967, 0.256991, 0.003035, 0.417007], 
              [0.0853234, 0.357363, 0.225323, 0.33199], 
              [0.131393, 0.243433, 0.0419403, 0.583234], 
              [0.829022, 0.0419362, 0.0888967, 0.0401454]
            ]
          }, {
            "db": 0,
            "id": "filter115",
            "len": 13,
            "nsites": 13,
            "evalue": "1.0e+000",
            "pwm": [
              [0.161977, 0.225985, 0.196015, 0.416023], 
              [0.0339618, 0.013916, 0.0019084, 0.950214], 
              [0.0019084, 0.0019084, 0.00389313, 0.99229], 
              [0.0899313, 0.758191, 0.149969, 0.0019084], 
              [0.00389333, 0.814242, 0.0019084, 0.179957], 
              [0.253969, 0.0599618, 0.406099, 0.279969], 
              [0.0939008, 0.0479542, 0.822198, 0.0359466], 
              [0.0879466, 0.0159008, 0.802252, 0.0939008], 
              [0.980282, 0.00389313, 0.013916, 0.0019084], 
              [0.850183, 0.0519237, 0.0019084, 0.0959847], 
              [0.438097, 0.091925, 0.0698923, 0.400086], 
              [0.338023, 0.137962, 0.314008, 0.210008], 
              [0.125954, 0.300015, 0.450061, 0.123969]
            ]
          }, {
            "db": 0,
            "id": "filter116",
            "len": 20,
            "nsites": 20,
            "evalue": "1.0e+000",
            "pwm": [
              [0.217264, 0.248308, 0.261841, 0.272587], 
              [0.207811, 0.307711, 0.319851, 0.164627], 
              [0.233483, 0.276667, 0.214577, 0.275274], 
              [0.156468, 0.090398, 0.0674129, 0.685721], 
              [0.0376617, 0.0458209, 0.627711, 0.288806], 
              [0.458955, 0.375174, 0.0269154, 0.138955], 
              [0.00800995, 0.903134, 0.0727861, 0.0160697], 
              [0.0147748, 0.957069, 0.0242266, 0.00393008], 
              [0.697861, 0.00393035, 0.00124378, 0.296965], 
              [0.0106965, 0.00124378, 0.00124378, 0.986816], 
              [0.935566, 0.00393062, 0.00124378, 0.0592595], 
              [0.0444279, 0.00124378, 0.0431343, 0.911194], 
              [0.990797, 0.00263668, 0.00124378, 0.00532298], 
              [0.0768581, 0.0269129, 0.00263668, 0.893592], 
              [0.0282117, 0.00393062, 0.966614, 0.00124378], 
              [0.0228358, 0.0242289, 0.951692, 0.00124378], 
              [0.130883, 0.06472, 0.402199, 0.402199], 
              [0.203731, 0.645224, 0.0984577, 0.0525871], 
              [0.720846, 0.0133831, 0.0647264, 0.201045], 
              [0.214577, 0.260448, 0.267214, 0.257761]
            ]
          }, {
            "db": 0,
            "id": "filter117",
            "len": 14,
            "nsites": 14,
            "evalue": "1.0e+000",
            "pwm": [
              [0.327315, 0.246798, 0.191995, 0.233892], 
              [0.285447, 0.21773, 0.32417, 0.172652], 
              [0.230638, 0.266085, 0.295177, 0.208099], 
              [0.0211348, 0.781901, 0.195191, 0.00177305], 
              [0.0662128, 0.930241, 0.00177305, 0.00177305], 
              [0.00177305, 0.00822695, 0.988227, 0.00177305], 
              [0.00177305, 0.00495035, 0.991504, 0.00177305], 
              [0.994681, 0.00177305, 0.00177305, 0.00177305], 
              [0.994681, 0.00177305, 0.00177305, 0.00177305], 
              [0.0146809, 0.0275887, 0.955957, 0.00177305], 
              [0.0211348, 0.246823, 0.00495035, 0.727092], 
              [0.253202, 0.114579, 0.582086, 0.0501325], 
              [0.233892, 0.262882, 0.462734, 0.0404926], 
              [0.233915, 0.443418, 0.166199, 0.156468]
            ]
          }, {
            "db": 0,
            "id": "filter118",
            "len": 14,
            "nsites": 14,
            "evalue": "1.0e+000",
            "pwm": [
              [0.253674, 0.260922, 0.239078, 0.246326], 
              [0.202539, 0.31573, 0.173348, 0.308383], 
              [0.00177305, 0.841376, 0.0747518, 0.0820993], 
              [0.00177305, 0.136809, 0.00177305, 0.859645], 
              [0.00177305, 0.242677, 0.73918, 0.0163703], 
              [0.994681, 0.00177305, 0.00177305, 0.00177305], 
              [0.00177305, 0.00177305, 0.00177305, 0.994681], 
              [0.00177305, 0.00177305, 0.00177305, 0.994681], 
              [0.00177305, 0.00177305, 0.994681, 0.00177305], 
              [0.00177305, 0.00177305, 0.994681, 0.00177305], 
              [0.0383084, 0.410612, 0.00177305, 0.549307], 
              [0.0200426, 0.406979, 0.122213, 0.450766], 
              [0.158752, 0.483631, 0.304709, 0.0529078], 
              [0.450766, 0.136809, 0.341248, 0.0711773]
            ]
          }, {
            "db": 0,
            "id": "filter119",
            "len": 20,
            "nsites": 20,
            "evalue": "1.0e+000",
            "pwm": [
              [0.246791, 0.254651, 0.249776, 0.248781], 
              [0.73796, 0.0661194, 0.150498, 0.0454229], 
              [0.00223881, 0.385323, 0.0169652, 0.595473], 
              [0.0798507, 0.144627, 0.181045, 0.594478], 
              [0.331261, 0.0425332, 0.33325, 0.292956], 
              [0.375435, 0.554223, 0.00422856, 0.0661129], 
              [0.0758781, 0.00124378, 0.878446, 0.0444322], 
              [0.305721, 0.363731, 0.172189, 0.158358], 
              [0.62592, 0.116169, 0.0572637, 0.200647], 
              [0.720249, 0.0631343, 0.0532836, 0.163333], 
              [0.00422856, 0.132872, 0.256641, 0.606258], 
              [0.382338, 0.153483, 0.168209, 0.29597], 
              [0.397065, 0.309701, 0.0758706, 0.217363], 
              [0.222239, 0.391194, 0.0729851, 0.313582], 
              [0.298856, 0.29199, 0.132886, 0.276269], 
              [0.554223, 0.157447, 0.0867079, 0.201622], 
              [0.275274, 0.233085, 0.350896, 0.140746], 
              [0.0582587, 0.0129851, 0.0670149, 0.861741], 
              [0.175075, 0.416766, 0.243831, 0.164328], 
              [0.143646, 0.230122, 0.488457, 0.137775]
            ]
          }, {
            "db": 0,
            "id": "filter12",
            "len": 14,
            "nsites": 14,
            "evalue": "1.0e+000",
            "pwm": [
              [0.488049, 0.0744612, 0.342573, 0.0949171], 
              [0.12678, 0.481149, 0.0495319, 0.342539], 
              [0.14495, 0.297163, 0.34939, 0.208496], 
              [0.617475, 0.142667, 0.235801, 0.00405674], 
              [0.224482, 0.290312, 0.31305, 0.172156], 
              [0.0562837, 0.719745, 0.222199, 0.00177305], 
              [0.199461, 0.681121, 0.00634043, 0.113078], 
              [0.694793, 0.0903493, 0.201765, 0.0130933], 
              [0.622043, 0.0130922, 0.0109078, 0.353957], 
              [0.00177305, 0.0426809, 0.00177305, 0.953773], 
              [0.00177305, 0.0631348, 0.569816, 0.365277], 
              [0.358489, 0.00633997, 0.633398, 0.00177305], 
              [0.0698865, 0.00177305, 0.510738, 0.417603], 
              [0.192591, 0.126768, 0.301701, 0.378941]
            ]
          }, {
            "db": 0,
            "id": "filter120",
            "len": 14,
            "nsites": 14,
            "evalue": "1.0e+000",
            "pwm": [
              [0.116752, 0.256553, 0.286539, 0.340156], 
              [0.148113, 0.272214, 0.4812, 0.0984726], 
              [0.316656, 0.137616, 0.460344, 0.0853842], 
              [0.526975, 0.0422877, 0.401558, 0.02918], 
              [0.00177305, 0.487801, 0.00306383, 0.507362], 
              [0.00177305, 0.396355, 0.600099, 0.00177305], 
              [0.992099, 0.00435461, 0.00177305, 0.00177305], 
              [0.517839, 0.229072, 0.174258, 0.0788304], 
              [0.00177305, 0.00177305, 0.00177305, 0.994681], 
              [0.0396983, 0.858765, 0.0997633, 0.00177305], 
              [0.887546, 0.0109078, 0.099773, 0.00177305], 
              [0.0148794, 0.389801, 0.460298, 0.135021], 
              [0.219915, 0.307489, 0.337574, 0.135021], 
              [0.167688, 0.174241, 0.351872, 0.306199]
            ]
          }, {
            "db": 0,
            "id": "filter121",
            "len": 20,
            "nsites": 20,
            "evalue": "1.0e+000",
            "pwm": [
              [0.265721, 0.230896, 0.244428, 0.258955], 
              [0.390735, 0.151408, 0.277391, 0.180466], 
              [0.769525, 0.0390509, 0.091384, 0.10004], 
              [0.091384, 0.537011, 0.337429, 0.0341758], 
              [0.17758, 0.235695, 0.12235, 0.464375], 
              [0.121355, 0.199871, 0.401383, 0.277391], 
              [0.0671144, 0.375274, 0.0254229, 0.532189], 
              [0.00313433, 0.0603483, 0.4101, 0.526418], 
              [0.185305, 0.0545718, 0.655208, 0.104915], 
              [0.718159, 0.0787562, 0.0458209, 0.157264], 
              [0.613582, 0.244428, 0.0157711, 0.126219], 
              [0.560305, 0.0806547, 0.0738879, 0.285153], 
              [0.0061194, 0.31806, 0.421741, 0.25408], 
              [0.589362, 0.217285, 0.173699, 0.0196536], 
              [0.287015, 0.227015, 0.384925, 0.101045], 
              [0.153383, 0.184328, 0.00223881, 0.66005], 
              [0.659055, 0.157264, 0.0942786, 0.089403], 
              [0.190199, 0.517662, 0.199851, 0.0922886], 
              [0.0729779, 0.481793, 0.202716, 0.242513], 
              [0.219254, 0.282239, 0.285124, 0.213383]
            ]
          }, {
            "db": 0,
            "id": "filter122",
            "len": 15,
            "nsites": 15,
            "evalue": "1.0e+000",
            "pwm": [
              [0.278637, 0.278637, 0.239097, 0.203629], 
              [0.25, 0.273245, 0.239073, 0.237682], 
              [0.101281, 0.20498, 0.447836, 0.245903], 
              [0.00165563, 0.641589, 0.116291, 0.240464], 
              [0.0248983, 0.705691, 0.00304622, 0.266364], 
              [0.00304636, 0.993642, 0.00165563, 0.00165563], 
              [0.00165563, 0.985497, 0.00433775, 0.00850993], 
              [0.157219, 0.00165563, 0.539272, 0.301854], 
              [0.00165563, 0.989668, 0.00433802, 0.00433802], 
              [0.00304636, 0.993642, 0.00165563, 0.00165563], 
              [0.00165563, 0.734371, 0.00304636, 0.260927], 
              [0.139437, 0.667517, 0.00304636, 0.19], 
              [0.0794371, 0.525662, 0.11351, 0.281391], 
              [0.232242, 0.2691, 0.263635, 0.235023], 
              [0.263609, 0.256854, 0.241854, 0.237682]
            ]
          }, {
            "db": 0,
            "id": "filter123",
            "len": 20,
            "nsites": 20,
            "evalue": "1.0e+000",
            "pwm": [
              [0.220923, 0.235449, 0.267784, 0.275843], 
              [0.561797, 0.271022, 0.128819, 0.0383619], 
              [0.00124378, 0.419652, 0.243532, 0.335572], 
              [0.416368, 0.00124378, 0.581144, 0.00124378], 
              [0.0335821, 0.0318905, 0.821841, 0.112687], 
              [0.316237, 0.0642226, 0.522983, 0.0965576], 
              [0.346915, 0.479353, 0.104627, 0.0691045], 
              [0.514876, 0.0771642, 0.345323, 0.0626368], 
              [0.251592, 0.269403, 0.422836, 0.0561692], 
              [0.0981689, 0.0173648, 0.847697, 0.0367697], 
              [0.0318936, 0.258085, 0.363071, 0.34695], 
              [0.148209, 0.0351741, 0.461642, 0.354975], 
              [0.235473, 0.00124378, 0.264527, 0.498756], 
              [0.272587, 0.0885075, 0.0642289, 0.574677], 
              [0.206418, 0.287114, 0.0481095, 0.458358], 
              [0.248408, 0.311393, 0.0302985, 0.4099], 
              [0.0820398, 0.377562, 0.0885075, 0.451891], 
              [0.387313, 0.114279, 0.364726, 0.133682], 
              [0.39215, 0.398617, 0.0658144, 0.143419], 
              [0.00771144, 0.734577, 0.0965672, 0.161144]
            ]
          }, {
            "db": 0,
            "id": "filter124",
            "len": 13,
            "nsites": 13,
            "evalue": "1.0e+000",
            "pwm": [
              [0.258409, 0.246502, 0.242136, 0.252952], 
              [0.24216, 0.158802, 0.375237, 0.223802], 
              [0.399053, 0.202069, 0.383969, 0.0149084], 
              [0.0019084, 0.0019084, 0.0019084, 0.994275], 
              [0.0019084, 0.0019084, 0.993183, 0.003], 
              [0.994275, 0.0019084, 0.0019084, 0.0019084], 
              [0.003, 0.510496, 0.482412, 0.0040916], 
              [0.0019084, 0.0019084, 0.0019084, 0.994275], 
              [0.00627481, 0.989908, 0.0019084, 0.0019084], 
              [0.994275, 0.0019084, 0.0019084, 0.0019084], 
              [0.003, 0.347153, 0.226977, 0.42287], 
              [0.213998, 0.339545, 0.192363, 0.254094], 
              [0.245435, 0.230252, 0.282153, 0.24216]
            ]
          }, {
            "db": 0,
            "id": "filter125",
            "len": 20,
            "nsites": 20,
            "evalue": "1.0e+000",
            "pwm": [
              [0.257164, 0.262836, 0.218557, 0.261443], 
              [0.0612498, 0.402975, 0.342969, 0.192805], 
              [0.125622, 0.284328, 0.148507, 0.441542], 
              [0.0598507, 0.0212438, 0.118458, 0.800448], 
              [0.10414, 0.105632, 0.192805, 0.597423], 
              [0.281443, 0.21, 0.277164, 0.231393], 
              [0.0526866, 0.551692, 0.128507, 0.267114], 
              [0.0169652, 0.601642, 0.162836, 0.218557], 
              [0.0741791, 0.477264, 0.0212438, 0.427313], 
              [0.187114, 0.255672, 0.00552239, 0.551692], 
              [0.594577, 0.00124378, 0.154179, 0.25], 
              [0.641741, 0.0912935, 0.148507, 0.118458], 
              [0.251393, 0.28005, 0.425821, 0.0427363], 
              [0.658856, 0.0441294, 0.281443, 0.0155721], 
              [0.234279, 0.67607, 0.0641294, 0.0255224], 
              [0.201363, 0.134192, 0.00980185, 0.654642], 
              [0.328574, 0.244304, 0.0970551, 0.330067], 
              [0.25, 0.0526866, 0.653184, 0.0441294], 
              [0.357264, 0.0741791, 0.251393, 0.317164], 
              [0.151393, 0.534478, 0.0183582, 0.295771]
            ]
          }, {
            "db": 0,
            "id": "filter126",
            "len": 17,
            "nsites": 17,
            "evalue": "1.0e+000",
            "pwm": [
              [0.285264, 0.191724, 0.239239, 0.283773], 
              [0.197807, 0.208544, 0.12424, 0.469409], 
              [0.10883, 0.0966023, 0.210135, 0.584433], 
              [0.0244292, 0.144137, 0.115006, 0.716428], 
              [0.0198538, 0.963404, 0.00146199, 0.0152807], 
              [0.00295337, 0.421832, 0.00146199, 0.573753], 
              [0.934275, 0.0229357, 0.0136901, 0.0290994], 
              [0.161023, 0.00146199, 0.174842, 0.662673], 
              [0.510766, 0.00146199, 0.248509, 0.239263], 
              [0.616705, 0.00454417, 0.00295337, 0.375798], 
              [0.911211, 0.00146199, 0.00146199, 0.0858655], 
              [0.065883, 0.00454386, 0.0167719, 0.912801], 
              [0.62738, 0.0398363, 0.294538, 0.0382456], 
              [0.102756, 0.042914, 0.777718, 0.0766124], 
              [0.282182, 0.210114, 0.191724, 0.31598], 
              [0.274528, 0.366578, 0.159516, 0.199378], 
              [0.463246, 0.151778, 0.259246, 0.125731]
            ]
          }, {
            "db": 0,
            "id": "filter127",
            "len": 12,
            "nsites": 12,
            "evalue": "1.0e+000",
            "pwm": [
              [0.202992, 0.358595, 0.217074, 0.221339], 
              [0.5567, 0.0628656, 0.292079, 0.0883557], 
              [0.00206612, 0.692482, 0.0147616, 0.29069], 
              [0.00206612, 0.00206612, 0.00206612, 0.993802], 
