<!DOCTYPE HTML>
<html>
  <head>
    <meta charset="UTF-8">
    <title>Tomtom Results</title>
    <script>
      // @JSON_VAR data
      var data = {
        "program": "Tomtom",
        "version": "5.3.3",
        "release": "Sun Feb 7 15:39:52 2021 -0800",
        "cmd": [
          "tomtom", "-evalue", "-thresh", "0.1", "-o",
          "results/filters/model-064/trial-1",
          "motifs/filters/model-064/trial-1.txt", "./motif_database.txt"
        ],
        "options": {
          "strands": "both",
          "distance_measure": "ed",
          "threshold_type": "evalue",
          "threshold_value": 0.1,
          "background_source": "--query--"
        },
        "alphabet": {
          "name": "DNA",
          "like": "dna",
          "ncore": 4,
          "symbols": [
            {
              "symbol": "A",
              "name": "Adenine",
              "colour": "CC0000",
              "complement": "T"
            }, {
              "symbol": "C",
              "name": "Cytosine",
              "colour": "0000CC",
              "complement": "G"
            }, {
              "symbol": "G",
              "name": "Guanine",
              "colour": "FFB300",
              "complement": "C"
            }, {
              "symbol": "T",
              "aliases": "U",
              "name": "Thymine",
              "colour": "008000",
              "complement": "A"
            }, {
              "symbol": "N",
              "aliases": "X.",
              "name": "Any base",
              "equals": "ACGT"
            }, {
              "symbol": "V",
              "name": "Not T",
              "equals": "ACG"
            }, {
              "symbol": "H",
              "name": "Not G",
              "equals": "ACT"
            }, {
              "symbol": "D",
              "name": "Not C",
              "equals": "AGT"
            }, {
              "symbol": "B",
              "name": "Not A",
              "equals": "CGT"
            }, {
              "symbol": "M",
              "name": "Amino",
              "equals": "AC"
            }, {
              "symbol": "R",
              "name": "Purine",
              "equals": "AG"
            }, {
              "symbol": "W",
              "name": "Weak",
              "equals": "AT"
            }, {
              "symbol": "S",
              "name": "Strong",
              "equals": "CG"
            }, {
              "symbol": "Y",
              "name": "Pyrimidine",
              "equals": "CT"
            }, {
              "symbol": "K",
              "name": "Keto",
              "equals": "GT"
            }
          ]
        },
        "background": [0.25, 0.25, 0.25, 0.25],
        "query_dbs": [
          {
            "source": "motifs/filters/model-064/trial-1.txt",
            "name": "trial-1.txt",
            "loaded": 64,
            "excluded": 0,
            "last_modified": "Mon Mar 29 21:11:58 2021"
          }
        ],
        "target_dbs": [
          {
            "source": "./motif_database.txt",
            "name": "motif_database.txt",
            "loaded": 1964,
            "excluded": 0,
            "last_modified": "Mon Mar 29 09:53:08 2021"
          }
        ],
        "queries": [
          {
            "db": 0,
            "id": "filter0",
            "len": 12,
            "nsites": 12,
            "evalue": "1.0e+000",
            "pwm": [
              [0.232545, 0.149934, 0.239091, 0.37843], 
              [0.194581, 0.245661, 0.144196, 0.415562], 
              [0.364582, 0.123368, 0.416653, 0.0953978], 
              [0.00206612, 0.702033, 0.00226446, 0.293636], 
              [0.24514, 0.00613223, 0.669702, 0.0790248], 
              [0.0235868, 0.23443, 0.00206612, 0.739917], 
              [0.573603, 0.0137686, 0.215587, 0.197041], 
              [0.695884, 0.0515537, 0.219256, 0.0333058], 
              [0.0537355, 0.214298, 0.0544298, 0.677537], 
              [0.244446, 0.220545, 0.317934, 0.217074], 
              [0.252901, 0.265101, 0.253199, 0.2288], 
              [0.235818, 0.227587, 0.227289, 0.309306]
            ]
          }, {
            "db": 0,
            "id": "filter1",
            "len": 9,
            "nsites": 9,
            "evalue": "1.0e+000",
            "pwm": [
              [0.257121, 0.176516, 0.370462, 0.195901], 
              [0.458286, 0.199363, 0.278484, 0.0638681], 
              [0.30575, 0.204881, 0.264413, 0.224956], 
              [0.00828516, 0.0228222, 0.00274725, 0.966145], 
              [0.00284615, 0.645011, 0.324571, 0.0275714], 
              [0.487809, 0.00314282, 0.506005, 0.00304393], 
              [0.378633, 0.200035, 0.112813, 0.308519], 
              [0.00551621, 0.34501, 0.180455, 0.469019], 
              [0.296088, 0.268198, 0.182648, 0.253066]
            ]
          }, {
            "db": 0,
            "id": "filter10",
            "len": 11,
            "nsites": 11,
            "evalue": "1.0e+000",
            "pwm": [
              [0.181144, 0.412861, 0.178666, 0.227329], 
              [0.353523, 0.122844, 0.248687, 0.274946], 
              [0.257928, 0.242072, 0.216405, 0.283595], 
              [0.439026, 0.00463087, 0.554091, 0.00225225], 
              [0.00651351, 0.345532, 0.00225225, 0.645703], 
              [0.363829, 0.621659, 0.00225225, 0.0122603], 
              [0.579447, 0.0027477, 0.262659, 0.155147], 
              [0.442153, 0.0133514, 0.52173, 0.0227658], 
              [0.00225225, 0.463856, 0.271108, 0.262784], 
              [0.391552, 0.242393, 0.083819, 0.282235], 
              [0.172802, 0.299847, 0.093027, 0.434324]
            ]
          }, {
            "db": 0,
            "id": "filter11",
            "len": 11,
            "nsites": 11,
            "evalue": "1.0e+000",
            "pwm": [
              [0.192126, 0.264568, 0.263378, 0.279928], 
              [0.356171, 0.150321, 0.310779, 0.18273], 
              [0.225401, 0.296944, 0.405248, 0.0724074], 
              [0.00700853, 0.276729, 0.71401, 0.00225225], 
              [0.945874, 0.00225225, 0.0496216, 0.00225225], 
              [0.411036, 0.515784, 0.00225225, 0.0709279], 
              [0.11691, 0.193613, 0.684153, 0.00532432], 
              [0.0784595, 0.113441, 0.21918, 0.588919], 
              [0.116502, 0.0557604, 0.809235, 0.0185029], 
              [0.287261, 0.270315, 0.301333, 0.14109], 
              [0.231941, 0.317455, 0.172487, 0.278117]
            ]
          }, {
            "db": 0,
            "id": "filter12",
            "len": 14,
            "nsites": 14,
            "evalue": "1.0e+000",
            "pwm": [
              [0.257943, 0.186255, 0.121716, 0.434085], 
              [0.174936, 0.25, 0.462979, 0.112085], 
              [0.40261, 0.276411, 0.206411, 0.114567], 
              [0.00256738, 0.0134894, 0.019844, 0.964099], 
              [0.00217021, 0.00177305, 0.197177, 0.798879], 
              [0.404655, 0.47852, 0.113762, 0.0030637], 
              [0.173231, 0.689392, 0.089438, 0.0479386], 
              [0.0738654, 0.0399045, 0.616941, 0.269289], 
              [0.0294752, 0.699092, 0.210582, 0.0608511], 
              [0.606791, 0.0030637, 0.256726, 0.133419], 
              [0.649611, 0.16403, 0.0604598, 0.125899], 
              [0.544343, 0.127165, 0.0256997, 0.302793], 
              [0.33218, 0.142653, 0.170352, 0.354816], 
              [0.228652, 0.244142, 0.122511, 0.404695]
            ]
          }, {
            "db": 0,
            "id": "filter13",
            "len": 12,
            "nsites": 12,
            "evalue": "1.0e+000",
            "pwm": [
              [0.213008, 0.453306, 0.165107, 0.168579], 
              [0.366231, 0.104711, 0.358496, 0.170562], 
              [0.106496, 0.173835, 0.226595, 0.493074], 
              [0.556347, 0.204876, 0.230562, 0.00821488], 
              [0.232721, 0.0580936, 0.290037, 0.419148], 
              [0.137722, 0.130086, 0.729431, 0.00276026], 
              [0.482811, 0.3537, 0.106684, 0.0568044], 
              [0.0154545, 0.192182, 0.781074, 0.0112893], 
              [0.00930579, 0.091124, 0.806066, 0.0935041], 
              [0.0889335, 0.503834, 0.119377, 0.287856], 
              [0.272116, 0.140116, 0.560116, 0.0276529], 
              [0.0952893, 0.39876, 0.432281, 0.0736694]
            ]
          }, {
            "db": 0,
            "id": "filter14",
            "len": 12,
            "nsites": 12,
            "evalue": "1.0e+000",
            "pwm": [
              [0.241892, 0.297534, 0.242685, 0.217889], 
              [0.240579, 0.226496, 0.34719, 0.185736], 
              [0.202496, 0.245636, 0.403917, 0.14795], 
              [0.596512, 0.00395041, 0.0558182, 0.343719], 
              [0.00206612, 0.0725785, 0.0514545, 0.873901], 
              [0.00206612, 0.597603, 0.00236364, 0.397967], 
              [0.520347, 0.0833884, 0.394198, 0.00206612], 
              [0.992215, 0.00206612, 0.00365289, 0.00206612], 
              [0.183256, 0.00206612, 0.00395041, 0.810727], 
              [0.167603, 0.408818, 0.242189, 0.18139], 
              [0.230837, 0.302929, 0.256718, 0.209516], 
              [0.226771, 0.262172, 0.280518, 0.230539]
            ]
          }, {
            "db": 0,
            "id": "filter15",
            "len": 10,
            "nsites": 10,
            "evalue": "1.0e+000",
            "pwm": [
              [0.413564, 0.0165347, 0.415941, 0.15396], 
              [0.478416, 0.166139, 0.291881, 0.0635644], 
              [0.245347, 0.0682178, 0.0943564, 0.592079], 
              [0.00257426, 0.661584, 0.333366, 0.00247525], 
              [0.554851, 0.0286139, 0.00475248, 0.411782], 
              [0.202574, 0.319208, 0.471089, 0.00712871], 
              [0.371052, 0.0944462, 0.00910825, 0.525393], 
              [0.0793069, 0.290099, 0.260594, 0.37], 
              [0.228393, 0.345906, 0.12078, 0.30492], 
              [0.287256, 0.100703, 0.387959, 0.224082]
            ]
          }, {
            "db": 0,
            "id": "filter16",
            "len": 10,
            "nsites": 10,
            "evalue": "1.0e+000",
            "pwm": [
              [0.318713, 0.232475, 0.276832, 0.17198], 
              [0.151965, 0.314028, 0.483219, 0.0507872], 
              [0.346104, 0.0279182, 0.284724, 0.341253], 
              [0.040198, 0.797426, 0.00247525, 0.159901], 
              [0.120891, 0.573861, 0.215743, 0.089505], 
              [0.02119, 0.510051, 0.0774332, 0.391326], 
              [0.0945452, 0.0491042, 0.853083, 0.00326725], 
              [0.186238, 0.232079, 0.25495, 0.326733], 
              [0.329472, 0.278982, 0.250074, 0.141471], 
              [0.313762, 0.335446, 0.128911, 0.221881]
            ]
          }, {
            "db": 0,
            "id": "filter17",
            "len": 12,
            "nsites": 12,
            "evalue": "1.0e+000",
            "pwm": [
              [0.499273, 0.010495, 0.230142, 0.26009], 
              [0.0817025, 0.256744, 0.187917, 0.473636], 
              [0.145953, 0.272585, 0.0797112, 0.501752], 
              [0.0642479, 0.891256, 0.00206612, 0.0424298], 
              [0.0919174, 0.646793, 0.00910744, 0.252182], 
              [0.0651468, 0.773019, 0.0723872, 0.0894468], 
              [0.102341, 0.0288457, 0.787103, 0.0817104], 
              [0.0238843, 0.0589917, 0.666529, 0.250595], 
              [0.46005, 0.00206612, 0.379719, 0.158165], 
              [0.485636, 0.184545, 0.212711, 0.117107], 
              [0.349074, 0.175223, 0.218066, 0.257636], 
              [0.248711, 0.249008, 0.224215, 0.278066]
            ]
          }, {
            "db": 0,
            "id": "filter18",
            "len": 14,
            "nsites": 14,
            "evalue": "1.0e+000",
            "pwm": [
              [0.22627, 0.265092, 0.314043, 0.194596], 
              [0.214851, 0.210681, 0.323773, 0.250695], 
              [0.434284, 0.16461, 0.372723, 0.028383], 
              [0.0460567, 0.0233191, 0.176426, 0.754199], 
              [0.0156751, 0.00217025, 0.260849, 0.721306], 
              [0.247816, 0.00177305, 0.538936, 0.211475], 
              [0.00256738, 0.682014, 0.259631, 0.0557872], 
              [0.0722695, 0.0979858, 0.79044, 0.039305], 
              [0.137616, 0.559644, 0.0672122, 0.235527], 
              [0.731362, 0.0119007, 0.229248, 0.0274894], 
              [0.263828, 0.00217025, 0.711575, 0.0224276], 
              [0.22627, 0.110596, 0.441929, 0.221206], 
              [0.443573, 0.106018, 0.389961, 0.060448], 
              [0.299248, 0.200553, 0.395064, 0.105135]
            ]
          }, {
            "db": 0,
            "id": "filter19",
            "len": 14,
            "nsites": 14,
            "evalue": "1.0e+000",
            "pwm": [
              [0.201745, 0.197475, 0.208596, 0.392184], 
              [0.577858, 0.116255, 0.164312, 0.141574], 
              [0.25973, 0.355745, 0.211773, 0.172752], 
              [0.126284, 0.00495035, 0.0692908, 0.799475], 
              [0.272413, 0.0265933, 0.112074, 0.58892], 
              [0.148937, 0.527272, 0.303051, 0.0207395], 
              [0.00753249, 0.759934, 0.00177305, 0.23076], 
              [0.365773, 0.00177305, 0.596922, 0.0355319], 
              [0.011305, 0.104638, 0.865404, 0.0186525], 
              [0.768894, 0.0708794, 0.0165674, 0.14366], 
              [0.687078, 0.096695, 0.12261, 0.093617], 
              [0.0260024, 0.242379, 0.508802, 0.222816], 
              [0.138979, 0.375268, 0.100955, 0.384799], 
              [0.19966, 0.231234, 0.390099, 0.179007]
            ]
          }, {
            "db": 0,
            "id": "filter2",
            "len": 10,
            "nsites": 10,
            "evalue": "1.0e+000",
            "pwm": [
              [0.140495, 0.128515, 0.191188, 0.539802], 
              [0.257103, 0.239778, 0.251559, 0.251559], 
              [0.427185, 0.223146, 0.347193, 0.00247525], 
              [0.0129703, 0.863069, 0.00544554, 0.118515], 
              [0.15396, 0.039901, 0.631287, 0.174851], 
              [0.0548515, 0.25495, 0.591881, 0.0983168], 
              [0.656105, 0.00247525, 0.337954, 0.00346545], 
              [0.00247525, 0.315513, 0.297891, 0.38412], 
              [0.276931, 0.191485, 0.315149, 0.216436], 
              [0.382079, 0.168119, 0.215743, 0.234059]
            ]
          }, {
            "db": 0,
            "id": "filter20",
            "len": 13,
            "nsites": 13,
            "evalue": "1.0e+000",
            "pwm": [
              [0.22916, 0.132107, 0.387244, 0.251489], 
              [0.164458, 0.328, 0.370176, 0.137366], 
              [0.201751, 0.499729, 0.0842666, 0.214254], 
              [0.0957863, 0.55426, 0.332267, 0.017687], 
              [0.141336, 0.356779, 0.0274122, 0.474473], 
              [0.00290076, 0.0332672, 0.653794, 0.310038], 
              [0.851488, 0.133086, 0.0019084, 0.0135179], 
              [0.00994737, 0.880141, 0.020269, 0.0896424], 
              [0.0070687, 0.271634, 0.260718, 0.46058], 
              [0.0514324, 0.556399, 0.375671, 0.0164976], 
              [0.381985, 0.282947, 0.0540076, 0.281061], 
              [0.391253, 0.225809, 0.0495467, 0.333392], 
              [0.203855, 0.358863, 0.214771, 0.222511]
            ]
          }, {
            "db": 0,
            "id": "filter21",
            "len": 9,
            "nsites": 9,
            "evalue": "1.0e+000",
            "pwm": [
              [0.107978, 0.333176, 0.312505, 0.246341], 
              [0.0106593, 0.488648, 0.304692, 0.196], 
              [0.217857, 0.00274725, 0.329121, 0.450275], 
              [0.0365714, 0.163659, 0.00304396, 0.796725], 
              [0.160099, 0.00274725, 0.804242, 0.0329121], 
              [0.0158035, 0.340034, 0.00304399, 0.641119], 
              [0.316857, 0.228637, 0.382923, 0.0715824], 
              [0.386126, 0.238353, 0.0346955, 0.340825], 
              [0.185418, 0.294802, 0.307066, 0.212714]
            ]
          }, {
            "db": 0,
            "id": "filter22",
            "len": 14,
            "nsites": 14,
            "evalue": "1.0e+000",
            "pwm": [
              [0.149319, 0.351574, 0.23044, 0.268667], 
              [0.239674, 0.425546, 0.158553, 0.176227], 
              [0.0625329, 0.384799, 0.17204, 0.380629], 
              [0.136709, 0.661064, 0.198071, 0.00415603], 
              [0.0307689, 0.480005, 0.199282, 0.289944], 
              [0.135518, 0.0134894, 0.84922, 0.00177305], 
              [0.00177305, 0.146638, 0.783688, 0.0679007], 
              [0.084383, 0.0242128, 0.494355, 0.39705], 
              [0.412043, 0.324071, 0.00177305, 0.262113], 
              [0.267773, 0.140582, 0.532681, 0.0589645], 
              [0.108908, 0.249504, 0.584113, 0.0574752], 
              [0.409957, 0.0206383, 0.486213, 0.0831915], 
              [0.268667, 0.21217, 0.503887, 0.0152766], 
              [0.238184, 0.488099, 0.138496, 0.13522]
            ]
          }, {
            "db": 0,
            "id": "filter23",
            "len": 15,
            "nsites": 15,
            "evalue": "1.0e+000",
            "pwm": [
              [0.200331, 0.25745, 0.25, 0.292219], 
              [0.140728, 0.168046, 0.399007, 0.292219], 
              [0.0165563, 0.428808, 0.274834, 0.279801], 
              [0.0538079, 0.68957, 0.110927, 0.145695], 
              [0.719371, 0.0115894, 0.235099, 0.0339404], 
              [0.00165563, 0.915563, 0.0115894, 0.0711921], 
              [0.00165563, 0.00165563, 0.00165563, 0.995033], 
              [0.00165563, 0.00165563, 0.00165563, 0.995033], 
              [0.00165563, 0.977649, 0.00165563, 0.0190397], 
              [0.0264901, 0.962748, 0.00910596, 0.00165563], 
              [0.00165563, 0.00413907, 0.833609, 0.160596], 
              [0.00165563, 0.269868, 0.647351, 0.0811258], 
              [0.202815, 0.222682, 0.252483, 0.32202], 
              [0.192881, 0.220199, 0.312086, 0.274834], 
              [0.247517, 0.24255, 0.197848, 0.312086]
            ]
          }, {
            "db": 0,
            "id": "filter24",
            "len": 14,
            "nsites": 14,
            "evalue": "1.0e+000",
            "pwm": [
              [0.323344, 0.234388, 0.169756, 0.272512], 
              [0.37322, 0.276709, 0.16322, 0.186851], 
              [0.336218, 0.161051, 0.364022, 0.138709], 
              [0.084383, 0.67695, 0.148922, 0.0897447], 
              [0.0632402, 0.170386, 0.0558919, 0.710482], 
              [0.177518, 0.0978865, 0.408369, 0.316227], 
              [0.257348, 0.721433, 0.0194468, 0.00177305], 
              [0.00177305, 0.706808, 0.00773109, 0.283688], 
              [0.342539, 0.0784255, 0.210681, 0.368355], 
              [0.274525, 0.135418, 0.524638, 0.0654184], 
              [0.00177305, 0.0253026, 0.68423, 0.288695], 
              [0.231356, 0.497681, 0.0278891, 0.243074], 
              [0.395163, 0.32973, 0.100369, 0.174738], 
              [0.15339, 0.340355, 0.354851, 0.151404]
            ]
          }, {
            "db": 0,
            "id": "filter25",
            "len": 7,
            "nsites": 7,
            "evalue": "1.0e+000",
            "pwm": [
              [0.291803, 0.414254, 0.178225, 0.115718], 
              [0.100437, 0.044338, 0.517676, 0.337549], 
              [0.362197, 0.326113, 0.00391549, 0.307775], 
              [0.0194946, 0.0512442, 0.913415, 0.0158463], 
              [0.190845, 0.163141, 0.48869, 0.157324], 
              [0.139972, 0.332423, 0.396211, 0.131394], 
              [0.212831, 0.353127, 0.204155, 0.229887]
            ]
          }, {
            "db": 0,
            "id": "filter26",
            "len": 13,
            "nsites": 13,
            "evalue": "1.0e+000",
            "pwm": [
              [0.21509, 0.413682, 0.138372, 0.232855], 
              [0.127046, 0.238588, 0.220229, 0.414137], 
              [0.222589, 0.117011, 0.586354, 0.0740462], 
              [0.362931, 0.525679, 0.0170916, 0.0942977], 
              [0.105919, 0.0760456, 0.164375, 0.653661], 
              [0.0572824, 0.0271145, 0.443809, 0.471794], 
              [0.504492, 0.477701, 0.0130218, 0.00478597], 
              [0.370374, 0.242954, 0.301901, 0.084771], 
              [0.0287023, 0.00369466, 0.874298, 0.0933053], 
              [0.215366, 0.627595, 0.0544046, 0.102634], 
              [0.560356, 0.0572769, 0.202247, 0.18012], 
              [0.0600611, 0.0822901, 0.536992, 0.320656], 
              [0.130122, 0.431702, 0.0279084, 0.410267]
            ]
          }, {
            "db": 0,
            "id": "filter27",
            "len": 12,
            "nsites": 12,
            "evalue": "1.0e+000",
            "pwm": [
              [0.260116, 0.276678, 0.264182, 0.199025], 
              [0.289868, 0.235025, 0.250198, 0.224909], 
              [0.235842, 0.301997, 0.226915, 0.235246], 
              [0.474978, 0.0081151, 0.494909, 0.021998], 
              [0.39632, 0.245958, 0.161652, 0.196069], 
              [0.381008, 0.383587, 0.233339, 0.00206612], 
              [0.00206612, 0.324512, 0.451466, 0.221956], 
              [0.448446, 0.0624628, 0.472446, 0.0166446], 
              [0.00206612, 0.423851, 0.0778347, 0.496248], 
              [0.0353884, 0.17076, 0.402529, 0.391322], 
              [0.0493766, 0.258455, 0.331355, 0.360813], 
              [0.182562, 0.281736, 0.286, 0.249702]
            ]
          }, {
            "db": 0,
            "id": "filter28",
            "len": 15,
            "nsites": 15,
            "evalue": "1.0e+000",
            "pwm": [
              [0.212252, 0.315464, 0.243046, 0.229238], 
              [0.241755, 0.0972185, 0.346854, 0.314172], 
              [0.187895, 0.449425, 0.0875742, 0.275105], 
              [0.12702, 0.0539073, 0.0737748, 0.745298], 
              [0.421854, 0.202616, 0.236987, 0.138543], 
              [0.318642, 0.0491391, 0.111325, 0.520894], 
              [0.145894, 0.148179, 0.443013, 0.262914], 
              [0.0410927, 0.880298, 0.024106, 0.0545033], 
              [0.258072, 0.105474, 0.00741779, 0.629036], 
              [0.0814318, 0.148492, 0.345597, 0.424479], 
              [0.910786, 0.00324519, 0.0840149, 0.00195367], 
              [0.0163576, 0.0465563, 0.449768, 0.487318], 
              [0.365467, 0.444051, 0.0244062, 0.166076], 
              [0.352651, 0.068616, 0.352651, 0.226082], 
              [0.140742, 0.215452, 0.456569, 0.187237]
            ]
          }, {
            "db": 0,
            "id": "filter29",
            "len": 9,
            "nsites": 9,
            "evalue": "1.0e+000",
            "pwm": [
              [0.237341, 0.263747, 0.214593, 0.284319], 
              [0.207374, 0.247626, 0.332978, 0.212022], 
              [0.268297, 0.0838462, 0.332088, 0.315769], 
              [0.0233187, 0.971187, 0.00274725, 0.00274725], 
              [0.497005, 0.00423092, 0.256355, 0.242409], 
              [0.0119441, 0.00274725, 0.907305, 0.0780035], 
              [0.22656, 0.426835, 0.00601099, 0.340593], 
              [0.264736, 0.231209, 0.226758, 0.277297], 
              [0.242756, 0.257689, 0.263128, 0.236427]
            ]
          }, {
            "db": 0,
            "id": "filter3",
            "len": 11,
            "nsites": 11,
            "evalue": "1.0e+000",
            "pwm": [
              [0.113243, 0.158036, 0.180631, 0.54809], 
              [0.130982, 0.203126, 0.220766, 0.445126], 
              [0.0336667, 0.481793, 0.220865, 0.263676], 
              [0.00433333, 0.951324, 0.00225225, 0.0420901], 
              [0.32373, 0.19609, 0.174486, 0.305694], 
              [0.121468, 0.41391, 0.440865, 0.0237568], 
              [0.00225225, 0.739649, 0.25218, 0.00591892], 
              [0.494081, 0.17518, 0.328486, 0.00225225], 
              [0.661261, 0.0623063, 0.178748, 0.0976847], 
              [0.389135, 0.29945, 0.00245045, 0.308964], 
              [0.269523, 0.226514, 0.352568, 0.151396]
            ]
          }, {
            "db": 0,
            "id": "filter30",
            "len": 12,
            "nsites": 12,
            "evalue": "1.0e+000",
            "pwm": [
              [0.282557, 0.297534, 0.25915, 0.16076], 
              [0.310397, 0.101934, 0.309802, 0.277868], 
              [0.0804132, 0.273008, 0.217174, 0.429405], 
              [0.0120836, 0.922092, 0.00672774, 0.0590966], 
              [0.212789, 0.175305, 0.393564, 0.218342], 
              [0.289839, 0.0026611, 0.704145, 0.00335524], 
              [0.54231, 0.249479, 0.0026611, 0.20555], 
              [0.207653, 0.18881, 0.00206612, 0.601471], 
              [0.0247769, 0.0267603, 0.93043, 0.0180331], 
              [0.18542, 0.114518, 0.500661, 0.199402], 
              [0.253074, 0.173537, 0.33638, 0.237008], 
              [0.179587, 0.344314, 0.15876, 0.317339]
            ]
          }, {
            "db": 0,
            "id": "filter31",
            "len": 12,
            "nsites": 12,
            "evalue": "1.0e+000",
            "pwm": [
              [0.226893, 0.247223, 0.315058, 0.210826], 
              [0.352645, 0.204678, 0.211421, 0.231256], 
              [0.449736, 0.191785, 0.126033, 0.232446], 
              [0.116116, 0.0515537, 0.022, 0.810331], 
              [0.0251712, 0.00791677, 0.0184281, 0.948484], 
              [0.697541, 0.193589, 0.00355387, 0.105316], 
              [0.727692, 0.105019, 0.0329122, 0.134377], 
              [0.563686, 0.240083, 0.19, 0.0062314], 
              [0.0693982, 0.00355357, 0.608749, 0.318299], 
              [0.296285, 0.166182, 0.275857, 0.261677], 
              [0.182246, 0.332479, 0.182841, 0.302433], 
              [0.362697, 0.193887, 0.199144, 0.244272]
            ]
          }, {
            "db": 0,
            "id": "filter32",
            "len": 10,
            "nsites": 10,
            "evalue": "1.0e+000",
            "pwm": [
              [0.280891, 0.196733, 0.264257, 0.258119], 
              [0.306634, 0.150693, 0.248416, 0.294257], 
              [0.208713, 0.284455, 0.152178, 0.354653], 
              [0.0519802, 0.00267327, 0.0129703, 0.932376], 
              [0.550297, 0.361683, 0.00316832, 0.0848515], 
              [0.324554, 0.00257426, 0.670396, 0.00247525], 
              [0.913854, 0.0157439, 0.03129, 0.0391126], 
              [0.42321, 0.0905039, 0.299634, 0.186652], 
              [0.19604, 0.39297, 0.185941, 0.22505], 
              [0.263762, 0.260792, 0.137327, 0.338119]
            ]
          }, {
            "db": 0,
            "id": "filter33",
            "len": 11,
            "nsites": 11,
            "evalue": "1.0e+000",
            "pwm": [
              [0.199459, 0.316396, 0.370703, 0.113441], 
              [0.203324, 0.180135, 0.390027, 0.226514], 
              [0.217297, 0.0741982, 0.40945, 0.299054], 
              [0.188676, 0.00225225, 0.659741, 0.14933], 
              [0.113937, 0.320559, 0.563252, 0.00225225], 
              [0.0392162, 0.906432, 0.00225225, 0.0520991], 
              [0.353856, 0.0273243, 0.292018, 0.326802], 
              [0.174702, 0.00235136, 0.679365, 0.143582], 
              [0.128604, 0.154568, 0.492991, 0.223838], 
              [0.329477, 0.25664, 0.181324, 0.232559], 
              [0.390979, 0.36264, 0.0676511, 0.17873]
            ]
          }, {
            "db": 0,
            "id": "filter34",
            "len": 11,
            "nsites": 11,
            "evalue": "1.0e+000",
            "pwm": [
              [0.0978733, 0.31369, 0.286836, 0.301601], 
              [0.0902611, 0.168458, 0.366379, 0.374902], 
              [0.30173, 0.0732072, 0.284387, 0.340676], 
              [0.212264, 0.747552, 0.0378324, 0.00235136], 
              [0.0246486, 0.393099, 0.00354054, 0.578712], 
              [0.166261, 0.545514, 0.0165225, 0.271703], 
              [0.633712, 0.00601802, 0.312234, 0.048036], 
              [0.00235136, 0.0166231, 0.698592, 0.282433], 
              [0.515486, 0.387946, 0.0198919, 0.0766757], 
              [0.672459, 0.119685, 0.149414, 0.0584414], 
              [0.301997, 0.291196, 0.260181, 0.146625]
            ]
          }, {
            "db": 0,
            "id": "filter35",
            "len": 14,
            "nsites": 14,
            "evalue": "1.0e+000",
            "pwm": [
              [0.319273, 0.278171, 0.228729, 0.173827], 
              [0.270553, 0.237986, 0.233617, 0.257844], 
              [0.227957, 0.171957, 0.463674, 0.136411], 
              [0.0196454, 0.253674, 0.11834, 0.60834], 
              [0.122697, 0.252457, 0.381919, 0.242926], 
              [0.659773, 0.304113, 0.0206383, 0.0154752], 
              [0.00177305, 0.781702, 0.214553, 0.00197163], 
              [0.441929, 0.00177305, 0.173645, 0.382652], 
              [0.0120983, 0.983363, 0.00226945, 0.00226945], 
              [0.33956, 0.194199, 0.464468, 0.00177305], 
              [0.0022695, 0.295773, 0.018156, 0.683801], 
              [0.188837, 0.278596, 0.347901, 0.184667], 
              [0.0901418, 0.419688, 0.172652, 0.317518], 
              [0.218646, 0.273261, 0.186373, 0.32172]
            ]
          }, {
            "db": 0,
            "id": "filter36",
            "len": 14,
            "nsites": 14,
            "evalue": "1.0e+000",
            "pwm": [
              [0.0830922, 0.587291, 0.162326, 0.167291], 
              [0.155277, 0.423461, 0.299546, 0.121716], 
              [0.403147, 0.167307, 0.188955, 0.240591], 
              [0.0154738, 0.208972, 0.0840769, 0.691477], 
              [0.211951, 0.0051486, 0.00276586, 0.780135], 
              [0.028383, 0.0231206, 0.193305, 0.755191], 
              [0.515404, 0.441135, 0.014383, 0.029078], 
              [0.0723688, 0.434085, 0.0258014, 0.467745], 
              [0.068695, 0.104738, 0.440738, 0.38583], 
              [0.016766, 0.016766, 0.940071, 0.0263972], 
              [0.00614184, 0.0531064, 0.719844, 0.220908], 
              [0.373518, 0.321489, 0.0856738, 0.219319], 
              [0.571007, 0.098383, 0.0773333, 0.253277], 
              [0.260922, 0.231234, 0.236596, 0.271248]
            ]
          }, {
            "db": 0,
            "id": "filter37",
            "len": 10,
            "nsites": 10,
            "evalue": "1.0e+000",
            "pwm": [
              [0.314554, 0.372772, 0.285347, 0.0273267], 
              [0.156816, 0.275517, 0.272349, 0.295317], 
              [0.214554, 0.00247525, 0.484851, 0.298119], 
              [0.0823762, 0.37198, 0.534257, 0.0113861], 
              [0.107613, 0.82368, 0.00247525, 0.0662312], 
              [0.00247525, 0.0428713, 0.81901, 0.135644], 
              [0.00960396, 0.297624, 0.515347, 0.177426], 
              [0.547569, 0.181071, 0.267102, 0.00425725], 
              [0.386931, 0.140891, 0.401089, 0.0710891], 
              [0.117711, 0.30294, 0.321354, 0.257994]
            ]
          }, {
            "db": 0,
            "id": "filter38",
            "len": 14,
            "nsites": 14,
            "evalue": "1.0e+000",
            "pwm": [
              [0.376894, 0.268468, 0.0901418, 0.264496], 
              [0.178411, 0.19966, 0.412738, 0.209191], 
              [0.265119, 0.129772, 0.0906472, 0.514463], 
              [0.0364255, 0.829759, 0.124199, 0.00961702], 
              [0.41383, 0.563064, 0.0123972, 0.0107092], 
              [0.110209, 0.0392094, 0.731435, 0.119146], 
              [0.0213333, 0.564752, 0.259532, 0.154383], 
              [0.975121, 0.0179574, 0.00346099, 0.00346099], 
              [0.223688, 0.46695, 0.011305, 0.298057], 
              [0.405986, 0.0247092, 0.447887, 0.121418], 
              [0.0542979, 0.111887, 0.00405674, 0.829759], 
              [0.105234, 0.105234, 0.617277, 0.172255], 
              [0.156071, 0.243248, 0.525631, 0.0750496], 
              [0.166695, 0.302525, 0.224879, 0.305901]
            ]
          }, {
            "db": 0,
            "id": "filter39",
            "len": 12,
            "nsites": 12,
            "evalue": "1.0e+000",
            "pwm": [
              [0.0456077, 0.402569, 0.206285, 0.345538], 
              [0.0781322, 0.314661, 0.186033, 0.421174], 
              [0.400545, 0.200215, 0.221339, 0.177901], 
              [0.0236881, 0.56642, 0.0208118, 0.38908], 
              [0.333901, 0.00206612, 0.401636, 0.262397], 
              [0.00206612, 0.940441, 0.00444652, 0.0530464], 
              [0.451421, 0.505471, 0.0121818, 0.0309256], 
              [0.314364, 0.394793, 0.0605785, 0.230264], 
              [0.0104959, 0.324479, 0.556149, 0.108876], 
              [0.00226444, 0.142878, 0.795574, 0.0592835], 
              [0.293041, 0.235322, 0.286694, 0.184942], 
              [0.276182, 0.31119, 0.232645, 0.179983]
            ]
          }, {
            "db": 0,
            "id": "filter4",
            "len": 17,
            "nsites": 17,
            "evalue": "1.0e+000",
            "pwm": [
              [0.348754, 0.152886, 0.125743, 0.372616], 
              [0.385801, 0.054152, 0.182497, 0.37755], 
              [0.276345, 0.208842, 0.213813, 0.301], 
              [0.157047, 0.0903392, 0.0969006, 0.655713], 
              [0.0647895, 0.0804971, 0.723216, 0.131497], 
              [0.178421, 0.409661, 0.126526, 0.285392], 
              [0.155357, 0.0549474, 0.327345, 0.462351], 
              [0.11917, 0.00146199, 0.785749, 0.0936199], 
              [0.510865, 0.0426199, 0.442567, 0.00394737], 
              [0.00891738, 0.634276, 0.343814, 0.012993], 
              [0.350409, 0.0508713, 0.401409, 0.19731], 
              [0.0993958, 0.615412, 0.0491861, 0.236006], 
              [0.129012, 0.0393392, 0.737234, 0.0944152], 
              [0.0293977, 0.00891813, 0.636825, 0.32486], 
              [0.110112, 0.0327746, 0.811217, 0.0458961], 
              [0.227731, 0.169374, 0.505994, 0.0969006], 
              [0.129807, 0.426164, 0.223655, 0.220374]
            ]
          }, {
            "db": 0,
            "id": "filter40",
            "len": 13,
            "nsites": 13,
            "evalue": "1.0e+000",
            "pwm": [
              [0.383214, 0.204967, 0.265607, 0.146213], 
              [0.230473, 0.242978, 0.193157, 0.333392], 
              [0.104618, 0.173489, 0.28116, 0.440733], 
              [0.252382, 0.0182824, 0.722565, 0.00677099], 
              [0.0236412, 0.622931, 0.308252, 0.0451756], 
              [0.271309, 0.0699779, 0.0262189, 0.632494], 
              [0.0752443, 0.765038, 0.13429, 0.0254275], 
              [0.402626, 0.0816947, 0.0251298, 0.49055], 
              [0.135977, 0.159, 0.276397, 0.428626], 
              [0.0100458, 0.475168, 0.135084, 0.379702], 
              [0.364221, 0.237992, 0.0825878, 0.315198], 
              [0.210128, 0.277814, 0.197126, 0.314932], 
              [0.249578, 0.331936, 0.165533, 0.252952]
            ]
          }, {
            "db": 0,
            "id": "filter41",
            "len": 9,
            "nsites": 9,
            "evalue": "1.0e+000",
            "pwm": [
              [0.28039, 0.333605, 0.324208, 0.0617971], 
              [0.0991855, 0.193744, 0.410063, 0.297007], 
              [0.150703, 0.120044, 0.493297, 0.235956], 
              [0.633044, 0.00274725, 0.325857, 0.0383516], 
              [0.00353846, 0.662615, 0.198374, 0.135473], 
              [0.0427033, 0.00274725, 0.0981868, 0.856363], 
              [0.114308, 0.459967, 0.144374, 0.281352], 
              [0.328495, 0.348471, 0.00274725, 0.320287], 
              [0.0679166, 0.369733, 0.188762, 0.373589]
            ]
          }, {
            "db": 0,
            "id": "filter42",
            "len": 15,
            "nsites": 15,
            "evalue": "1.0e+000",
            "pwm": [
              [0.233884, 0.274509, 0.263782, 0.227825], 
              [0.338973, 0.303513, 0.193259, 0.164255], 
              [0.486177, 0.117075, 0.36003, 0.0367183], 
              [0.113311, 0.0296689, 0.123642, 0.733377], 
              [0.00165563, 0.00165563, 0.0386093, 0.958079], 
              [0.183841, 0.00165563, 0.707252, 0.107252], 
              [0.479669, 0.414205, 0.0493377, 0.0567881], 
              [0.183444, 0.273146, 0.532417, 0.0109934], 
              [0.0913576, 0.42404, 0.00165563, 0.482947], 
              [0.569371, 0.427318, 0.00165563, 0.00165563], 
              [0.991258, 0.00403974, 0.00254967, 0.00215232], 
              [0.00254976, 0.390006, 0.0908698, 0.516575], 
              [0.230132, 0.323113, 0.21851, 0.228245], 
              [0.196457, 0.20351, 0.306325, 0.293709], 
              [0.256284, 0.221313, 0.264232, 0.258171]
            ]
          }, {
            "db": 0,
            "id": "filter43",
            "len": 12,
            "nsites": 12,
            "evalue": "1.0e+000",
            "pwm": [
              [0.610893, 0.15519, 0.0837851, 0.150132], 
              [0.136149, 0.191884, 0.139421, 0.532545], 
              [0.371983, 0.188116, 0.397967, 0.0419339], 
              [0.00861157, 0.0159504, 0.00295868, 0.972479], 
              [0.0800165, 0.253174, 0.644314, 0.0224959], 
              [0.270331, 0.426231, 0.163521, 0.139917], 
              [0.0229896, 0.0127758, 0.414587, 0.549648], 
              [0.00395041, 0.524116, 0.465702, 0.0062314], 
              [0.863884, 0.0206116, 0.0753554, 0.0401488], 
              [0.162148, 0.496793, 0.0327138, 0.308345], 
              [0.358992, 0.0948926, 0.125934, 0.420182], 
              [0.277273, 0.137537, 0.0935041, 0.491686]
            ]
          }, {
            "db": 0,
            "id": "filter44",
            "len": 11,
            "nsites": 11,
            "evalue": "1.0e+000",
            "pwm": [
              [0.397816, 0.13414, 0.173974, 0.29407], 
              [0.486402, 0.119376, 0.339453, 0.0547695], 
              [0.11691, 0.0740991, 0.241577, 0.567414], 
              [0.0778649, 0.813081, 0.00354054, 0.105514], 
              [0.968962, 0.00225225, 0.0135507, 0.0152355], 
              [0.0299972, 0.68458, 0.226491, 0.0589313], 
              [0.0782613, 0.402811, 0.513306, 0.00562162], 
              [0.18955, 0.014045, 0.00938739, 0.787018], 
              [0.0837117, 0.0169189, 0.730829, 0.168541], 
              [0.378532, 0.178153, 0.182414, 0.260901], 
              [0.222252, 0.25, 0.0635946, 0.464153]
            ]
          }, {
            "db": 0,
            "id": "filter45",
            "len": 15,
            "nsites": 15,
            "evalue": "1.0e+000",
            "pwm": [
              [0.242947, 0.395132, 0.181159, 0.180762], 
              [0.303046, 0.209768, 0.36096, 0.126225], 
              [0.0496358, 0.411225, 0.108841, 0.430298], 
              [0.0154636, 0.493079, 0.37149, 0.119967], 
              [0.765563, 0.0746689, 0.138742, 0.0210265], 
              [0.475298, 0.0147682, 0.118377, 0.391556], 
              [0.0108931, 0.593649, 0.0335399, 0.361918], 
              [0.00165563, 0.410927, 0.585762, 0.00165563], 
              [0.591026, 0.00165563, 0.405662, 0.00165563], 
              [0.245927, 0.603841, 0.0463576, 0.103874], 
              [0.0483444, 0.115397, 0.395132, 0.441126], 
              [0.109437, 0.469437, 0.146987, 0.274139], 
              [0.35043, 0.0805298, 0.552583, 0.016457], 
              [0.108135, 0.246896, 0.37046, 0.274509], 
              [0.143311, 0.143709, 0.383311, 0.329669]
            ]
          }, {
            "db": 0,
            "id": "filter46",
            "len": 14,
            "nsites": 14,
            "evalue": "1.0e+000",
            "pwm": [
              [0.25499, 0.416453, 0.103457, 0.2251], 
              [0.273758, 0.0426849, 0.21517, 0.468387], 
              [0.40539, 0.217333, 0.301433, 0.075844], 
              [0.91505, 0.00842553, 0.0271915, 0.0493333], 
              [0.895191, 0.00395745, 0.0913333, 0.00951773], 
              [0.519225, 0.0404926, 0.43295, 0.00733278], 
              [0.973631, 0.0183546, 0.00624113, 0.00177305], 
