<!DOCTYPE HTML>
<html>
  <head>
    <meta charset="UTF-8">
    <title>Tomtom Results</title>
    <script>
      // @JSON_VAR data
      var data = {
        "program": "Tomtom",
        "version": "5.3.3",
        "release": "Sun Feb 7 15:39:52 2021 -0800",
        "cmd": [
          "tomtom", "-evalue", "-thresh", "0.1", "-o",
          "results/filters/model-256/trial-3",
          "motifs/filters/model-256/trial-3.txt", "./motif_database.txt"
        ],
        "options": {
          "strands": "both",
          "distance_measure": "ed",
          "threshold_type": "evalue",
          "threshold_value": 0.1,
          "background_source": "--query--"
        },
        "alphabet": {
          "name": "DNA",
          "like": "dna",
          "ncore": 4,
          "symbols": [
            {
              "symbol": "A",
              "name": "Adenine",
              "colour": "CC0000",
              "complement": "T"
            }, {
              "symbol": "C",
              "name": "Cytosine",
              "colour": "0000CC",
              "complement": "G"
            }, {
              "symbol": "G",
              "name": "Guanine",
              "colour": "FFB300",
              "complement": "C"
            }, {
              "symbol": "T",
              "aliases": "U",
              "name": "Thymine",
              "colour": "008000",
              "complement": "A"
            }, {
              "symbol": "N",
              "aliases": "X.",
              "name": "Any base",
              "equals": "ACGT"
            }, {
              "symbol": "V",
              "name": "Not T",
              "equals": "ACG"
            }, {
              "symbol": "H",
              "name": "Not G",
              "equals": "ACT"
            }, {
              "symbol": "D",
              "name": "Not C",
              "equals": "AGT"
            }, {
              "symbol": "B",
              "name": "Not A",
              "equals": "CGT"
            }, {
              "symbol": "M",
              "name": "Amino",
              "equals": "AC"
            }, {
              "symbol": "R",
              "name": "Purine",
              "equals": "AG"
            }, {
              "symbol": "W",
              "name": "Weak",
              "equals": "AT"
            }, {
              "symbol": "S",
              "name": "Strong",
              "equals": "CG"
            }, {
              "symbol": "Y",
              "name": "Pyrimidine",
              "equals": "CT"
            }, {
              "symbol": "K",
              "name": "Keto",
              "equals": "GT"
            }
          ]
        },
        "background": [0.25, 0.25, 0.25, 0.25],
        "query_dbs": [
          {
            "source": "motifs/filters/model-256/trial-3.txt",
            "name": "trial-3.txt",
            "loaded": 256,
            "excluded": 0,
            "last_modified": "Sat Apr  3 13:39:39 2021"
          }
        ],
        "target_dbs": [
          {
            "source": "./motif_database.txt",
            "name": "motif_database.txt",
            "loaded": 1964,
            "excluded": 0,
            "last_modified": "Mon Mar 29 09:53:08 2021"
          }
        ],
        "queries": [
          {
            "db": 0,
            "id": "filter0",
            "len": 15,
            "nsites": 15,
            "evalue": "1.0e+000",
            "pwm": [
              [0.12394, 0.321026, 0.231325, 0.323709], 
              [0.0968212, 0.445993, 0.21096, 0.246225], 
              [0.128013, 0.147086, 0.168841, 0.55606], 
              [0.23947, 0.0763576, 0.668907, 0.0152649], 
              [0.355, 0.00165563, 0.00165563, 0.641689], 
              [0.00165563, 0.0260952, 0.118489, 0.853761], 
              [0.118477, 0.00165563, 0.432483, 0.447384], 
              [0.00165563, 0.660696, 0.215012, 0.122637], 
              [0.106269, 0.00433802, 0.887738, 0.00165563], 
              [0.122637, 0.435122, 0.00711866, 0.435122], 
              [0.73, 0.133477, 0.0315563, 0.104967], 
              [0.895884, 0.0464614, 0.0234128, 0.0342417], 
              [0.171506, 0.19465, 0.176969, 0.456875], 
              [0.262616, 0.213642, 0.23947, 0.284272], 
              [0.247616, 0.197351, 0.297881, 0.257152]
            ]
          }, {
            "db": 0,
            "id": "filter1",
            "len": 18,
            "nsites": 18,
            "evalue": "1.0e+000",
            "pwm": [
              [0.453768, 0.112961, 0.175812, 0.257459], 
              [0.360124, 0.272403, 0.172746, 0.194727], 
              [0.158807, 0.195702, 0.181779, 0.463713], 
              [0.0750718, 0.0880994, 0.649083, 0.187746], 
              [0.500558, 0.141887, 0.131943, 0.225613], 
              [0.0222652, 0.237569, 0.0521989, 0.687967], 
              [0.0192836, 0.456797, 0.473705, 0.0502148], 
              [0.267403, 0.383061, 0.245525, 0.104011], 
              [0.0293232, 0.730756, 0.212587, 0.0273344], 
              [0.0412597, 0.786619, 0.00734807, 0.164773], 
              [0.503591, 0.0960552, 0.0700994, 0.330254], 
              [0.0153039, 0.129967, 0.0541878, 0.800541], 
              [0.464754, 0.011327, 0.471716, 0.052204], 
              [0.0212707, 0.327271, 0.104011, 0.547448], 
              [0.760663, 0.0492155, 0.149856, 0.0402652], 
              [0.337215, 0.261436, 0.0153039, 0.386044], 
              [0.011326, 0.383061, 0.467691, 0.137923], 
              [0.0103324, 0.0701063, 0.771679, 0.147882]
            ]
          }, {
            "db": 0,
            "id": "filter10",
            "len": 15,
            "nsites": 15,
            "evalue": "1.0e+000",
            "pwm": [
              [0.22457, 0.180166, 0.193377, 0.401887], 
              [0.156225, 0.294007, 0.383907, 0.165861], 
              [0.170629, 0.217318, 0.306026, 0.306026], 
              [0.151457, 0.713411, 0.0447682, 0.0903642], 
              [0.573245, 0.0196358, 0.327583, 0.0795364], 
              [0.145497, 0.538477, 0.0291722, 0.286854], 
              [0.00761589, 0.127517, 0.190993, 0.673874], 
              [0.0184437, 0.0435762, 0.146689, 0.791291], 
              [0.0508229, 0.933847, 0.00165563, 0.0136743], 
              [0.00165563, 0.578013, 0.401887, 0.0184437], 
              [0.377909, 0.00165563, 0.569612, 0.0508229], 
              [0.316786, 0.0627545, 0.612843, 0.00761649], 
              [0.370695, 0.133477, 0.223377, 0.27245], 
              [0.0567881, 0.226954, 0.540861, 0.175397], 
              [0.055596, 0.153841, 0.273642, 0.516921]
            ]
          }, {
            "db": 0,
            "id": "filter100",
            "len": 20,
            "nsites": 20,
            "evalue": "1.0e+000",
            "pwm": [
              [0.245049, 0.276396, 0.232312, 0.246243], 
              [0.667711, 0.164925, 0.124328, 0.0430348], 
              [0.0778607, 0.268308, 0.203234, 0.450597], 
              [0.154493, 0.0395561, 0.508658, 0.297293], 
              [0.682736, 0.0952736, 0.068607, 0.153383], 
              [0.181244, 0.306617, 0.312388, 0.199751], 
              [0.0348756, 0.137065, 0.391393, 0.436667], 
              [0.290299, 0.159154, 0.177761, 0.372786], 
              [0.702537, 0.0442289, 0.18005, 0.0731841], 
              [0.0964677, 0.0848259, 0.127811, 0.690896], 
              [0.068607, 0.110398, 0.0697015, 0.751294], 
              [0.131294, 0.399453, 0.278756, 0.190498], 
              [0.0139814, 0.882526, 0.0790625, 0.0244302], 
              [0.119652, 0.377463, 0.501642, 0.00124378], 
              [0.270597, 0.362338, 0.00701493, 0.36005], 
              [0.661841, 0.0651244, 0.110398, 0.162637], 
              [0.632822, 0.0546713, 0.292657, 0.0198489], 
              [0.319385, 0.199771, 0.00820965, 0.472634], 
              [0.117363, 0.536468, 0.0743781, 0.271791], 
              [0.184726, 0.255473, 0.284527, 0.275274]
            ]
          }, {
            "db": 0,
            "id": "filter101",
            "len": 13,
            "nsites": 13,
            "evalue": "1.0e+000",
            "pwm": [
              [0.212588, 0.0946947, 0.186389, 0.506328], 
              [0.12418, 0.282478, 0.135097, 0.458244], 
              [0.102346, 0.239902, 0.210425, 0.447327], 
              [0.00736641, 0.0128244, 0.131809, 0.848], 
              [0.144908, 0.11216, 0.680985, 0.0619466], 
              [0.886206, 0.106702, 0.0019084, 0.00518321], 
              [0.195141, 0.48772, 0.306496, 0.0106421], 
              [0.0466641, 0.00845802, 0.00627481, 0.938603], 
              [0.00954962, 0.549992, 0.0215573, 0.418901], 
              [0.797786, 0.003, 0.121985, 0.077229], 
              [0.00518353, 0.441868, 0.199508, 0.35344], 
              [0.380733, 0.227893, 0.103438, 0.287937], 
              [0.131809, 0.0903282, 0.23442, 0.543443]
            ]
          }, {
            "db": 0,
            "id": "filter102",
            "len": 11,
            "nsites": 11,
            "evalue": "1.0e+000",
            "pwm": [
              [0.263874, 0.227604, 0.271009, 0.237514], 
              [0.109577, 0.015036, 0.620036, 0.255351], 
              [0.0683514, 0.381901, 0.00651351, 0.543234], 
              [0.0420861, 0.746511, 0.135924, 0.0754792], 
              [0.954892, 0.0392162, 0.00294595, 0.00294595], 
              [0.43591, 0.261694, 0.00869369, 0.293703], 
              [0.00938739, 0.00225225, 0.183505, 0.804856], 
              [0.225523, 0.130189, 0.642036, 0.00225225], 
              [0.21482, 0.326405, 0.248216, 0.210559], 
              [0.211252, 0.433036, 0.162198, 0.193514], 
              [0.10036, 0.41173, 0.324324, 0.163586]
            ]
          }, {
            "db": 0,
            "id": "filter103",
            "len": 20,
            "nsites": 20,
            "evalue": "1.0e+000",
            "pwm": [
              [0.243159, 0.250622, 0.250622, 0.255598], 
              [0.336667, 0.255572, 0.134677, 0.273085], 
              [0.195771, 0.196965, 0.331692, 0.275572], 
              [0.140931, 0.162123, 0.0510895, 0.645856], 
              [0.0124876, 0.200746, 0.554876, 0.231891], 
              [0.364093, 0.249378, 0.118446, 0.268083], 
              [0.0287065, 0.966318, 0.00373134, 0.00124378], 
              [0.0124864, 0.902646, 0.00253718, 0.0823302], 
              [0.864043, 0.00751181, 0.00124378, 0.127201], 
              [0.0186567, 0.00502488, 0.00124378, 0.975075], 
              [0.788089, 0.0797591, 0.0136828, 0.118469], 
              [0.00253731, 0.0161692, 0.00124378, 0.98005], 
              [0.81796, 0.00253731, 0.00124378, 0.178259], 
              [0.173301, 0.00870721, 0.1122, 0.705792], 
              [0.127214, 0.0174627, 0.844129, 0.011194], 
              [0.0136816, 0.0436318, 0.897761, 0.0449254], 
              [0.0972637, 0.0510945, 0.305522, 0.546119], 
              [0.216965, 0.597264, 0.0474129, 0.138358], 
              [0.612189, 0.0548756, 0.113483, 0.219453], 
              [0.263134, 0.255572, 0.117164, 0.364129]
            ]
          }, {
            "db": 0,
            "id": "filter104",
            "len": 15,
            "nsites": 15,
            "evalue": "1.0e+000",
            "pwm": [
              [0.298477, 0.271656, 0.236589, 0.193278], 
              [0.283974, 0.273742, 0.211854, 0.23043], 
              [0.0861836, 0.16654, 0.494222, 0.253054], 
              [0.00165563, 0.712715, 0.0263907, 0.259238], 
              [0.0222206, 0.758089, 0.00165563, 0.218035], 
              [0.00165563, 0.995033, 0.00165563, 0.00165563], 
              [0.00165563, 0.995033, 0.00165563, 0.00165563], 
              [0.104669, 0.00165563, 0.640596, 0.253079], 
              [0.00165563, 0.995033, 0.00165563, 0.00165563], 
              [0.00374172, 0.992947, 0.00165563, 0.00165563], 
              [0.00165563, 0.764172, 0.00165563, 0.232517], 
              [0.133563, 0.729133, 0.00165563, 0.135649], 
              [0.0469536, 0.595199, 0.0449669, 0.312881], 
              [0.257252, 0.234503, 0.279901, 0.228344], 
              [0.308739, 0.220121, 0.228367, 0.242772]
            ]
          }, {
            "db": 0,
            "id": "filter105",
            "len": 18,
            "nsites": 18,
            "evalue": "1.0e+000",
            "pwm": [
              [0.333304, 0.139699, 0.349114, 0.177883], 
              [0.276652, 0.328066, 0.13832, 0.256961], 
              [0.389923, 0.0646298, 0.274066, 0.271381], 
              [0.0606519, 0.362276, 0.026442, 0.55063], 
              [0.362276, 0.26611, 0.167359, 0.204254], 
              [0.372855, 0.00794541, 0.615233, 0.00396711], 
              [0.201569, 0.339901, 0.291171, 0.167359], 
              [0.505878, 0.484796, 0.00794475, 0.00138122], 
              [0.563856, 0.407028, 0.00267403, 0.026442], 
              [0.580903, 0.0501056, 0.0527904, 0.316201], 
              [0.765337, 0.205547, 0.00267403, 0.026442], 
              [0.00535912, 0.10411, 0.00138122, 0.889149], 
              [0.00138122, 0.330685, 0.250323, 0.417611], 
              [0.235878, 0.109381, 0.475547, 0.179193], 
              [0.0764566, 0.870664, 0.0264395, 0.0264395], 
              [0.208133, 0.0922762, 0.526961, 0.17263], 
              [0.151532, 0.321471, 0.343844, 0.183153], 
              [0.205547, 0.146276, 0.345171, 0.303006]
            ]
          }, {
            "db": 0,
            "id": "filter106",
            "len": 17,
            "nsites": 17,
            "evalue": "1.0e+000",
            "pwm": [
              [0.21622, 0.262254, 0.256189, 0.265336], 
              [0.225422, 0.25922, 0.305244, 0.210114], 
              [0.283801, 0.176333, 0.36045, 0.179415], 
              [0.618234, 0.00762573, 0.065883, 0.308257], 
              [0.599842, 0.0260175, 0.0597193, 0.314421], 
              [0.578327, 0.00762635, 0.0382493, 0.375798], 
              [0.271474, 0.167187, 0.292947, 0.268392], 
              [0.0782105, 0.00146199, 0.00146199, 0.918865], 
              [0.00146199, 0.00146199, 0.995614, 0.00146199], 
              [0.170252, 0.814498, 0.00454355, 0.0107067], 
              [0.0567313, 0.00146199, 0.00454355, 0.937263], 
              [0.00146199, 0.00146199, 0.808415, 0.188661], 
              [0.921947, 0.0107076, 0.065883, 0.00146199], 
              [0.0167735, 0.354322, 0.56918, 0.0597251], 
              [0.23469, 0.197807, 0.210135, 0.357368], 
              [0.0966023, 0.452509, 0.173251, 0.277637], 
              [0.424914, 0.0474958, 0.37888, 0.148711]
            ]
          }, {
            "db": 0,
            "id": "filter107",
            "len": 16,
            "nsites": 16,
            "evalue": "1.0e+000",
            "pwm": [
              [0.0830353, 0.36266, 0.0789612, 0.475344], 
              [0.14277, 0.22287, 0.494373, 0.139988], 
              [0.362696, 0.129155, 0.45641, 0.0517391], 
              [0.0015528, 0.995342, 0.0015528, 0.0015528], 
              [0.0015528, 0.995342, 0.0015528, 0.0015528], 
              [0.995342, 0.0015528, 0.0015528, 0.0015528], 
              [0.00701809, 0.0015528, 0.0151663, 0.976263], 
              [0.56364, 0.192957, 0.0409068, 0.202497], 
              [0.0015528, 0.0382199, 0.0151663, 0.945061], 
              [0.575863, 0.0164596, 0.0015528, 0.406124], 
              [0.14277, 0.0667453, 0.281205, 0.50928], 
              [0.138696, 0.0993416, 0.640957, 0.121006], 
              [0.110185, 0.0884186, 0.64917, 0.152226], 
              [0.100634, 0.195739, 0.392509, 0.311118], 
              [0.273056, 0.48354, 0.122398, 0.121006], 
              [0.569006, 0.103416, 0.102025, 0.225553]
            ]
          }, {
            "db": 0,
            "id": "filter108",
            "len": 12,
            "nsites": 12,
            "evalue": "1.0e+000",
            "pwm": [
              [0.296413, 0.251785, 0.13843, 0.313372], 
              [0.435157, 0.168579, 0.254264, 0.142], 
              [0.292843, 0.279554, 0.256645, 0.170959], 
              [0.0793223, 0.916545, 0.00206612, 0.00206612], 
              [0.969702, 0.00206612, 0.022595, 0.00563636], 
              [0.011686, 0.961273, 0.00206612, 0.0249752], 
              [0.14686, 0.00206612, 0.849008, 0.00206612], 
              [0.00206612, 0.0141653, 0.00444628, 0.979322], 
              [0.00206612, 0.00206612, 0.993802, 0.00206612], 
              [0.226496, 0.286793, 0.373669, 0.113041], 
              [0.14805, 0.339851, 0.13238, 0.379719], 
              [0.158959, 0.35195, 0.250595, 0.238496]
            ]
          }, {
            "db": 0,
            "id": "filter109",
            "len": 17,
            "nsites": 17,
            "evalue": "1.0e+000",
            "pwm": [
              [0.23131, 0.261532, 0.255269, 0.251889], 
              [0.334205, 0.441275, 0.15307, 0.0714503], 
              [0.281387, 0.369162, 0.177807, 0.171644], 
              [0.0309854, 0.64362, 0.0220389, 0.303356], 
              [0.217591, 0.0954094, 0.175737, 0.511263], 
              [0.231983, 0.120848, 0.266973, 0.380196], 
              [0.0686667, 0.706117, 0.216895, 0.00832164], 
              [0.0179649, 0.819251, 0.157842, 0.00494152], 
              [0.475573, 0.0515673, 0.35548, 0.11738], 
              [0.073538, 0.0542515, 0.636129, 0.236082], 
              [0.656012, 0.249801, 0.00901754, 0.0851696], 
              [0.140033, 0.00494117, 0.00215783, 0.852868], 
              [0.400117, 0.244333, 0.235386, 0.120164], 
              [0.0968012, 0.0851696, 0.037152, 0.780877], 
              [0.0398363, 0.155158, 0.600439, 0.204567], 
              [0.134579, 0.0728421, 0.599047, 0.193532], 
              [0.131099, 0.297819, 0.269088, 0.301994]
            ]
          }, {
            "db": 0,
            "id": "filter11",
            "len": 19,
            "nsites": 19,
            "evalue": "1.0e+000",
            "pwm": [
              [0.230227, 0.256392, 0.248632, 0.264749], 
              [0.264199, 0.280909, 0.168413, 0.286479], 
              [0.115508, 0.544948, 0.0191152, 0.320429], 
              [0.192901, 0.171215, 0.0887487, 0.547136], 
              [0.182853, 0.308791, 0.176188, 0.332168], 
              [0.629602, 0.0614921, 0.0853665, 0.223539], 
              [0.255869, 0.351068, 0.254775, 0.138288], 
              [0.442984, 0.289293, 0.101581, 0.166141], 
              [0.468052, 0.167832, 0.119387, 0.244728], 
              [0.00797382, 0.118293, 0.206827, 0.666906], 
              [0.148335, 0.472529, 0.376733, 0.00240314], 
              [0.0548219, 0.601689, 0.310451, 0.0330387], 
              [0.0825812, 0.740419, 0.0102618, 0.166738], 
              [0.228016, 0.273079, 0.0381152, 0.460791], 
              [0.0876458, 0.557128, 0.26032, 0.0949069], 
              [0.0381152, 0.819503, 0.0013089, 0.141073], 
              [0.121079, 0.350571, 0.190115, 0.338236], 
              [0.0107601, 0.516549, 0.250821, 0.22187], 
              [0.0107592, 0.519283, 0.190712, 0.279246]
            ]
          }, {
            "db": 0,
            "id": "filter110",
            "len": 20,
            "nsites": 20,
            "evalue": "1.0e+000",
            "pwm": [
              [0.25709, 0.25709, 0.237387, 0.248433], 
              [0.27607, 0.587214, 0.0612438, 0.0754726], 
              [0.413483, 0.296567, 0.0596517, 0.230299], 
              [0.351855, 0.151279, 0.354243, 0.142623], 
              [0.111791, 0.0612438, 0.759353, 0.0676119], 
              [0.21764, 0.0565616, 0.588747, 0.137051], 
              [0.224726, 0.544527, 0.127612, 0.103134], 
              [0.18602, 0.0170647, 0.588806, 0.208109], 
              [0.516965, 0.157562, 0.212886, 0.112587], 
              [0.176567, 0.433184, 0.118955, 0.271294], 
              [0.0557657, 0.197045, 0.740374, 0.00681536], 
              [0.191592, 0.310796, 0.00442786, 0.493184], 
              [0.133881, 0.203433, 0.0738806, 0.588806], 
              [0.0833415, 0.107026, 0.0754801, 0.734153], 
              [0.200249, 0.0628358, 0.560348, 0.176567], 
              [0.522438, 0.153682, 0.0975622, 0.226318], 
              [0.124428, 0.298955, 0.200249, 0.376368], 
              [0.0249254, 0.666915, 0.263433, 0.0447264], 
              [0.386617, 0.0162687, 0.355771, 0.241343], 
              [0.152105, 0.185242, 0.480595, 0.182058]
            ]
          }, {
            "db": 0,
            "id": "filter111",
            "len": 18,
            "nsites": 18,
            "evalue": "1.0e+000",
            "pwm": [
              [0.175613, 0.203956, 0.0317127, 0.588718], 
              [0.0601488, 0.0986312, 0.486438, 0.354782], 
              [0.324387, 0.381171, 0.13305, 0.161392], 
              [0.0722873, 0.758873, 0.0803425, 0.0884972], 
              [0.0621436, 0.652564, 0.158309, 0.126983], 
              [0.542177, 0.33453, 0.0125193, 0.110773], 
              [0.41558, 0.101624, 0.00237569, 0.48042], 
              [0.953293, 0.0216685, 0.0236575, 0.00138122], 
              [0.0367845, 0.00237569, 0.0834254, 0.877414], 
              [0.780155, 0.18168, 0.00744751, 0.0307182], 
              [0.130961, 0.00138122, 0.0115249, 0.856133], 
              [0.00138122, 0.013515, 0.920965, 0.0641389], 
              [0.0408619, 0.0317127, 0.922961, 0.00446409], 
              [0.239359, 0.286994, 0.189735, 0.283912], 
              [0.232298, 0.466199, 0.157315, 0.144188], 
              [0.640431, 0.0115249, 0.267702, 0.0803425], 
              [0.180604, 0.289012, 0.284934, 0.24545], 
              [0.352829, 0.259646, 0.195801, 0.191724]
            ]
          }, {
            "db": 0,
            "id": "filter112",
            "len": 15,
            "nsites": 15,
            "evalue": "1.0e+000",
            "pwm": [
              [0.249106, 0.248609, 0.24106, 0.261225], 
              [0.101589, 0.756722, 0.0786424, 0.0630464], 
              [0.124536, 0.0826159, 0.340397, 0.45245], 
              [0.0206291, 0.520695, 0.00165563, 0.45702], 
              [0.0148662, 0.13257, 0.00284756, 0.849717], 
              [0.0338411, 0.463874, 0.301954, 0.200331], 
              [0.420819, 0.368573, 0.0212232, 0.189385], 
              [0.261722, 0.175099, 0.399603, 0.163576], 
              [0.363408, 0.00165563, 0.475946, 0.158991], 
              [0.00165563, 0.118179, 0.417384, 0.462781], 
              [0.57702, 0.111325, 0.0803311, 0.231325], 
              [0.520695, 0.070596, 0.370298, 0.0384106], 
              [0.253179, 0.423742, 0.299073, 0.0240066], 
              [0.385199, 0.274437, 0.269272, 0.0710927], 
              [0.144106, 0.0797351, 0.176192, 0.599967]
            ]
          }, {
            "db": 0,
            "id": "filter113",
            "len": 15,
            "nsites": 15,
            "evalue": "1.0e+000",
            "pwm": [
              [0.259834, 0.303642, 0.233609, 0.202914], 
              [0.26202, 0.283874, 0.23798, 0.216126], 
              [0.235771, 0.126411, 0.493924, 0.143893], 
              [0.178874, 0.00384106, 0.627483, 0.189801], 
              [0.235795, 0.00602649, 0.747781, 0.0103974], 
              [0.0454636, 0.0103974, 0.940298, 0.00384106], 
              [0.00165563, 0.189801, 0.806887, 0.00165563], 
              [0.233609, 0.688675, 0.00165563, 0.0760596], 
              [0.00165563, 0.00165563, 0.995033, 0.00165563], 
              [0.00165563, 0.00165563, 0.995033, 0.00165563], 
              [0.441424, 0.00165563, 0.555265, 0.00165563], 
              [0.537736, 0.0103982, 0.45021, 0.00165563], 
              [0.216126, 0.41957, 0.283874, 0.0804305], 
              [0.117583, 0.316755, 0.229238, 0.336424], 
              [0.264205, 0.220497, 0.31457, 0.200728]
            ]
          }, {
            "db": 0,
            "id": "filter114",
            "len": 20,
            "nsites": 20,
            "evalue": "1.0e+000",
            "pwm": [
              [0.248706, 0.256269, 0.239453, 0.255572], 
              [0.162354, 0.186834, 0.363967, 0.286844], 
              [0.343368, 0.208926, 0.411335, 0.0363717], 
              [0.235672, 0.640448, 0.0500995, 0.0737811], 
              [0.090597, 0.453284, 0.0722886, 0.383831], 
              [0.16083, 0.574719, 0.220426, 0.0440256], 
              [0.169204, 0.0959701, 0.341045, 0.393781], 
              [0.324229, 0.22801, 0.159353, 0.288408], 
              [0.258557, 0.311294, 0.0417413, 0.388408], 
              [0.22801, 0.274677, 0.0180597, 0.479254], 
              [0.514378, 0.0386567, 0.167711, 0.279254], 
              [0.0699931, 0.0280073, 0.706049, 0.195951], 
              [0.161626, 0.0302956, 0.445677, 0.362402], 
              [0.0432338, 0.00890547, 0.391493, 0.556368], 
              [0.0745844, 0.361678, 0.241765, 0.321972], 
              [0.00273647, 0.709175, 0.00124378, 0.286844], 
              [0.494577, 0.18602, 0.00731343, 0.31209], 
              [0.216589, 0.0332868, 0.674047, 0.0760771], 
              [0.403691, 0.400607, 0.0234306, 0.172271], 
              [0.690865, 0.0378644, 0.176087, 0.0951835]
            ]
          }, {
            "db": 0,
            "id": "filter115",
            "len": 17,
            "nsites": 17,
            "evalue": "1.0e+000",
            "pwm": [
              [0.160228, 0.286982, 0.423181, 0.129608], 
              [0.236304, 0.229643, 0.289695, 0.244358], 
              [0.126911, 0.300374, 0.138939, 0.433775], 
              [0.0988889, 0.0654854, 0.181602, 0.654023], 
              [0.355082, 0.193632, 0.0561404, 0.395146], 
              [0.0361579, 0.10555, 0.140246, 0.718047], 
              [0.00146199, 0.0334737, 0.00146199, 0.963602], 
              [0.00146199, 0.303088, 0.0561404, 0.63931], 
              [0.178918, 0.716754, 0.010807, 0.0935205], 
              [0.0294971, 0.205661, 0.00146199, 0.76338], 
              [0.787439, 0.00146199, 0.204269, 0.00683041], 
              [0.0494795, 0.00812281, 0.786146, 0.156251], 
              [0.46583, 0.156251, 0.36045, 0.0174678], 
              [0.778171, 0.00275452, 0.213635, 0.00543899], 
              [0.487205, 0.283006, 0.188263, 0.0415263], 
              [0.415129, 0.0922281, 0.202977, 0.289667], 
              [0.335099, 0.256363, 0.185579, 0.222959]
            ]
          }, {
            "db": 0,
            "id": "filter116",
            "len": 15,
            "nsites": 15,
            "evalue": "1.0e+000",
            "pwm": [
              [0.247541, 0.265026, 0.212571, 0.274862], 
              [0.0355298, 0.00711921, 0.0497351, 0.907616], 
              [0.077053, 0.0136755, 0.855166, 0.054106], 
              [0.114205, 0.709834, 0.1, 0.0759603], 
              [0.208199, 0.196178, 0.172136, 0.423486], 
              [0.231149, 0.125145, 0.406001, 0.237706], 
              [0.755728, 0.0967219, 0.122947, 0.0246026], 
              [0.148094, 0.267212, 0.484684, 0.10001], 
              [0.261722, 0.084702, 0.0377152, 0.615861], 
              [0.162301, 0.287976, 0.196178, 0.353545], 
              [0.339338, 0.073782, 0.325132, 0.261748], 
              [0.467199, 0.0355332, 0.477034, 0.0202336], 
              [0.622417, 0.129503, 0.146987, 0.101093], 
              [0.0912672, 0.424579, 0.448621, 0.0355332], 
              [0.242077, 0.13498, 0.312018, 0.310925]
            ]
          }, {
            "db": 0,
            "id": "filter117",
            "len": 20,
            "nsites": 20,
            "evalue": "1.0e+000",
            "pwm": [
              [0.241443, 0.268109, 0.241443, 0.249005], 
              [0.252886, 0.146119, 0.279552, 0.321443], 
              [0.458756, 0.00890547, 0.18801, 0.344328], 
              [0.664627, 0.00502488, 0.0774627, 0.252886], 
              [0.584527, 0.00502488, 0.0736816, 0.336766], 
              [0.199473, 0.0545824, 0.199473, 0.546472], 
              [0.0126866, 0.00124378, 0.1499, 0.836169], 
              [0.0203483, 0.00124378, 0.977164, 0.00124378], 
              [0.104129, 0.893383, 0.00124378, 0.00124378], 
              [0.00124378, 0.00502488, 0.00124378, 0.992488], 
              [0.0126866, 0.00502488, 0.874279, 0.10801], 
              [0.904726, 0.00124378, 0.00890547, 0.0851244], 
              [0.0470149, 0.466318, 0.336766, 0.1499], 
              [0.100358, 0.199473, 0.172803, 0.527366], 
              [0.10801, 0.504428, 0.100348, 0.287214], 
              [0.569303, 0.0622388, 0.249005, 0.119453], 
              [0.127015, 0.0241294, 0.653184, 0.195672], 
              [0.401542, 0.249005, 0.252886, 0.0965672], 
              [0.332886, 0.134677, 0.306219, 0.226219], 
              [0.199453, 0.119453, 0.462537, 0.218557]
            ]
          }, {
            "db": 0,
            "id": "filter118",
            "len": 12,
            "nsites": 12,
            "evalue": "1.0e+000",
            "pwm": [
              [0.164512, 0.332612, 0.289471, 0.213405], 
              [0.239511, 0.292872, 0.232668, 0.234949], 
              [0.146349, 0.388308, 0.278138, 0.187205], 
              [0.899488, 0.00206612, 0.00206612, 0.0963802], 
              [0.00206612, 0.00206612, 0.00206612, 0.993802], 
              [0.00206612, 0.232645, 0.00206612, 0.763223], 
              [0.808645, 0.00315702, 0.186132, 0.00206612], 
              [0.993802, 0.00206612, 0.00206612, 0.00206612], 
              [0.391719, 0.00206612, 0.00890909, 0.597306], 
              [0.144083, 0.35195, 0.297405, 0.206562], 
              [0.132691, 0.305369, 0.177026, 0.384914], 
              [0.192895, 0.228105, 0.262224, 0.316775]
            ]
          }, {
            "db": 0,
            "id": "filter119",
            "len": 17,
            "nsites": 17,
            "evalue": "1.0e+000",
            "pwm": [
              [0.218386, 0.365123, 0.171561, 0.24493], 
              [0.0295965, 0.0373509, 0.160626, 0.772427], 
              [0.822333, 0.0654854, 0.0857661, 0.0264152], 
              [0.165315, 0.010808, 0.372914, 0.450963], 
              [0.0935205, 0.344842, 0.00454386, 0.557094], 
              [0.221567, 0.010807, 0.180906, 0.586719], 
              [0.596124, 0.0716561, 0.187188, 0.145032], 
              [0.179415, 0.0061345, 0.0326784, 0.781772], 
              [0.424374, 0.034269, 0.00454386, 0.536813], 
              [0.155953, 0.0154795, 0.753737, 0.0748304], 
              [0.190351, 0.519614, 0.0466959, 0.243339], 
              [0.166889, 0.255865, 0.372877, 0.204368], 
              [0.180906, 0.324561, 0.251193, 0.243339], 
              [0.825432, 0.0810856, 0.0764136, 0.0170686], 
              [0.546158, 0.221567, 0.0560409, 0.176234], 
              [0.088848, 0.279228, 0.127918, 0.504006], 
              [0.166889, 0.252684, 0.262129, 0.318298]
            ]
          }, {
            "db": 0,
            "id": "filter12",
            "len": 17,
            "nsites": 17,
            "evalue": "1.0e+000",
            "pwm": [
              [0.258848, 0.221567, 0.267795, 0.251789], 
              [0.152374, 0.358263, 0.345836, 0.143526], 
              [0.352994, 0.283702, 0.154164, 0.20914], 
              [0.065386, 0.0671754, 0.567731, 0.299708], 
              [0.131086, 0.787857, 0.0120984, 0.0689582], 
              [0.0796023, 0.0281053, 0.132789, 0.759503], 
              [0.718715, 0.246446, 0.022739, 0.0121005], 
              [0.484322, 0.0120994, 0.0120994, 0.49148], 
              [0.708006, 0.0441111, 0.0103099, 0.237573], 
              [0.617439, 0.00325146, 0.223357, 0.155953], 
              [0.81635, 0.00852117, 0.022739, 0.152389], 
              [0.00146199, 0.00683041, 0.0493801, 0.942327], 
              [0.653029, 0.00146199, 0.322772, 0.0227368], 
              [0.0209474, 0.00146199, 0.976129, 0.00146199], 
              [0.317471, 0.516282, 0.0174662, 0.148781], 
              [0.189655, 0.173649, 0.189655, 0.447041], 
              [0.122164, 0.234017, 0.546511, 0.0973078]
            ]
          }, {
            "db": 0,
            "id": "filter120",
            "len": 16,
            "nsites": 16,
            "evalue": "1.0e+000",
            "pwm": [
              [0.271936, 0.236163, 0.206948, 0.284953], 
              [0.473404, 0.136112, 0.163441, 0.227043], 
              [0.229704, 0.086712, 0.428541, 0.255043], 
              [0.636584, 0.11395, 0.163441, 0.0860248], 
              [0.407814, 0.160758, 0.232907, 0.198522], 
              [0.310888, 0.0600811, 0.245305, 0.383726], 
              [0.147839, 0.255665, 0.355143, 0.241354], 
              [0.143863, 0.523491, 0.287565, 0.0450807], 
              [0.00284472, 0.0444845, 0.459789, 0.492882], 
              [0.0353416, 0.0015528, 0.676236, 0.28687], 
              [0.99405, 0.00284472, 0.0015528, 0.0015528], 
              [0.00224838, 0.572825, 0.385018, 0.0399092], 
              [0.012585, 0.0463772, 0.59888, 0.342158], 
              [0.0210311, 0.35713, 0.210149, 0.411689], 
              [0.299888, 0.01, 0.361006, 0.329106], 
              [0.0249068, 0.311615, 0.186795, 0.476683]
            ]
          }, {
            "db": 0,
            "id": "filter121",
            "len": 13,
            "nsites": 13,
            "evalue": "1.0e+000",
            "pwm": [
              [0.185478, 0.143108, 0.373016, 0.298398], 
              [0.262107, 0.387145, 0.278282, 0.0724656], 
              [0.304481, 0.375038, 0.147092, 0.173389], 
              [0.0019084, 0.701824, 0.0019084, 0.294359], 
              [0.0019084, 0.617076, 0.379107, 0.0019084], 
              [0.990206, 0.0019084, 0.0019084, 0.0059771], 
              [0.409374, 0.0019084, 0.0200687, 0.568649], 
              [0.0059771, 0.0019084, 0.0019084, 0.990206], 
              [0.00389313, 0.23184, 0.762359, 0.0019084], 
              [0.209611, 0.0019084, 0.786573, 0.0019084], 
              [0.203636, 0.371032, 0.247991, 0.177341], 
              [0.11087, 0.165252, 0.266176, 0.457702], 
              [0.225786, 0.409374, 0.274214, 0.090626]
            ]
          }, {
            "db": 0,
            "id": "filter122",
            "len": 14,
            "nsites": 14,
            "evalue": "1.0e+000",
            "pwm": [
              [0.227538, 0.237664, 0.24104, 0.293758], 
              [0.224184, 0.120823, 0.542014, 0.112979], 
              [0.595988, 0.0826038, 0.272467, 0.0489409], 
              [0.51625, 0.121927, 0.323011, 0.0388122], 
              [0.215149, 0.139887, 0.212965, 0.432], 
              [0.230913, 0.745287, 0.0220263, 0.00177305], 
              [0.934014, 0.0421844, 0.00852482, 0.0152766], 
              [0.00286525, 0.944142, 0.0186525, 0.0343404], 
              [0.12647, 0.0804035, 0.756506, 0.0366206], 
              [0.0366206, 0.183755, 0.0152752, 0.764349], 
              [0.00286525, 0.0152766, 0.736326, 0.245532], 
              [0.143262, 0.33539, 0.279191, 0.242156], 
              [0.232051, 0.154498, 0.221923, 0.391528], 
              [0.162426, 0.488099, 0.179206, 0.17027]
            ]
          }, {
            "db": 0,
            "id": "filter123",
            "len": 17,
            "nsites": 17,
            "evalue": "1.0e+000",
            "pwm": [
              [0.187884, 0.211846, 0.176947, 0.423323], 
              [0.141027, 0.258723, 0.212897, 0.387353], 
              [0.378643, 0.216199, 0.231509, 0.173649], 
              [0.0570351, 0.0559415, 0.374269, 0.512754], 
              [0.291456, 0.20417, 0.374269, 0.130105], 
              [0.211825, 0.297918, 0.389579, 0.100678], 
              [0.265284, 0.131186, 0.162797, 0.440734], 
              [0.592346, 0.0515723, 0.146424, 0.209658], 
              [0.331752, 0.441915, 0.17476, 0.0515723], 
              [0.00474269, 0.800462, 0.00146199, 0.193333], 
              [0.824438, 0.171544, 0.00255545, 0.00146199], 
              [0.0625029, 0.794994, 0.00146199, 0.141041], 
              [0.00692982, 0.0297953, 0.841918, 0.121357], 
              [0.0123977, 0.290363, 0.054848, 0.642392], 
              [0.38954, 0.00146199, 0.574832, 0.0341663], 
              [0.0319825, 0.572702, 0.155158, 0.240158], 
              [0.264216, 0.121357, 0.211825, 0.402602]
            ]
          }, {
            "db": 0,
            "id": "filter124",
            "len": 17,
            "nsites": 17,
            "evalue": "1.0e+000",
            "pwm": [
              [0.305106, 0.262354, 0.185896, 0.246644], 
              [0.476023, 0.194905, 0.212897, 0.116176], 
              [0.0914327, 0.235386, 0.0329766, 0.640205], 
              [0.039733, 0.15892, 0.673939, 0.127408], 
              [0.444556, 0.00593567, 0.548047, 0.00146199], 
              [0.271401, 0.19037, 0.437839, 0.10039], 
              [0.0463977, 0.786444, 0.00822222, 0.158936], 
              [0.0284062, 0.941726, 0.0284062, 0.00146199], 
              [0.90793, 0.00146199, 0.0891462, 0.00146199], 
              [0.788731, 0.203871, 0.00146199, 0.00593567], 
              [0.0891462, 0.23986, 0.0149825, 0.656012], 
              [0.10039, 0.65379, 0.172374, 0.0734458], 
              [0.622211, 0.0801988, 0.138655, 0.158936], 
              [0.0374467, 0.0577254, 0.865095, 0.039733], 
              [0.336591, 0.163409, 0.138655, 0.361345], 
              [0.176912, 0.15892, 0.372542, 0.291626], 
              [0.230912, 0.208345, 0.39286, 0.167883]
            ]
          }, {
            "db": 0,
            "id": "filter125",
            "len": 19,
            "nsites": 19,
            "evalue": "1.0e+000",
            "pwm": [
              [0.124249, 0.408226, 0.15399, 0.313534], 
              [0.400607, 0.163157, 0.341021, 0.0952147], 
              [0.21735, 0.410514, 0.135688, 0.236448], 
              [0.0272723, 0.592995, 0.250199, 0.129534], 
              [0.041, 0.27845, 0.14555, 0.535], 
              [0.325801, 0.131822, 0.235675, 0.306702], 
              [0.0975122, 0.144072, 0.230327, 0.528089], 
              [0.041004, 0.561716, 0.143276, 0.254004], 
              [0.279942, 0.409759, 0.156293, 0.154005], 
              [0.0226963, 0.31277, 0.392948, 0.271586], 
              [0.00896859, 0.760911, 0.00737696, 0.222743], 
              [0.156293, 0.800602, 0.0257801, 0.0173246], 
              [0.281506, 0.159361, 0.372319, 0.186814], 
              [0.0493608, 0.237191, 0.100596, 0.612852], 
              [0.0119529, 0.577675, 0.0234921, 0.38688], 
              [0.00439267, 0.261639, 0.132618, 0.601351], 
              [0.294466, 0.167733, 0.00508901, 0.532712], 
              [0.0364241, 0.686105, 0.0723351, 0.205136], 
              [0.224236, 0.166937, 0.0975026, 0.511325]
            ]
          }, {
            "db": 0,
            "id": "filter126",
            "len": 15,
            "nsites": 15,
            "evalue": "1.0e+000",
            "pwm": [
              [0.261325, 0.230232, 0.194967, 0.313477], 
              [0.468742, 0.187914, 0.176589, 0.166755], 
              [0.197768, 0.206312, 0.0665297, 0.529391], 
              [0.00165563, 0.00165563, 0.00165563, 0.995033], 
              [0.00165563, 0.00165563, 0.103278, 0.893411], 
              [0.069404, 0.900464, 0.0200331, 0.0100993], 
              [0.0030465, 0.776369, 0.00443736, 0.216147], 
              [0.223201, 0.231646, 0.27824, 0.266914], 
              [0.214735, 0.00165563, 0.721258, 0.062351], 
              [0.00165563, 0.00165563, 0.899073, 0.0976159], 
              [0.993642, 0.00165563, 0.00165563, 0.00304636], 
              [0.877914, 0.00165563, 0.00165563, 0.118775], 
              [0.553377, 0.130099, 0.148377, 0.168146], 
              [0.241556, 0.237285, 0.358675, 0.162483], 
              [0.324769, 0.275403, 0.226037, 0.173791]
            ]
          }, {
            "db": 0,
            "id": "filter127",
            "len": 13,
            "nsites": 13,
            "evalue": "1.0e+000",
            "pwm": [
              [0.301702, 0.240969, 0.274511, 0.182817], 
              [0.356842, 0.136361, 0.311595, 0.195202], 
              [0.484448, 0.252158, 0.244121, 0.0192731], 
              [0.0019084, 0.415725, 0.0124275, 0.569939], 
