<!DOCTYPE HTML>
<html>
  <head>
    <meta charset="UTF-8">
    <title>Tomtom Results</title>
    <script>
      // @JSON_VAR data
      var data = {
        "program": "Tomtom",
        "version": "5.3.3",
        "release": "Sun Feb 7 15:39:52 2021 -0800",
        "cmd": [
          "tomtom", "-evalue", "-thresh", "0.1", "-o",
          "results/filters/model-256/trial-1",
          "motifs/filters/model-256/trial-1.txt", "./motif_database.txt"
        ],
        "options": {
          "strands": "both",
          "distance_measure": "ed",
          "threshold_type": "evalue",
          "threshold_value": 0.1,
          "background_source": "--query--"
        },
        "alphabet": {
          "name": "DNA",
          "like": "dna",
          "ncore": 4,
          "symbols": [
            {
              "symbol": "A",
              "name": "Adenine",
              "colour": "CC0000",
              "complement": "T"
            }, {
              "symbol": "C",
              "name": "Cytosine",
              "colour": "0000CC",
              "complement": "G"
            }, {
              "symbol": "G",
              "name": "Guanine",
              "colour": "FFB300",
              "complement": "C"
            }, {
              "symbol": "T",
              "aliases": "U",
              "name": "Thymine",
              "colour": "008000",
              "complement": "A"
            }, {
              "symbol": "N",
              "aliases": "X.",
              "name": "Any base",
              "equals": "ACGT"
            }, {
              "symbol": "V",
              "name": "Not T",
              "equals": "ACG"
            }, {
              "symbol": "H",
              "name": "Not G",
              "equals": "ACT"
            }, {
              "symbol": "D",
              "name": "Not C",
              "equals": "AGT"
            }, {
              "symbol": "B",
              "name": "Not A",
              "equals": "CGT"
            }, {
              "symbol": "M",
              "name": "Amino",
              "equals": "AC"
            }, {
              "symbol": "R",
              "name": "Purine",
              "equals": "AG"
            }, {
              "symbol": "W",
              "name": "Weak",
              "equals": "AT"
            }, {
              "symbol": "S",
              "name": "Strong",
              "equals": "CG"
            }, {
              "symbol": "Y",
              "name": "Pyrimidine",
              "equals": "CT"
            }, {
              "symbol": "K",
              "name": "Keto",
              "equals": "GT"
            }
          ]
        },
        "background": [0.25, 0.25, 0.25, 0.25],
        "query_dbs": [
          {
            "source": "motifs/filters/model-256/trial-1.txt",
            "name": "trial-1.txt",
            "loaded": 256,
            "excluded": 0,
            "last_modified": "Sat Apr  3 13:05:07 2021"
          }
        ],
        "target_dbs": [
          {
            "source": "./motif_database.txt",
            "name": "motif_database.txt",
            "loaded": 1964,
            "excluded": 0,
            "last_modified": "Mon Mar 29 09:53:08 2021"
          }
        ],
        "queries": [
          {
            "db": 0,
            "id": "filter0",
            "len": 14,
            "nsites": 14,
            "evalue": "1.0e+000",
            "pwm": [
              [0.12369, 0.139575, 0.544144, 0.192591], 
              [0.15905, 0.575972, 0.155475, 0.109504], 
              [0.23322, 0.231433, 0.48234, 0.0530071], 
              [0.411645, 0.00356028, 0.581234, 0.00356028], 
              [0.512326, 0.475291, 0.00703546, 0.00534752], 
              [0.206709, 0.560085, 0.231433, 0.00177305], 
              [0.992894, 0.00177305, 0.00177305, 0.00356028], 
              [0.021234, 0.00177305, 0.00177305, 0.97522], 
              [0.00703546, 0.332113, 0.468241, 0.19261], 
              [0.00177305, 0.148426, 0.310965, 0.538837], 
              [0.0317589, 0.252681, 0.00177305, 0.713787], 
              [0.102464, 0.240293, 0.461138, 0.196105], 
              [0.243844, 0.180199, 0.471716, 0.104241], 
              [0.121915, 0.501801, 0.102454, 0.27383]
            ]
          }, {
            "db": 0,
            "id": "filter1",
            "len": 16,
            "nsites": 16,
            "evalue": "1.0e+000",
            "pwm": [
              [0.270969, 0.241553, 0.29164, 0.195839], 
              [0.241577, 0.056813, 0.158687, 0.542924], 
              [0.179441, 0.485031, 0.0766832, 0.258845], 
              [0.0067205, 0.460882, 0.39877, 0.133627], 
              [0.251963, 0.17684, 0.0895937, 0.481604], 
              [0.0982484, 0.157876, 0.289056, 0.45482], 
              [0.359913, 0.271764, 0.178547, 0.189776], 
              [0.109478, 0.364186, 0.265801, 0.260534], 
              [0.228634, 0.746696, 0.0214286, 0.00324224], 
              [0.772611, 0.136225, 0.00930512, 0.081859], 
              [0.196713, 0.515191, 0.277004, 0.0110922], 
              [0.0118892, 0.0343511, 0.947933, 0.00582651], 
              [0.0205342, 0.00930435, 0.196733, 0.773429], 
              [0.0533292, 0.358124, 0.444484, 0.144062], 
              [0.216531, 0.308068, 0.0921954, 0.383206], 
              [0.022323, 0.381478, 0.055913, 0.540286]
            ]
          }, {
            "db": 0,
            "id": "filter10",
            "len": 12,
            "nsites": 12,
            "evalue": "1.0e+000",
            "pwm": [
              [0.236909, 0.356909, 0.316248, 0.0899339], 
              [0.316217, 0.191865, 0.19722, 0.294698], 
              [0.323686, 0.233636, 0.38805, 0.0546281], 
              [0.705335, 0.077133, 0.135045, 0.0824878], 
              [0.269041, 0.180083, 0.0963802, 0.454496], 
              [0.365537, 0.457769, 0.102826, 0.0738678], 
              [0.0223987, 0.917728, 0.0299367, 0.0299367], 
              [0.660314, 0.276551, 0.0439132, 0.0192214], 
              [0.309771, 0.603494, 0.00315692, 0.0835786], 
              [0.0149587, 0.472744, 0.462033, 0.0502645], 
              [0.181092, 0.0105959, 0.00742202, 0.80089], 
              [0.38055, 0.00633101, 0.606788, 0.00633101]
            ]
          }, {
            "db": 0,
            "id": "filter100",
            "len": 12,
            "nsites": 12,
            "evalue": "1.0e+000",
            "pwm": [
              [0.229471, 0.250198, 0.259818, 0.260512], 
              [0.00414876, 0.947488, 0.00414876, 0.0442149], 
              [0.0262645, 0.705603, 0.0062314, 0.261901], 
              [0.653801, 0.127831, 0.0705027, 0.147866], 
              [0.201127, 0.0372762, 0.346927, 0.414669], 
              [0.163818, 0.0372727, 0.186628, 0.612281], 
              [0.448545, 0.288182, 0.0172397, 0.246033], 
              [0.353835, 0.498926, 0.00484298, 0.142397], 
              [0.0200183, 0.102936, 0.0200183, 0.857028], 
              [0.378033, 0.375256, 0.193471, 0.0532397], 
              [0.298565, 0.123046, 0.328215, 0.250174], 
              [0.50795, 0.107785, 0.186628, 0.197636]
            ]
          }, {
            "db": 0,
            "id": "filter101",
            "len": 13,
            "nsites": 13,
            "evalue": "1.0e+000",
            "pwm": [
              [0.172, 0.223504, 0.249802, 0.354695], 
              [0.181013, 0.202743, 0.227153, 0.389091], 
              [0.390023, 0.0507328, 0.325718, 0.233527], 
              [0.00825954, 0.0272137, 0.0208626, 0.943664], 
              [0.0751524, 0.106812, 0.792606, 0.0254298], 
              [0.756405, 0.237099, 0.00458779, 0.0019084], 
              [0.0317786, 0.329389, 0.456908, 0.181924], 
              [0.180137, 0.0163969, 0.0950916, 0.708374], 
              [0.251588, 0.667687, 0.00736641, 0.0733588], 
              [0.547412, 0.408084, 0.0425954, 0.0019084], 
              [0.418901, 0.313115, 0.0933053, 0.174679], 
              [0.218123, 0.167419, 0.0924032, 0.522055], 
              [0.0968684, 0.623365, 0.18012, 0.0996467]
            ]
          }, {
            "db": 0,
            "id": "filter102",
            "len": 20,
            "nsites": 20,
            "evalue": "1.0e+000",
            "pwm": [
              [0.263831, 0.235174, 0.236169, 0.264826], 
              [0.11597, 0.279652, 0.199055, 0.405323], 
              [0.768308, 0.188706, 0.011592, 0.031393], 
              [0.664925, 0.00422886, 0.287612, 0.0432338], 
              [0.6501, 0.0878109, 0.00124378, 0.260846], 
              [0.0803562, 0.292019, 0.413225, 0.214399], 
              [0.030398, 0.384527, 0.572488, 0.0125871], 
              [0.533383, 0.146119, 0.15209, 0.168408], 
              [0.251493, 0.315771, 0.410697, 0.0220398], 
              [0.383571, 0.094686, 0.308837, 0.212907], 
              [0.189204, 0.568507, 0.228209, 0.0140796], 
              [0.155075, 0.52791, 0.0858209, 0.231194], 
              [0.393383, 0.00771144, 0.464627, 0.134279], 
              [0.138245, 0.346881, 0.108596, 0.406278], 
              [0.191692, 0.440448, 0.275174, 0.0926866], 
              [0.33063, 0.0926957, 0.328142, 0.248532], 
              [0.136269, 0.498259, 0.216866, 0.148607], 
              [0.339055, 0.313781, 0.0808458, 0.266318], 
              [0.487413, 0.178259, 0.183234, 0.151095], 
              [0.0125871, 0.0516915, 0.407313, 0.528408]
            ]
          }, {
            "db": 0,
            "id": "filter103",
            "len": 13,
            "nsites": 13,
            "evalue": "1.0e+000",
            "pwm": [
              [0.181842, 0.124974, 0.297365, 0.395818], 
              [0.215863, 0.219733, 0.467824, 0.0965802], 
              [0.46971, 0.20455, 0.31629, 0.00945038], 
              [0.0019084, 0.0019084, 0.0454733, 0.95071], 
              [0.00379389, 0.00567939, 0.986733, 0.00379389], 
              [0.986733, 0.0019084, 0.0019084, 0.00945038], 
              [0.0152061, 0.520817, 0.407191, 0.0567863], 
              [0.0170901, 0.039813, 0.0019084, 0.941189], 
              [0.0227481, 0.969664, 0.0019084, 0.00567939], 
              [0.969664, 0.00567939, 0.0189771, 0.00567939], 
              [0.00756489, 0.359855, 0.251885, 0.380695], 
              [0.25, 0.253771, 0.242458, 0.253771], 
              [0.200779, 0.189366, 0.248115, 0.36174]
            ]
          }, {
            "db": 0,
            "id": "filter104",
            "len": 19,
            "nsites": 19,
            "evalue": "1.0e+000",
            "pwm": [
              [0.340623, 0.12277, 0.210906, 0.325702], 
              [0.270791, 0.347288, 0.151021, 0.230901], 
              [0.029563, 0.299072, 0.418853, 0.252512], 
              [0.0445812, 0.84467, 0.0013089, 0.10944], 
              [0.00628322, 0.0379199, 0.154319, 0.801478], 
              [0.575246, 0.0112575, 0.126065, 0.287432], 
              [0.141059, 0.560211, 0.195965, 0.102765], 
              [0.485361, 0.387277, 0.102775, 0.0245864], 
              [0.846277, 0.0695429, 0.0213017, 0.0628787], 
              [0.305707, 0.558576, 0.00628272, 0.129435], 
              [0.119399, 0.245846, 0.0362286, 0.598526], 
              [0.585177, 0.0279659, 0.144342, 0.242515], 
              [0.0678586, 0.0911361, 0.803089, 0.0379162], 
              [0.255844, 0.348944, 0.26579, 0.129422], 
              [0.142679, 0.377268, 0.274101, 0.205952], 
              [0.124361, 0.237565, 0.55022, 0.0878534], 
              [0.680037, 0.0362251, 0.116105, 0.167634], 
              [0.533554, 0.237542, 0.141059, 0.0878447], 
              [0.154304, 0.171016, 0.275764, 0.398916]
            ]
          }, {
            "db": 0,
            "id": "filter105",
            "len": 16,
            "nsites": 16,
            "evalue": "1.0e+000",
            "pwm": [
              [0.274176, 0.233129, 0.247838, 0.244857], 
              [0.453031, 0.00741615, 0.324037, 0.215516], 
              [0.0132795, 0.754944, 0.230224, 0.0015528], 
              [0.148137, 0.540981, 0.0015528, 0.309329], 
              [0.687634, 0.00443507, 0.303496, 0.00443507], 
              [0.441304, 0.0484596, 0.0191429, 0.491093], 
              [0.494124, 0.0923942, 0.00443507, 0.409047], 
              [0.0015528, 0.0836398, 0.0865217, 0.828286], 
              [0.0689384, 0.010299, 0.605539, 0.315224], 
              [0.104122, 0.0337548, 0.813659, 0.0484643], 
              [0.11882, 0.620087, 0.124683, 0.13641], 
              [0.11882, 0.602497, 0.0953665, 0.183317], 
              [0.10123, 0.0895031, 0.634795, 0.174472], 
              [0.400261, 0.441304, 0.11882, 0.0396149], 
              [0.142273, 0.174472, 0.22436, 0.458894], 
              [0.602557, 0.0719201, 0.14517, 0.180353]
            ]
          }, {
            "db": 0,
            "id": "filter106",
            "len": 14,
            "nsites": 14,
            "evalue": "1.0e+000",
            "pwm": [
              [0.219496, 0.36117, 0.221084, 0.19825], 
              [0.269786, 0.242379, 0.245457, 0.242379], 
              [0.507362, 0.167787, 0.236298, 0.0885532], 
              [0.00485106, 0.00177305, 0.178411, 0.814965], 
              [0.0139846, 0.0413861, 0.875842, 0.0687876], 
              [0.903333, 0.0428794, 0.0520142, 0.00177305], 
              [0.00177305, 0.37183, 0.621546, 0.00485106], 
              [0.00177305, 0.256057, 0.00177305, 0.740397], 
              [0.00177305, 0.959631, 0.0368227, 0.00177305], 
              [0.994681, 0.00177305, 0.00177305, 0.00177305], 
              [0.0109078, 0.335291, 0.064227, 0.589574], 
              [0.169277, 0.470823, 0.0443688, 0.315532], 
              [0.119035, 0.295674, 0.154085, 0.431206], 
              [0.179919, 0.289646, 0.170783, 0.359653]
            ]
          }, {
            "db": 0,
            "id": "filter107",
            "len": 14,
            "nsites": 14,
            "evalue": "1.0e+000",
            "pwm": [
              [0.209965, 0.497383, 0.135604, 0.157048], 
              [0.363552, 0.122399, 0.26447, 0.249578], 
              [0.0413901, 0.257844, 0.198369, 0.502397], 
              [0.044766, 0.00177305, 0.0132908, 0.94017], 
              [0.00673759, 0.0100142, 0.00673759, 0.976511], 
              [0.18844, 0.804738, 0.00504965, 0.00177305], 
              [0.0480426, 0.867489, 0.00177305, 0.082695], 
              [0.18844, 0.221504, 0.432993, 0.157064], 
              [0.0545957, 0.0943121, 0.849319, 0.00177305], 
              [0.0132908, 0.00346099, 0.879007, 0.104241], 
              [0.854198, 0.0166652, 0.0910265, 0.0381098], 
              [0.943447, 0.00504965, 0.0117021, 0.0398014], 
              [0.474298, 0.0811064, 0.233021, 0.211574], 
              [0.168681, 0.337177, 0.178511, 0.315631]
            ]
          }, {
            "db": 0,
            "id": "filter108",
            "len": 15,
            "nsites": 15,
            "evalue": "1.0e+000",
            "pwm": [
              [0.446192, 0.0568874, 0.167252, 0.329669], 
              [0.136556, 0.145795, 0.541258, 0.176391], 
              [0.176391, 0.231623, 0.394139, 0.197848], 
              [0.0384143, 0.728384, 0.219326, 0.0138754], 
              [0.0200331, 0.906126, 0.010894, 0.062947], 
              [0.219305, 0.00781457, 0.771225, 0.00165563], 
              [0.00165563, 0.31745, 0.676159, 0.0047351], 
              [0.66394, 0.00165563, 0.00165563, 0.332748], 
              [0.719073, 0.0047351, 0.00165563, 0.274536], 
              [0.0905629, 0.161093, 0.746689, 0.00165563], 
              [0.0261945, 0.449316, 0.0138754, 0.510614], 
              [0.0752575, 0.0997915, 0.768069, 0.0568819], 
              [0.167252, 0.268377, 0.550497, 0.0138742], 
              [0.161093, 0.608709, 0.136556, 0.0936424], 
              [0.121258, 0.299073, 0.127318, 0.452351]
            ]
          }, {
            "db": 0,
            "id": "filter109",
            "len": 17,
            "nsites": 17,
            "evalue": "1.0e+000",
            "pwm": [
              [0.248036, 0.249627, 0.260464, 0.241872], 
              [0.282182, 0.220154, 0.215482, 0.282182], 
              [0.181386, 0.294608, 0.252659, 0.271347], 
              [0.626485, 0.0510702, 0.176731, 0.145713], 
              [0.291485, 0.331852, 0.291485, 0.085178], 
              [0.285321, 0.209261, 0.407813, 0.0976061], 
              [0.666848, 0.153468, 0.178222, 0.00146199], 
              [0.00146199, 0.00454386, 0.00146199, 0.992532], 
              [0.00454386, 0.00305263, 0.990942, 0.00146199], 
              [0.738129, 0.00305263, 0.257357, 0.00146199], 
              [0.241848, 0.477561, 0.274456, 0.0061345], 
              [0.00146199, 0.0216433, 0.0665789, 0.910316], 
              [0.00762573, 0.826608, 0.162713, 0.00305263], 
              [0.794, 0.142632, 0.0588246, 0.00454386], 
              [0.0634909, 0.308525, 0.302362, 0.325623], 
              [0.190649, 0.452807, 0.255865, 0.100678], 
              [0.150371, 0.243414, 0.249578, 0.356637]
            ]
          }, {
            "db": 0,
            "id": "filter11",
            "len": 20,
            "nsites": 20,
            "evalue": "1.0e+000",
            "pwm": [
              [0.258159, 0.227711, 0.271194, 0.242935], 
              [0.0556716, 0.0578607, 0.610896, 0.275572], 
              [0.218955, 0.462836, 0.105721, 0.212488], 
              [0.149289, 0.282111, 0.488956, 0.0796439], 
              [0.586974, 0.0534878, 0.201562, 0.157976], 
              [0.164544, 0.656633, 0.107921, 0.0709025], 
              [0.13408, 0.0992537, 0.0883085, 0.678358], 
              [0.212488, 0.10791, 0.0665174, 0.613085], 
              [0.114478, 0.79597, 0.0512935, 0.0382587], 
              [0.371393, 0.536866, 0.0164677, 0.0752736], 
              [0.0120906, 0.269032, 0.669768, 0.0491093], 
              [0.0948756, 0.57607, 0.312587, 0.0164677], 
              [0.0904975, 0.236368, 0.563035, 0.1101], 
              [0.0470103, 0.1863, 0.576012, 0.190678], 
              [0.438856, 0.266915, 0.0948756, 0.199353], 
              [0.682736, 0.0295025, 0.166716, 0.121045], 
              [0.0796439, 0.00781029, 0.893891, 0.018655], 
              [0.0142786, 0.319154, 0.192886, 0.473682], 
              [0.151493, 0.33, 0.384428, 0.13408], 
              [0.258159, 0.253781, 0.153682, 0.334378]
            ]
          }, {
            "db": 0,
            "id": "filter110",
            "len": 15,
            "nsites": 15,
            "evalue": "1.0e+000",
            "pwm": [
              [0.339305, 0.253675, 0.229238, 0.177781], 
              [0.224294, 0.243865, 0.309931, 0.221909], 
              [0.136258, 0.0921523, 0.451854, 0.319735], 
              [0.00165563, 0.669603, 0.163179, 0.165563], 
              [0.00165563, 0.711225, 0.00165563, 0.285464], 
              [0.00165563, 0.995033, 0.00165563, 0.00165563], 
              [0.00165563, 0.995033, 0.00165563, 0.00165563], 
              [0.119073, 0.00165563, 0.613377, 0.265894], 
              [0.0212252, 0.975464, 0.00165563, 0.00165563], 
              [0.00413907, 0.99255, 0.00165563, 0.00165563], 
              [0.00165563, 0.774801, 0.00165563, 0.221887], 
              [0.114205, 0.762583, 0.00165563, 0.121556], 
              [0.150861, 0.520397, 0.0359272, 0.292815], 
              [0.234083, 0.18273, 0.307486, 0.275701], 
              [0.33447, 0.111733, 0.216942, 0.336855]
            ]
          }, {
            "db": 0,
            "id": "filter111",
            "len": 14,
            "nsites": 14,
            "evalue": "1.0e+000",
            "pwm": [
              [0.323376, 0.277702, 0.16034, 0.238582], 
              [0.0756454, 0.358128, 0.20383, 0.362397], 
              [0.43627, 0.108213, 0.303816, 0.151702], 
              [0.0278839, 0.560129, 0.060448, 0.351539], 
              [0.00395745, 0.00177305, 0.00832624, 0.985943], 
              [0.00177305, 0.00177305, 0.319007, 0.677447], 
              [0.0278839, 0.955465, 0.00614141, 0.0105098], 
              [0.00177305, 0.796993, 0.00177305, 0.199461], 
              [0.0105098, 0.0517113, 0.83603, 0.101749], 
              [0.518879, 0.0886525, 0.332014, 0.0604539], 
              [0.0105098, 0.0800064, 0.414583, 0.494901], 
              [0.37765, 0.18862, 0.119123, 0.314607], 
              [0.468936, 0.193007, 0.195092, 0.142965], 
              [0.145135, 0.116939, 0.488448, 0.249479]
            ]
          }, {
            "db": 0,
            "id": "filter112",
            "len": 14,
            "nsites": 14,
            "evalue": "1.0e+000",
            "pwm": [
              [0.229767, 0.201864, 0.271275, 0.297093], 
              [0.0331489, 0.623333, 0.204426, 0.139092], 
              [0.0853759, 0.00584397, 0.371035, 0.537745], 
              [0.620789, 0.244912, 0.00485076, 0.129448], 
              [0.413135, 0.0022695, 0.182085, 0.402511], 
              [0.14366, 0.260624, 0.0610496, 0.534667], 
              [0.468837, 0.00941844, 0.0270922, 0.494652], 
              [0.855376, 0.0104113, 0.0159716, 0.118241], 
              [0.210979, 0.0463546, 0.0149787, 0.727688], 
              [0.432354, 0.114755, 0.025104, 0.427787], 
              [0.272837, 0.00177305, 0.588383, 0.137007], 
              [0.427333, 0.17295, 0.126383, 0.273333], 
              [0.579802, 0.101074, 0.236818, 0.0823059], 
              [0.181607, 0.135035, 0.247443, 0.435916]
            ]
          }, {
            "db": 0,
            "id": "filter113",
            "len": 14,
            "nsites": 14,
            "evalue": "1.0e+000",
            "pwm": [
              [0.267972, 0.211972, 0.375106, 0.14495], 
              [0.260003, 0.482193, 0.147914, 0.10989], 
              [0.043773, 0.0949078, 0.435177, 0.426142], 
              [0.113872, 0.860539, 0.0098156, 0.015773], 
              [0.456227, 0.00177305, 0.428128, 0.113872], 
              [0.149915, 0.00177305, 0.77644, 0.0718723], 
              [0.516199, 0.432199, 0.0218298, 0.029773], 
              [0.869574, 0.00475177, 0.0608511, 0.0648227], 
              [0.113872, 0.030766, 0.462184, 0.393177], 
              [0.0778298, 0.157957, 0.0407943, 0.723418], 
              [0.589277, 0.00475177, 0.221007, 0.184965], 
              [0.293022, 0.251018, 0.25499, 0.20097], 
              [0.0648164, 0.480207, 0.16092, 0.294056], 
              [0.32106, 0.147914, 0.112868, 0.418157]
            ]
          }, {
            "db": 0,
            "id": "filter114",
            "len": 13,
            "nsites": 13,
            "evalue": "1.0e+000",
            "pwm": [
              [0.287086, 0.181608, 0.0875411, 0.443765], 
              [0.414534, 0.404115, 0.157511, 0.0238397], 
              [0.489707, 0.285002, 0.0750385, 0.150252], 
              [0.572221, 0.0395191, 0.0854656, 0.302794], 
              [0.53987, 0.13042, 0.180534, 0.149176], 
              [0.818743, 0.00299989, 0.12098, 0.0572769], 
              [0.00816031, 0.0019084, 0.0426947, 0.947237], 
              [0.424954, 0.062542, 0.510595, 0.0019084], 
              [0.0405115, 0.003, 0.952496, 0.00399237], 
              [0.0833817, 0.669374, 0.229656, 0.0175878], 
              [0.11474, 0.172198, 0.336137, 0.376924], 
              [0.0760308, 0.181608, 0.280835, 0.461527], 
              [0.26826, 0.452145, 0.173191, 0.106405]
            ]
          }, {
            "db": 0,
            "id": "filter115",
            "len": 20,
            "nsites": 20,
            "evalue": "1.0e+000",
            "pwm": [
              [0.267313, 0.22393, 0.256965, 0.251791], 
              [0.249726, 0.141457, 0.4797, 0.129117], 
              [0.642637, 0.215672, 0.0672139, 0.0744776], 
              [0.481741, 0.090995, 0.0764677, 0.350796], 
              [0.304428, 0.192985, 0.340448, 0.162139], 
              [0.361144, 0.1899, 0.145622, 0.303333], 
              [0.277562, 0.286816, 0.176567, 0.259055], 
              [0.00532338, 0.429204, 0.228109, 0.337363], 
              [0.181642, 0.384826, 0.310597, 0.122935], 
              [0.885014, 0.0280126, 0.0249277, 0.0620459], 
              [0.00223891, 0.414718, 0.339487, 0.243557], 
              [0.245622, 0.136368, 0.166219, 0.451791], 
              [0.231194, 0.00532338, 0.106418, 0.657065], 
              [0.188905, 0.681741, 0.00124378, 0.128109], 
              [0.0950746, 0.554975, 0.343532, 0.00641791], 
              [0.0785649, 0.0280126, 0.789084, 0.104339], 
              [0.0796439, 0.00641739, 0.563178, 0.350761], 
              [0.0981592, 0.478657, 0.262139, 0.161045], 
              [0.00850746, 0.0960697, 0.418856, 0.476567], 
              [0.0476166, 0.518907, 0.146631, 0.286844]
            ]
          }, {
            "db": 0,
            "id": "filter116",
            "len": 15,
            "nsites": 15,
            "evalue": "1.0e+000",
            "pwm": [
              [0.331159, 0.286556, 0.211656, 0.170629], 
              [0.104272, 0.24543, 0.320331, 0.329967], 
              [0.170629, 0.555662, 0.0246026, 0.249106], 
              [0.0161589, 0.0293709, 0.256358, 0.698113], 
              [0.799536, 0.0124834, 0.14649, 0.0414901], 
              [0.252682, 0.145298, 0.0379139, 0.564106], 
              [0.240638, 0.00165563, 0.00652269, 0.751183], 
              [0.681225, 0.00165563, 0.115099, 0.20202], 
              [0.86947, 0.00165563, 0.00771523, 0.121159], 
              [0.00890728, 0.00403974, 0.00165563, 0.985397], 
              [0.741523, 0.216523, 0.040298, 0.00165563], 
              [0.181475, 0.00890801, 0.765739, 0.0438784], 
              [0.451899, 0.245455, 0.218929, 0.0837168], 
              [0.224967, 0.349238, 0.138046, 0.287748], 
              [0.0740728, 0.333543, 0.311887, 0.280497]
            ]
          }, {
            "db": 0,
            "id": "filter117",
            "len": 19,
            "nsites": 19,
            "evalue": "1.0e+000",
            "pwm": [
              [0.244827, 0.278351, 0.243832, 0.23299], 
              [0.287204, 0.241843, 0.199466, 0.271487], 
              [0.207325, 0.145251, 0.0496545, 0.59777], 
              [0.0318451, 0.0703386, 0.603678, 0.294138], 
              [0.347387, 0.472529, 0.0388115, 0.141272], 
              [0.0013089, 0.863969, 0.0180209, 0.116702], 
              [0.0013089, 0.876714, 0.11669, 0.00528756], 
              [0.784089, 0.00230366, 0.0318482, 0.181759], 
              [0.0042929, 0.048655, 0.00528756, 0.941765], 
              [0.792027, 0.00230376, 0.0515495, 0.15412], 
              [0.0013089, 0.00329843, 0.225131, 0.770262], 
              [0.741712, 0.0013089, 0.25567, 0.0013089], 
              [0.157089, 0.0900419, 0.00329843, 0.749571], 
              [0.00528796, 0.117597, 0.870832, 0.00628272], 
              [0.0111571, 0.0466702, 0.913209, 0.0289634], 
              [0.144271, 0.110744, 0.472576, 0.272409], 
              [0.164948, 0.556387, 0.157089, 0.121576], 
              [0.653974, 0.0496545, 0.064377, 0.231995], 
              [0.152115, 0.250696, 0.259649, 0.337539]
            ]
          }, {
            "db": 0,
            "id": "filter118",
            "len": 12,
            "nsites": 12,
            "evalue": "1.0e+000",
            "pwm": [
              [0.133372, 0.0785289, 0.284314, 0.503785], 
              [0.0295344, 0.39406, 0.290136, 0.286269], 
              [0.329339, 0.439124, 0.137339, 0.0941983], 
              [0.0530413, 0.686066, 0.129504, 0.131388], 
              [0.156892, 0.637138, 0.172563, 0.0334081], 
              [0.0452066, 0.678231, 0.0510579, 0.225504], 
              [0.307818, 0.00206612, 0.200017, 0.490099], 
              [0.0412397, 0.948678, 0.00404959, 0.00603306], 
              [0.725312, 0.00206612, 0.0745692, 0.198053], 
              [0.121669, 0.429306, 0.060876, 0.388149], 
              [0.043219, 0.34309, 0.0138666, 0.599825], 
              [0.0706942, 0.627256, 0.0373719, 0.264678]
            ]
          }, {
            "db": 0,
            "id": "filter119",
            "len": 16,
            "nsites": 16,
            "evalue": "1.0e+000",
            "pwm": [
              [0.263343, 0.263343, 0.217922, 0.255392], 
              [0.175185, 0.127081, 0.239291, 0.458443], 
              [0.252683, 0.260733, 0.223267, 0.263317], 
              [0.698795, 0.0122857, 0.0870186, 0.201901], 
              [0.600012, 0.0416025, 0.113752, 0.244634], 
              [0.220584, 0.0015528, 0.0015528, 0.776311], 
              [0.172484, 0.461081, 0.0710186, 0.295416], 
              [0.372932, 0.0015528, 0.0015528, 0.623963], 
              [0.0015528, 0.0015528, 0.995342, 0.0015528], 
              [0.0870186, 0.909876, 0.0015528, 0.0015528], 
              [0.338149, 0.0015528, 0.0015528, 0.658745], 
              [0.0442857, 0.0015528, 0.835043, 0.119118], 
              [0.893776, 0.0015528, 0.00691925, 0.0977516], 
              [0.121801, 0.380882, 0.132435, 0.364882], 
              [0.145851, 0.172484, 0.0923851, 0.58928], 
              [0.180534, 0.375516, 0.207267, 0.236683]
            ]
          }, {
            "db": 0,
            "id": "filter12",
            "len": 14,
            "nsites": 14,
            "evalue": "1.0e+000",
            "pwm": [
              [0.224184, 0.255957, 0.262312, 0.257546], 
              [0.278199, 0.305206, 0.17017, 0.246426], 
              [0.421177, 0.294085, 0.179702, 0.105035], 
              [0.546681, 0.11139, 0.314738, 0.0271915], 
              [0.114567, 0.45295, 0.39417, 0.0383121], 
              [0.00177305, 0.888241, 0.0748511, 0.0351348], 
              [0.840582, 0.109801, 0.047844, 0.00177305], 
              [0.0144823, 0.974028, 0.00177305, 0.00971631], 
              [0.116156, 0.00177305, 0.756383, 0.125688], 
              [0.0033617, 0.0986809, 0.00177305, 0.896184], 
              [0.00177305, 0.395759, 0.600695, 0.00177305], 
              [0.166993, 0.584809, 0.187645, 0.0605532], 
              [0.133631, 0.33539, 0.349688, 0.181291], 
              [0.165404, 0.483135, 0.198766, 0.152695]
            ]
          }, {
            "db": 0,
            "id": "filter120",
            "len": 14,
            "nsites": 14,
            "evalue": "1.0e+000",
            "pwm": [
              [0.198965, 0.184965, 0.096, 0.520071], 
              [0.356043, 0.096, 0.233816, 0.314142], 
              [0.279191, 0.528809, 0.0768369, 0.115163], 
              [0.00177305, 0.809702, 0.150113, 0.0384113], 
              [0.3246, 0.616047, 0.05758, 0.00177305], 
              [0.184965, 0.00177305, 0.799277, 0.0139858], 
              [0.0035601, 0.00177305, 0.945735, 0.0489315], 
              [0.94583, 0.0506241, 0.00177305, 0.00177305], 
              [0.914454, 0.00524823, 0.00177305, 0.0785248], 
              [0.411803, 0.0279832, 0.556654, 0.0035601], 
              [0.218128, 0.153589, 0.00703546, 0.621248], 
              [0.13095, 0.20939, 0.520071, 0.139589], 
              [0.415319, 0.200752, 0.369943, 0.0139858], 
              [0.198945, 0.26179, 0.359482, 0.179784]
            ]
          }, {
            "db": 0,
            "id": "filter121",
            "len": 16,
            "nsites": 16,
            "evalue": "1.0e+000",
            "pwm": [
              [0.292634, 0.214124, 0.271764, 0.221478], 
              [0.272758, 0.23718, 0.229826, 0.260236], 
              [0.154413, 0.150238, 0.284314, 0.411035], 
              [0.0717143, 0.620484, 0.0874161, 0.220385], 
              [0.0957734, 0.070628, 0.136622, 0.696976], 
              [0.873901, 0.0015528, 0.0015528, 0.122994], 
              [0.0319627, 0.0015528, 0.0015528, 0.964932], 
              [0.186894, 0.0444845, 0.0015528, 0.767068], 
              [0.798472, 0.0015528, 0.0413043, 0.158671], 
              [0.972286, 0.0015528, 0.0015528, 0.0246087], 
              [0.196335, 0.0015528, 0.0015528, 0.800559], 
              [0.671831, 0.0957734, 0.138709, 0.0936862], 
              [0.161752, 0.159665, 0.642447, 0.0361366], 
              [0.330398, 0.340832, 0.0915901, 0.23718], 
              [0.26441, 0.239267, 0.279019, 0.217304], 
              [0.303168, 0.279019, 0.257056, 0.160758]
            ]
          }, {
            "db": 0,
            "id": "filter122",
            "len": 20,
            "nsites": 20,
            "evalue": "1.0e+000",
            "pwm": [
              [0.243234, 0.251692, 0.267015, 0.23806], 
              [0.405025, 0.0523881, 0.484229, 0.0583582], 
              [0.237264, 0.270398, 0.127313, 0.365025], 
              [0.446816, 0.348806, 0.124726, 0.0796517], 
              [0.584826, 0.136667, 0.212488, 0.0660199], 
              [0.201463, 0.261071, 0.150313, 0.387153], 
              [0.422977, 0.307941, 0.117076, 0.152005], 
              [0.220149, 0.355672, 0.227811, 0.196368], 
              [0.141827, 0.182718, 0.221023, 0.454432], 
              [0.112886, 0.241443, 0.0787562, 0.566915], 
              [0.009801, 0.507313, 0.365821, 0.117065], 
              [0.0327861, 0.535373, 0.0421393, 0.389701], 
              [0.460448, 0.488507, 0.0251244, 0.0259204], 
              [0.490248, 0.0276146, 0.184446, 0.297691], 
              [0.0148743, 0.325788, 0.291762, 0.367575], 
              [0.904319, 0.00124378, 0.0625434, 0.0318936], 
              [0.00124378, 0.393124, 0.46129, 0.144343], 
              [0.215075, 0.573682, 0.125622, 0.0856219], 
              [0.0268159, 0.070199, 0.203134, 0.699851], 
              [0.120535, 0.0583525, 0.580489, 0.240623]
            ]
          }, {
            "db": 0,
            "id": "filter123",
            "len": 14,
            "nsites": 14,
            "evalue": "1.0e+000",
            "pwm": [
              [0.234785, 0.163303, 0.200335, 0.401577], 
              [0.563064, 0.068, 0.245333, 0.123603], 
              [0.353957, 0.229447, 0.388312, 0.0282837], 
              [0.00177305, 0.984057, 0.0123972, 0.00177305], 
              [0.970851, 0.00177305, 0.00703546, 0.0203404], 
              [0.00177305, 0.962908, 0.00177305, 0.0335461], 
              [0.022922, 0.00177305, 0.973532, 0.00177305], 
              [0.00177305, 0.0044539, 0.00177305, 0.992], 
              [0.00177305, 0.00177305, 0.994681, 0.00177305], 
              [0.110309, 0.340686, 0.380407, 0.168598], 
              [0.157957, 0.216241, 0.0203404, 0.605461], 
              [0.300936, 0.171262, 0.28505, 0.242752], 
              [0.269163, 0.218922, 0.377787, 0.134128], 
              [0.282468, 0.232128, 0.271844, 0.21356]
            ]
          }, {
            "db": 0,
            "id": "filter124",
            "len": 20,
            "nsites": 20,
            "evalue": "1.0e+000",
            "pwm": [
              [0.237463, 0.243333, 0.251493, 0.267711], 
              [0.136255, 0.313153, 0.467864, 0.0827282], 
              [0.409701, 0.00124378, 0.242139, 0.346915], 
              [0.049005, 0.176965, 0.0500995, 0.72393], 
              [0.566816, 0.09199, 0.227015, 0.114179], 
              [0.211891, 0.0676119, 0.288706, 0.431791], 
              [0.246791, 0.293354, 0.129291, 0.330564], 
              [0.0151755, 0.61225, 0.0314956, 0.341079], 
              [0.166501, 0.598199, 0.0373596, 0.197941], 
              [0.136269, 0.615672, 0.199055, 0.049005], 
              [0.601741, 0.0233333, 0.364328, 0.010597], 
              [0.128109, 0.513284, 0.115274, 0.243333], 
              [0.395732, 0.0745698, 0.147896, 0.381803], 
              [0.197941, 0.00591993, 0.0710875, 0.725052], 
              [0.702965, 0.159536, 0.0850165, 0.0524824], 
              [0.309602, 0.00940299, 0.655274, 0.0257214], 
              [0.139751, 0.459751, 0.0850249, 0.315473], 
              [0.275871, 0.176965, 0.541244, 0.0059204], 
              [0.296866, 0.179254, 0.377164, 0.146716], 
              [0.367811, 0.315473, 0.202537, 0.114179]
            ]
          }, {
            "db": 0,
            "id": "filter125",
            "len": 20,
            "nsites": 20,
            "evalue": "1.0e+000",
            "pwm": [
              [0.267811, 0.283333, 0.181045, 0.267811], 
              [0.236866, 0.236866, 0.354577, 0.171692], 
              [0.196567, 0.382537, 0.106617, 0.314279], 
              [0.822719, 0.050801, 0.0291073, 0.0973728], 
              [0.649104, 0.0942786, 0.208905, 0.0477114], 
              [0.304995, 0.215153, 0.478609, 0.00124378], 
              [0.5499, 0.30194, 0.0849254, 0.0632338], 
              [0.0198489, 0.181027, 0.0353697, 0.763755], 
              [0.1531, 0.0291073, 0.788686, 0.0291073], 
              [0.109701, 0.00124378, 0.869204, 0.0198507], 
              [0.388706, 0.469303, 0.00432836, 0.137662], 
              [0.193402, 0.283362, 0.274007, 0.249229], 
              [0.0167662, 0.00741294, 0.937363, 0.0384577], 
              [0.038454, 0.887722, 0.00124378, 0.0725799], 
              [0.159353, 0.636667, 0.122139, 0.0818408], 
              [0.475473, 0.17796, 0.221343, 0.125224], 
              [0.128308, 0.106617, 0.103532, 0.661542], 
              [0.277137, 0.295742, 0.326684, 0.100438], 
              [0.156269, 0.162438, 0.106617, 0.574677], 
              [0.419709, 0.0322855, 0.115959, 0.432046]
            ]
          }, {
            "db": 0,
            "id": "filter126",
            "len": 17,
            "nsites": 17,
            "evalue": "1.0e+000",
            "pwm": [
              [0.154661, 0.0885497, 0.393556, 0.363234], 
              [0.260637, 0.542082, 0.0324795, 0.164801], 
              [0.22962, 0.386795, 0.345041, 0.0385439], 
              [0.0149825, 0.820842, 0.0709532, 0.0932222], 
              [0.405784, 0.0311871, 0.40638, 0.156649], 
              [0.189058, 0.22624, 0.090538, 0.494164], 
              [0.805253, 0.0156769, 0.0338681, 0.145202], 
              [0.00553801, 0.0588246, 0.243041, 0.692596], 
              [0.72431, 0.0169708, 0.068269, 0.19045], 
              [0.458374, 0.00683041, 0.100678, 0.434117], 
              [0.144535, 0.122264, 0.623764, 0.109438], 
              [0.138456, 0.343649, 0.488099, 0.0297953], 
              [0.133075, 0.0285002, 0.562306, 0.276119], 
              [0.531299, 0.415866, 0.0264177, 0.0264177], 
              [0.216774, 0.161405, 0.53666, 0.0851612], 
              [0.176251, 0.425311, 0.238392, 0.160045], 
              [0.0223392, 0.13776, 0.386199, 0.453702]
            ]
          }, {
            "db": 0,
            "id": "filter127",
            "len": 16,
            "nsites": 16,
            "evalue": "1.0e+000",
            "pwm": [
              [0.218894, 0.208957, 0.252484, 0.319665], 
              [0.157661, 0.333445, 0.141862, 0.367032], 
              [0.19715, 0.260361, 0.284115, 0.258374], 
              [0.0113913, 0.55082, 0.317677, 0.120112], 
              [0.0113913, 0.102323, 0.0153665, 0.870919], 
              [0.0213272, 0.353219, 0.536953, 0.0885006], 
              [0.781975, 0.165528, 0.00950311, 0.0429938], 
              [0.0845259, 0.0233146, 0.00751493, 0.884645], 
              [0.0015528, 0.0271925, 0.0015528, 0.969702], 
              [0.0411056, 0.0015528, 0.955789, 0.0015528], 
              [0.0015528, 0.0113923, 0.942069, 0.0449857], 
              [0.345304, 0.337453, 0.0015528, 0.315689], 
              [0.0015528, 0.250497, 0.16354, 0.58441], 
              [0.141862, 0.357194, 0.343283, 0.157661], 
              [0.355242, 0.311714, 0.29005, 0.0429938], 
              [0.169486, 0.139874, 0.240634, 0.450005]
            ]
          }, {
            "db": 0,
            "id": "filter128",
            "len": 15,
            "nsites": 15,
            "evalue": "1.0e+000",
            "pwm": [
              [0.189385, 0.238354, 0.269841, 0.30242], 
              [0.296589, 0.315265, 0.247715, 0.14043], 
              [0.188212, 0.298974, 0.216225, 0.296589], 
              [0.00980132, 0.170728, 0.0319536, 0.787517], 
              [0.147384, 0.142715, 0.0343377, 0.675563], 
              [0.0833113, 0.73149, 0.0215232, 0.163675], 
