MEME version 4

ALPHABET= ACGT

Background letter frequencies:
A 0.2500 C 0.2500 G 0.2500 T 0.2500 

MOTIF filter0 
letter-probability matrix: alength= 4 w= 16 nsites= 16 
0.2878 0.2590 0.2572 0.1960 
0.2716 0.2734 0.2248 0.2302 
0.0935 0.2032 0.4568 0.2464 
0.0000 0.7104 0.0629 0.2266 
0.0036 0.7770 0.0000 0.2194 
0.0000 1.0000 0.0000 0.0000 
0.0000 1.0000 0.0000 0.0000 
0.1241 0.0000 0.5665 0.3094 
0.0000 1.0000 0.0000 0.0000 
0.0000 1.0000 0.0000 0.0000 
0.0000 0.7698 0.0000 0.2302 
0.1079 0.7410 0.0000 0.1511 
0.0540 0.5845 0.0863 0.2752 
0.2518 0.2572 0.2482 0.2428 
0.2698 0.2464 0.2410 0.2428 
0.2392 0.2842 0.2446 0.2320 

MOTIF filter1 
letter-probability matrix: alength= 4 w= 16 nsites= 16 
0.2397 0.2373 0.2501 0.2728 
0.2368 0.2730 0.2528 0.2373 
0.1758 0.1327 0.3010 0.3905 
0.1332 0.6263 0.0389 0.2017 
0.0093 0.1252 0.0408 0.8247 
0.8860 0.0487 0.0416 0.0237 
0.3127 0.0261 0.0517 0.6095 
0.4475 0.0445 0.0330 0.4750 
0.4560 0.0250 0.0464 0.4726 
0.6268 0.0317 0.0107 0.3308 
0.0368 0.0360 0.0919 0.8354 
0.8045 0.0304 0.1428 0.0224 
0.2056 0.0458 0.6252 0.1233 
0.3745 0.3159 0.1369 0.1726 
0.2413 0.2557 0.2643 0.2387 
0.2816 0.2352 0.2531 0.2302 

MOTIF filter2 
letter-probability matrix: alength= 4 w= 20 nsites= 20 
0.1818 0.3636 0.2727 0.1818 
1.0000 0.0000 0.0000 0.0000 
0.2727 0.0909 0.3636 0.2727 
0.0909 0.0909 0.0000 0.8182 
0.0000 0.5455 0.0000 0.4545 
0.8182 0.1818 0.0000 0.0000 
0.3636 0.4545 0.1818 0.0000 
0.8182 0.0000 0.1818 0.0000 
0.0000 0.2727 0.0000 0.7273 
0.0000 0.0909 0.5455 0.3636 
0.1818 0.0000 0.8182 0.0000 
0.0000 0.5455 0.1818 0.2727 
0.1818 0.0000 0.8182 0.0000 
0.0909 0.4545 0.0000 0.4545 
0.6364 0.0000 0.3636 0.0000 
0.6364 0.2727 0.0000 0.0909 
0.0909 0.1818 0.1818 0.5455 
0.1818 0.8182 0.0000 0.0000 
0.0000 0.6364 0.1818 0.1818 
0.7273 0.0909 0.0000 0.1818 

MOTIF filter3 
letter-probability matrix: alength= 4 w= 15 nsites= 15 
0.2539 0.2498 0.2243 0.2719 
0.2742 0.2299 0.2404 0.2554 
0.1909 0.2524 0.1778 0.3788 
0.0278 0.0330 0.0251 0.9141 
0.0326 0.0229 0.0581 0.8863 
0.1579 0.7592 0.0386 0.0443 
0.0461 0.6414 0.0105 0.3020 
0.2476 0.2341 0.2506 0.2678 
0.2971 0.0083 0.6497 0.0450 
0.0135 0.0270 0.8023 0.1572 
0.8803 0.0634 0.0206 0.0356 
0.9377 0.0304 0.0165 0.0154 
0.3931 0.1748 0.2517 0.1804 
0.2401 0.2476 0.2453 0.2671 
0.2536 0.2386 0.2693 0.2386 

MOTIF filter4 
letter-probability matrix: alength= 4 w= 16 nsites= 16 
0.2582 0.2653 0.2408 0.2357 
0.2531 0.2592 0.2520 0.2357 
0.1204 0.0622 0.3490 0.4684 
0.0418 0.8510 0.0041 0.1031 
0.0041 0.0000 0.0051 0.9908 
0.9847 0.0092 0.0051 0.0010 
0.2704 0.0122 0.0092 0.7082 
0.4429 0.0010 0.0010 0.5551 
0.5704 0.0000 0.0000 0.4296 
0.6806 0.0000 0.0000 0.3194 
0.0020 0.0020 0.0000 0.9959 
0.9918 0.0020 0.0000 0.0061 
0.1071 0.0000 0.8592 0.0337 
0.4408 0.3633 0.0571 0.1388 
0.2684 0.2327 0.2612 0.2378 
0.2378 0.2847 0.2316 0.2459 

MOTIF filter5 
letter-probability matrix: alength= 4 w= 12 nsites= 12 
0.2532 0.2523 0.2544 0.2401 
0.3394 0.2241 0.2595 0.1770 
0.2452 0.2943 0.2715 0.1889 
0.0499 0.8648 0.0505 0.0348 
0.8127 0.0357 0.0975 0.0541 
0.0443 0.6782 0.0359 0.2416 
0.2104 0.0432 0.7051 0.0413 
0.0732 0.1034 0.0374 0.7860 
0.0497 0.0353 0.8551 0.0600 
0.1963 0.2738 0.2918 0.2380 
0.1994 0.2654 0.2026 0.3326 
0.2377 0.2560 0.2482 0.2581 

MOTIF filter6 
letter-probability matrix: alength= 4 w= 13 nsites= 13 
0.2493 0.2463 0.2418 0.2625 
0.2451 0.2358 0.2804 0.2388 
0.3320 0.2699 0.3122 0.0859 
0.0731 0.0840 0.0769 0.7659 
0.0733 0.0872 0.7073 0.1322 
0.7601 0.0756 0.0923 0.0720 
0.0748 0.4309 0.4318 0.0625 
0.0836 0.0895 0.0911 0.7358 
0.1217 0.7058 0.0822 0.0904 
0.7669 0.0851 0.0816 0.0664 
0.0897 0.3100 0.2758 0.3246 
0.2357 0.2805 0.2316 0.2522 
0.2575 0.2320 0.2574 0.2531 

MOTIF filter7 
letter-probability matrix: alength= 4 w= 14 nsites= 14 
0.1861 0.1146 0.0847 0.6146 
0.0743 0.1174 0.5792 0.2292 
0.3819 0.3708 0.0979 0.1493 
0.0201 0.8986 0.0500 0.0312 
0.0097 0.9222 0.0361 0.0319 
0.7111 0.0194 0.0319 0.2375 
0.0688 0.0167 0.0167 0.8979 
0.9403 0.0208 0.0382 0.0007 
0.0014 0.0153 0.0264 0.9569 
0.8993 0.0278 0.0229 0.0500 
0.2229 0.0340 0.0333 0.7097 
0.0333 0.0611 0.8708 0.0347 
0.0292 0.0410 0.9160 0.0139 
0.1444 0.0861 0.3840 0.3854 

MOTIF filter8 
letter-probability matrix: alength= 4 w= 18 nsites= 18 
0.2803 0.3101 0.1909 0.2187 
0.2604 0.2127 0.1531 0.3738 
0.2883 0.1809 0.2803 0.2505 
0.6561 0.0258 0.0755 0.2425 
0.4334 0.1113 0.2644 0.1909 
0.1471 0.0000 0.0020 0.8509 
0.1332 0.6322 0.0358 0.1988 
0.4851 0.0000 0.0000 0.5149 
0.0000 0.0000 1.0000 0.0000 
0.0000 1.0000 0.0000 0.0000 
0.4732 0.0000 0.0000 0.5268 
0.2127 0.0258 0.6362 0.1252 
0.8330 0.0040 0.0000 0.1630 
0.1650 0.2823 0.1292 0.4235 
0.2107 0.0855 0.0239 0.6799 
0.2187 0.3002 0.1730 0.3082 
0.4016 0.1153 0.2107 0.2724 
0.1909 0.1193 0.4354 0.2545 

MOTIF filter9 
letter-probability matrix: alength= 4 w= 18 nsites= 18 
0.0673 0.1166 0.6009 0.2152 
0.3829 0.3706 0.1024 0.1441 
0.0038 0.9848 0.0057 0.0057 
0.0019 0.9507 0.0047 0.0427 
0.8133 0.0171 0.0171 0.1526 
0.0673 0.0000 0.0019 0.9308 
0.9735 0.0085 0.0019 0.0161 
0.0180 0.0057 0.0284 0.9479 
0.9659 0.0000 0.0000 0.0341 
0.1573 0.0066 0.0057 0.8303 
0.0351 0.0076 0.9573 0.0000 
0.0133 0.0019 0.9801 0.0047 
0.1270 0.1062 0.3573 0.4095 
0.2218 0.6114 0.1213 0.0455 
0.6720 0.0379 0.1071 0.1829 
0.2360 0.2844 0.2360 0.2436 
0.2322 0.2588 0.2682 0.2408 
0.2502 0.2341 0.2626 0.2531 

MOTIF filter10 
letter-probability matrix: alength= 4 w= 12 nsites= 12 
0.2469 0.2305 0.2746 0.2481 
0.2582 0.2594 0.2481 0.2343 
0.2834 0.1209 0.4937 0.1020 
0.1877 0.0000 0.6360 0.1763 
0.2645 0.0063 0.7191 0.0101 
0.0151 0.0025 0.9761 0.0063 
0.0013 0.0076 0.9899 0.0013 
0.3338 0.4786 0.0000 0.1877 
0.0000 0.0038 0.9950 0.0013 
0.0038 0.0013 0.9950 0.0000 
0.2632 0.0038 0.7040 0.0290 
0.2494 0.1083 0.6398 0.0025 

MOTIF filter11 
letter-probability matrix: alength= 4 w= 11 nsites= 11 
0.2579 0.2737 0.2263 0.2421 
0.2704 0.2553 0.2302 0.2441 
0.1854 0.2447 0.2672 0.3028 
0.7665 0.0000 0.0000 0.2335 
0.0000 0.0000 0.0000 1.0000 
0.0000 0.0937 0.0000 0.9063 
0.8958 0.0000 0.1042 0.0000 
1.0000 0.0000 0.0000 0.0000 
0.2856 0.0000 0.0000 0.7144 
0.2955 0.2520 0.2685 0.1840 
0.2408 0.2507 0.2553 0.2533 

MOTIF filter12 
letter-probability matrix: alength= 4 w= 13 nsites= 13 
0.2686 0.2826 0.2469 0.2019 
0.1568 0.0901 0.5761 0.1770 
0.0155 0.9658 0.0140 0.0047 
0.4845 0.5155 0.0000 0.0000 
1.0000 0.0000 0.0000 0.0000 
0.2158 0.0311 0.2283 0.5248 
0.5373 0.2081 0.0419 0.2127 
0.0000 0.0000 0.0000 1.0000 
0.0000 0.0000 0.5248 0.4752 
0.0047 0.0093 0.9752 0.0109 
0.1739 0.5652 0.1071 0.1537 
0.1646 0.2376 0.3245 0.2733 
0.1630 0.1755 0.5078 0.1537 

MOTIF filter13 
letter-probability matrix: alength= 4 w= 13 nsites= 13 
0.2851 0.2342 0.3193 0.1614 
0.3921 0.1272 0.3228 0.1579 
0.0000 0.9298 0.0482 0.0219 
0.0000 0.6105 0.0000 0.3895 
0.5430 0.1237 0.3193 0.0140 
1.0000 0.0000 0.0000 0.0000 
0.0000 0.0009 0.0000 0.9991 
0.0193 0.3649 0.0965 0.5193 
0.3947 0.0000 0.6044 0.0009 
0.0228 0.0368 0.9404 0.0000 
0.1570 0.3254 0.1289 0.3886 
0.1395 0.3211 0.2149 0.3246 
0.2254 0.3316 0.2746 0.1684 

MOTIF filter14 
letter-probability matrix: alength= 4 w= 13 nsites= 13 
0.1694 0.2186 0.3515 0.2605 
0.0838 0.3971 0.2423 0.2769 
0.1002 0.5665 0.1530 0.1803 
0.6066 0.0474 0.2769 0.0692 
0.0419 0.8452 0.0692 0.0437 
0.0893 0.0383 0.0874 0.7851 
0.0000 0.3497 0.0364 0.6138 
0.0000 1.0000 0.0000 0.0000 
0.0000 0.6266 0.3734 0.0000 
0.0000 0.0000 0.9982 0.0018 
0.3989 0.0492 0.5519 0.0000 
0.6266 0.1220 0.1093 0.1421 
0.1002 0.1056 0.6758 0.1184 

MOTIF filter15 
letter-probability matrix: alength= 4 w= 13 nsites= 13 
0.2743 0.2073 0.2520 0.2664 
0.2703 0.2415 0.1916 0.2966 
0.2612 0.2283 0.2927 0.2178 
0.7244 0.1404 0.1168 0.0184 
0.0000 0.0000 0.0000 1.0000 
0.0013 0.1785 0.0000 0.8202 
0.4094 0.0000 0.0000 0.5906 
0.7940 0.0000 0.2060 0.0000 
1.0000 0.0000 0.0000 0.0000 
0.0013 0.0026 0.0328 0.9633 
0.2375 0.2336 0.2192 0.3097 
0.3241 0.2388 0.2205 0.2165 
0.2270 0.2087 0.3136 0.2507 

