MEME version 4

ALPHABET= ACGT

Background letter frequencies:
A 0.2500 C 0.2500 G 0.2500 T 0.2500 

MOTIF filter0 
letter-probability matrix: alength= 4 w= 18 nsites= 18 
0.2201 0.4653 0.1236 0.1911 
0.2375 0.2394 0.1873 0.3359 
0.2934 0.2432 0.2973 0.1660 
0.6236 0.0483 0.0618 0.2664 
0.4575 0.0637 0.2780 0.2008 
0.1718 0.0000 0.0077 0.8205 
0.1776 0.6139 0.0251 0.1834 
0.4653 0.0000 0.0000 0.5347 
0.0000 0.0000 0.9981 0.0019 
0.0135 0.9865 0.0000 0.0000 
0.4826 0.0000 0.0000 0.5174 
0.1757 0.0328 0.6313 0.1602 
0.8398 0.0039 0.0000 0.1564 
0.1776 0.3050 0.1197 0.3977 
0.2606 0.0792 0.0290 0.6313 
0.1429 0.3301 0.2046 0.3224 
0.3938 0.1274 0.2490 0.2297 
0.1795 0.1332 0.4653 0.2220 

MOTIF filter1 
letter-probability matrix: alength= 4 w= 15 nsites= 15 
0.4202 0.2202 0.1820 0.1775 
0.0809 0.3438 0.1303 0.4449 
0.0719 0.3169 0.3640 0.2472 
0.4180 0.1281 0.4494 0.0045 
0.5640 0.0090 0.3753 0.0517 
0.0000 1.0000 0.0000 0.0000 
0.0000 1.0000 0.0000 0.0000 
1.0000 0.0000 0.0000 0.0000 
1.0000 0.0000 0.0000 0.0000 
0.0000 0.0000 0.0000 1.0000 
0.0382 0.7416 0.2202 0.0000 
0.8112 0.0022 0.1865 0.0000 
0.0742 0.1101 0.8000 0.0157 
0.2090 0.2944 0.2315 0.2652 
0.2854 0.2000 0.2562 0.2584 

MOTIF filter2 
letter-probability matrix: alength= 4 w= 14 nsites= 14 
0.1554 0.2130 0.3609 0.2707 
0.0326 0.4612 0.2406 0.2657 
0.0852 0.6065 0.1328 0.1754 
0.6667 0.0150 0.2907 0.0276 
0.0000 0.9474 0.0025 0.0501 
0.0000 0.0000 0.0000 1.0000 
0.0000 0.0000 0.0000 1.0000 
0.0000 1.0000 0.0000 0.0000 
0.0000 1.0000 0.0000 0.0000 
0.0000 0.0000 0.9749 0.0251 
0.0000 0.1604 0.8296 0.0100 
0.2682 0.1880 0.2531 0.2907 
0.2682 0.2331 0.2531 0.2456 
0.2632 0.2256 0.2356 0.2757 

MOTIF filter3 
letter-probability matrix: alength= 4 w= 15 nsites= 15 
0.4823 0.1383 0.1086 0.2709 
0.4629 0.2263 0.0469 0.2640 
0.2571 0.0949 0.1337 0.5143 
0.0651 0.0651 0.1451 0.7246 
0.2389 0.0446 0.6446 0.0720 
0.1006 0.6686 0.2263 0.0046 
0.0000 0.0000 0.0000 1.0000 
0.0000 0.4994 0.4949 0.0057 
1.0000 0.0000 0.0000 0.0000 
0.0114 0.2629 0.6366 0.0891 
0.0857 0.5771 0.0320 0.3051 
0.6743 0.1829 0.0389 0.1040 
0.4800 0.1531 0.1051 0.2617 
0.2069 0.0514 0.2903 0.4514 
0.3211 0.1703 0.1257 0.3829 

MOTIF filter4 
letter-probability matrix: alength= 4 w= 13 nsites= 13 
0.2595 0.2474 0.2498 0.2432 
0.4130 0.1896 0.3382 0.0592 
0.0344 0.0342 0.0362 0.8953 
0.0280 0.0242 0.1705 0.7772 
0.3213 0.0234 0.4849 0.1703 
0.0870 0.6534 0.0608 0.1987 
0.2053 0.0644 0.6530 0.0773 
0.1826 0.5233 0.0097 0.2844 
0.7917 0.1566 0.0233 0.0284 
0.9024 0.0348 0.0384 0.0244 
0.0749 0.3219 0.1864 0.4167 
0.2464 0.2578 0.2578 0.2381 
0.2498 0.2359 0.2574 0.2570 

MOTIF filter5 
letter-probability matrix: alength= 4 w= 16 nsites= 16 
0.2615 0.2701 0.1954 0.2730 
0.1552 0.6638 0.1236 0.0575 
0.9971 0.0000 0.0029 0.0000 
0.9856 0.0000 0.0144 0.0000 
0.4253 0.0805 0.4741 0.0201 
1.0000 0.0000 0.0000 0.0000 
0.0000 0.0000 0.0000 1.0000 
0.0000 0.0000 1.0000 0.0000 
0.0000 0.0000 1.0000 0.0000 
0.0460 0.8822 0.0000 0.0718 
0.1178 0.1983 0.4167 0.2672 
0.0776 0.0776 0.7730 0.0718 
0.1322 0.7615 0.0230 0.0833 
0.2701 0.2328 0.2126 0.2845 
0.2356 0.2414 0.3017 0.2213 
0.2586 0.2328 0.2816 0.2270 

MOTIF filter6 
letter-probability matrix: alength= 4 w= 14 nsites= 14 
0.2653 0.2436 0.2408 0.2503 
0.2013 0.2424 0.1793 0.3771 
0.0303 0.0459 0.0271 0.8968 
0.0159 0.0312 0.0599 0.8930 
0.1898 0.7401 0.0277 0.0424 
0.0599 0.6045 0.0124 0.3232 
0.2519 0.2312 0.2551 0.2618 
0.3274 0.0092 0.6137 0.0497 
0.0354 0.0236 0.7592 0.1818 
0.8742 0.0771 0.0229 0.0258 
0.9051 0.0271 0.0446 0.0232 
0.3854 0.1879 0.2283 0.1984 
0.2350 0.2513 0.2500 0.2637 
0.2586 0.2420 0.2573 0.2420 

MOTIF filter7 
letter-probability matrix: alength= 4 w= 12 nsites= 12 
0.0751 0.6623 0.1325 0.1302 
0.0000 0.1832 0.0000 0.8168 
0.0022 0.2671 0.7020 0.0287 
1.0000 0.0000 0.0000 0.0000 
0.0000 0.0000 0.0000 1.0000 
0.0000 0.0000 0.0000 1.0000 
0.0000 0.0000 1.0000 0.0000 
0.0000 0.0000 1.0000 0.0000 
0.0662 0.3907 0.0022 0.5408 
0.0110 0.4238 0.1501 0.4150 
0.1810 0.4150 0.3267 0.0773 
0.4592 0.1457 0.3046 0.0905 

MOTIF filter8 
letter-probability matrix: alength= 4 w= 11 nsites= 11 
0.2452 0.2374 0.2616 0.2558 
0.2345 0.1715 0.3847 0.2093 
0.3944 0.2200 0.3537 0.0320 
0.0000 0.0000 0.0000 1.0000 
0.0000 0.0000 1.0000 0.0000 
1.0000 0.0000 0.0000 0.0000 
0.0068 0.5000 0.4922 0.0010 
0.0000 0.0000 0.0000 1.0000 
0.0000 1.0000 0.0000 0.0000 
1.0000 0.0000 0.0000 0.0000 
0.0242 0.3333 0.2481 0.3944 

MOTIF filter9 
letter-probability matrix: alength= 4 w= 13 nsites= 13 
0.2119 0.3095 0.2357 0.2429 
0.0119 0.8357 0.1524 0.0000 
0.0262 0.9738 0.0000 0.0000 
0.0000 0.0000 1.0000 0.0000 
0.0000 0.0000 1.0000 0.0000 
1.0000 0.0000 0.0000 0.0000 
1.0000 0.0000 0.0000 0.0000 
0.0714 0.0167 0.9119 0.0000 
0.0310 0.3143 0.0214 0.6333 
0.1881 0.1143 0.6381 0.0595 
0.2738 0.2595 0.4357 0.0310 
0.2143 0.3595 0.2524 0.1738 
0.2214 0.3000 0.2452 0.2333 

MOTIF filter10 
letter-probability matrix: alength= 4 w= 12 nsites= 12 
0.2569 0.2589 0.2511 0.2331 
0.3394 0.2220 0.2571 0.1814 
0.2357 0.2945 0.2827 0.1871 
0.0684 0.8351 0.0602 0.0363 
0.8170 0.0351 0.1001 0.0478 
0.0370 0.7033 0.0371 0.2226 
0.2115 0.0378 0.7183 0.0324 
0.0779 0.1007 0.0258 0.7956 
0.0406 0.0366 0.8494 0.0734 
0.1970 0.2781 0.2853 0.2396 
0.1967 0.2649 0.2068 0.3317 
0.2431 0.2455 0.2460 0.2654 

MOTIF filter11 
letter-probability matrix: alength= 4 w= 15 nsites= 15 
0.2311 0.2282 0.2762 0.2645 
0.2442 0.2660 0.2558 0.2340 
0.2674 0.1192 0.5131 0.1003 
0.1831 0.0000 0.6424 0.1744 
0.2645 0.0044 0.7282 0.0029 
0.0015 0.0015 0.9942 0.0029 
0.0000 0.0015 0.9971 0.0015 
0.3270 0.4767 0.0000 0.1962 
0.0000 0.0015 0.9956 0.0029 
0.0000 0.0000 1.0000 0.0000 
0.2529 0.0015 0.7209 0.0247 
0.2573 0.0785 0.6628 0.0015 
0.2122 0.4535 0.2108 0.1235 
0.2616 0.2224 0.2805 0.2355 
0.2442 0.2849 0.2137 0.2573 

MOTIF filter12 
letter-probability matrix: alength= 4 w= 15 nsites= 15 
0.2870 0.2870 0.2040 0.2220 
0.0740 0.2018 0.4843 0.2399 
0.0000 0.7803 0.0314 0.1883 
0.0022 0.8139 0.0000 0.1839 
0.0000 1.0000 0.0000 0.0000 
0.0000 1.0000 0.0000 0.0000 
0.1009 0.0000 0.5919 0.3072 
0.0000 1.0000 0.0000 0.0000 
0.0000 1.0000 0.0000 0.0000 
0.0000 0.7870 0.0000 0.2130 
0.0830 0.7960 0.0000 0.1211 
0.0448 0.6233 0.0628 0.2691 
0.2556 0.2646 0.2354 0.2444 
0.2825 0.2354 0.2354 0.2466 
0.2444 0.2892 0.2444 0.2220 

MOTIF filter13 
letter-probability matrix: alength= 4 w= 12 nsites= 12 
0.2246 0.3611 0.1985 0.2158 
0.0453 0.1846 0.0592 0.7110 
0.7996 0.0650 0.0274 0.1080 
0.3227 0.0302 0.0492 0.5979 
0.4730 0.0418 0.0230 0.4622 
0.4201 0.0267 0.0707 0.4825 
0.6056 0.0313 0.0127 0.3504 
0.1056 0.0613 0.0506 0.7825 
0.7140 0.0557 0.1630 0.0673 
0.1718 0.0677 0.6209 0.1396 
0.3433 0.3025 0.1527 0.2015 
0.2565 0.2597 0.2494 0.2345 

MOTIF filter14 
letter-probability matrix: alength= 4 w= 20 nsites= 20 
0.2269 0.2447 0.2603 0.2681 
0.2091 0.2825 0.2759 0.2325 
0.2925 0.2369 0.2269 0.2436 
0.1635 0.0745 0.0434 0.7186 
0.0334 0.0901 0.6574 0.2191 
0.4093 0.3893 0.0734 0.1279 
0.0011 0.9944 0.0033 0.0011 
0.0000 0.9889 0.0033 0.0078 
0.8276 0.0022 0.0100 0.1602 
0.0234 0.0000 0.0011 0.9755 
0.9944 0.0033 0.0022 0.0000 
0.0000 0.0022 0.0011 0.9967 
0.9800 0.0022 0.0000 0.0178 
0.1557 0.0056 0.0022 0.8365 
0.0033 0.0100 0.9867 0.0000 
0.0011 0.0022 0.9933 0.0033 
0.1101 0.0723 0.3860 0.4316 
0.2258 0.6429 0.0945 0.0367 
0.7119 0.0311 0.0723 0.1846 
0.2392 0.2747 0.2392 0.2469 

MOTIF filter15 
letter-probability matrix: alength= 4 w= 17 nsites= 17 
0.2665 0.2515 0.2275 0.2545 
0.2575 0.2784 0.2575 0.2066 
0.2425 0.2485 0.2515 0.2575 
0.1138 0.0120 0.7066 0.1677 
0.0808 0.7156 0.1108 0.0928 
0.2964 0.3263 0.2605 0.1168 
0.0419 0.0000 0.8683 0.0898 
0.0000 1.0000 0.0000 0.0000 
0.0000 1.0000 0.0000 0.0000 
1.0000 0.0000 0.0000 0.0000 
0.0000 0.0000 0.0000 1.0000 
0.0120 0.4551 0.1347 0.3982 
0.0000 0.0150 0.0000 0.9850 
0.0000 0.0090 0.0000 0.9910 
0.0808 0.0778 0.7096 0.1317 
0.2874 0.2305 0.2425 0.2395 
0.2006 0.2814 0.2545 0.2635 

