MEME version 4

ALPHABET= ACGT

Background letter frequencies:
A 0.2500 C 0.2500 G 0.2500 T 0.2500 

MOTIF filter0 
letter-probability matrix: alength= 4 w= 15 nsites= 15 
0.2586 0.2548 0.2041 0.2826 
0.2497 0.2636 0.2421 0.2446 
0.1280 0.2028 0.1470 0.5222 
0.0000 0.0013 0.0000 0.9987 
0.0000 0.0000 0.0000 1.0000 
0.0355 0.9645 0.0000 0.0000 
0.0063 0.7782 0.0000 0.2155 
0.2611 0.2155 0.2573 0.2662 
0.1825 0.0000 0.8150 0.0025 
0.0000 0.0000 0.9696 0.0304 
1.0000 0.0000 0.0000 0.0000 
1.0000 0.0000 0.0000 0.0000 
0.5260 0.1204 0.2066 0.1470 
0.2243 0.2788 0.2497 0.2471 
0.2522 0.2395 0.2535 0.2548 

MOTIF filter1 
letter-probability matrix: alength= 4 w= 14 nsites= 14 
0.2610 0.2405 0.2287 0.2698 
0.2639 0.2170 0.2786 0.2405 
0.2317 0.2551 0.2581 0.2551 
0.0088 0.8534 0.1378 0.0000 
0.0235 0.9765 0.0000 0.0000 
0.0000 0.0000 1.0000 0.0000 
0.0000 0.0000 1.0000 0.0000 
1.0000 0.0000 0.0000 0.0000 
1.0000 0.0000 0.0000 0.0000 
0.0264 0.0059 0.9677 0.0000 
0.0205 0.3079 0.0059 0.6657 
0.1789 0.0938 0.6686 0.0587 
0.2610 0.2581 0.4575 0.0235 
0.2199 0.3666 0.2551 0.1584 

MOTIF filter2 
letter-probability matrix: alength= 4 w= 12 nsites= 12 
0.2494 0.2569 0.2500 0.2437 
0.3285 0.2292 0.2553 0.1870 
0.2388 0.2889 0.2707 0.2016 
0.0477 0.8788 0.0376 0.0359 
0.8406 0.0322 0.0748 0.0524 
0.0415 0.7428 0.0355 0.1802 
0.1567 0.0412 0.7641 0.0381 
0.0543 0.0821 0.0260 0.8376 
0.0513 0.0350 0.8502 0.0635 
0.2051 0.2767 0.2784 0.2398 
0.2098 0.2592 0.2075 0.3235 
0.2480 0.2533 0.2401 0.2586 

MOTIF filter3 
letter-probability matrix: alength= 4 w= 15 nsites= 15 
0.2360 0.2342 0.2739 0.2559 
0.2468 0.2685 0.2523 0.2324 
0.2757 0.0991 0.5369 0.0883 
0.1568 0.0000 0.7045 0.1387 
0.2216 0.0000 0.7784 0.0000 
0.0000 0.0000 1.0000 0.0000 
0.0000 0.0000 1.0000 0.0000 
0.3207 0.4937 0.0000 0.1856 
0.0000 0.0000 1.0000 0.0000 
0.0000 0.0000 1.0000 0.0000 
0.2216 0.0000 0.7712 0.0072 
0.2450 0.0559 0.6991 0.0000 
0.1982 0.4775 0.2036 0.1207 
0.2631 0.2198 0.2757 0.2414 
0.2432 0.2919 0.2108 0.2541 

MOTIF filter4 
letter-probability matrix: alength= 4 w= 18 nsites= 18 
0.2587 0.2400 0.2400 0.2613 
0.2427 0.2827 0.2587 0.2160 
0.2480 0.2400 0.2533 0.2587 
0.1173 0.0213 0.6693 0.1920 
0.0960 0.6907 0.1200 0.0933 
0.2933 0.3253 0.2560 0.1253 
0.0560 0.0000 0.8267 0.1173 
0.0000 1.0000 0.0000 0.0000 
0.0000 1.0000 0.0000 0.0000 
1.0000 0.0000 0.0000 0.0000 
0.0000 0.0000 0.0000 1.0000 
0.0080 0.4640 0.1440 0.3840 
0.0000 0.0187 0.0000 0.9813 
0.0000 0.0107 0.0000 0.9893 
0.0907 0.0853 0.6880 0.1360 
0.2907 0.2347 0.2400 0.2347 
0.2133 0.2907 0.2507 0.2453 
0.2427 0.2693 0.2373 0.2507 

MOTIF filter5 
letter-probability matrix: alength= 4 w= 13 nsites= 13 
0.2482 0.2351 0.2593 0.2573 
0.2301 0.1675 0.3956 0.2069 
0.4006 0.2260 0.3592 0.0141 
0.0000 0.0000 0.0000 1.0000 
0.0000 0.0000 1.0000 0.0000 
1.0000 0.0000 0.0000 0.0000 
0.0000 0.4995 0.5005 0.0000 
0.0000 0.0000 0.0000 1.0000 
0.0000 1.0000 0.0000 0.0000 
1.0000 0.0000 0.0000 0.0000 
0.0081 0.3310 0.2543 0.4067 
0.2149 0.3582 0.1907 0.2361 
0.2583 0.2210 0.2714 0.2492 

MOTIF filter6 
letter-probability matrix: alength= 4 w= 15 nsites= 15 
0.2396 0.2422 0.2474 0.2708 
0.2214 0.2839 0.2708 0.2240 
0.2526 0.2526 0.2188 0.2760 
0.1562 0.6536 0.1354 0.0547 
0.9974 0.0000 0.0026 0.0000 
0.9870 0.0000 0.0130 0.0000 
0.4349 0.0833 0.4583 0.0234 
1.0000 0.0000 0.0000 0.0000 
0.0000 0.0000 0.0000 1.0000 
0.0000 0.0000 1.0000 0.0000 
0.0000 0.0000 1.0000 0.0000 
0.0703 0.8411 0.0000 0.0885 
0.1250 0.2057 0.4062 0.2630 
0.0833 0.0990 0.7552 0.0625 
0.1328 0.7656 0.0234 0.0781 

MOTIF filter7 
letter-probability matrix: alength= 4 w= 13 nsites= 13 
0.1500 0.5457 0.1251 0.1792 
0.0568 0.0379 0.0368 0.8684 
0.8982 0.0000 0.0000 0.1018 
0.2599 0.0000 0.0000 0.7401 
0.3774 0.0038 0.0000 0.6188 
0.6064 0.0000 0.0179 0.3757 
0.7195 0.0000 0.0000 0.2805 
0.0920 0.0000 0.0000 0.9080 
0.8798 0.0374 0.0292 0.0536 
0.1955 0.0514 0.6833 0.0698 
0.4082 0.3351 0.0883 0.1684 
0.2637 0.2269 0.2626 0.2469 
0.2296 0.2729 0.2572 0.2404 

MOTIF filter8 
letter-probability matrix: alength= 4 w= 14 nsites= 14 
0.1413 0.2092 0.3750 0.2745 
0.0245 0.4918 0.2228 0.2609 
0.0815 0.6168 0.1359 0.1658 
0.6875 0.0190 0.2636 0.0299 
0.0000 0.9565 0.0027 0.0408 
0.0000 0.0000 0.0000 1.0000 
0.0000 0.0000 0.0000 1.0000 
0.0000 1.0000 0.0000 0.0000 
0.0000 1.0000 0.0000 0.0000 
0.0000 0.0000 0.9891 0.0109 
0.0000 0.1467 0.8424 0.0109 
0.2663 0.1984 0.2527 0.2826 
0.2609 0.2310 0.2500 0.2582 
0.2609 0.2283 0.2364 0.2745 

MOTIF filter9 
letter-probability matrix: alength= 4 w= 19 nsites= 19 
0.1643 0.0757 0.0426 0.7175 
0.0272 0.0898 0.6631 0.2199 
0.4149 0.3913 0.0709 0.1229 
0.0000 0.9988 0.0012 0.0000 
0.0000 0.9929 0.0012 0.0059 
0.8357 0.0012 0.0059 0.1572 
0.0177 0.0000 0.0000 0.9823 
1.0000 0.0000 0.0000 0.0000 
0.0000 0.0012 0.0012 0.9976 
0.9905 0.0000 0.0000 0.0095 
0.1537 0.0024 0.0000 0.8440 
0.0012 0.0035 0.9953 0.0000 
0.0000 0.0024 0.9976 0.0000 
0.1064 0.0697 0.3924 0.4314 
0.2199 0.6560 0.0922 0.0319 
0.7293 0.0296 0.0638 0.1773 
0.2376 0.2778 0.2400 0.2447 
0.2281 0.2612 0.2577 0.2530 
0.2435 0.2400 0.2683 0.2482 

MOTIF filter10 
letter-probability matrix: alength= 4 w= 19 nsites= 19 
0.4615 0.0962 0.0962 0.3462 
0.3894 0.1298 0.0913 0.3894 
0.3125 0.1635 0.1442 0.3798 
0.1298 0.0721 0.0769 0.7212 
0.1394 0.1154 0.6587 0.0865 
0.1635 0.8173 0.0096 0.0096 
0.0625 0.0385 0.0000 0.8990 
0.0721 0.0240 0.8173 0.0865 
0.9663 0.0048 0.0048 0.0240 
0.0337 0.4519 0.4712 0.0433 
0.0096 0.0240 0.0000 0.9663 
0.0433 0.8365 0.0144 0.1058 
0.8846 0.0048 0.0577 0.0529 
0.0577 0.0096 0.8365 0.0962 
0.0962 0.7500 0.0865 0.0673 
0.6827 0.0769 0.1010 0.1394 
0.2981 0.2260 0.1875 0.2885 
0.3942 0.1010 0.1058 0.3990 
0.2885 0.1587 0.0721 0.4808 

MOTIF filter11 
letter-probability matrix: alength= 4 w= 16 nsites= 16 
0.2924 0.2359 0.2531 0.2187 
0.2727 0.2998 0.2260 0.2015 
0.0713 0.1916 0.4939 0.2432 
0.0000 0.8084 0.0172 0.1744 
0.0025 0.8206 0.0000 0.1769 
0.0000 1.0000 0.0000 0.0000 
0.0000 1.0000 0.0000 0.0000 
0.0983 0.0000 0.6069 0.2948 
0.0000 1.0000 0.0000 0.0000 
0.0000 1.0000 0.0000 0.0000 
0.0000 0.7961 0.0000 0.2039 
0.0688 0.8206 0.0000 0.1106 
0.0418 0.6437 0.0516 0.2629 
0.2531 0.2506 0.2482 0.2482 
0.2875 0.2359 0.2383 0.2383 
0.2334 0.2973 0.2310 0.2383 

MOTIF filter12 
letter-probability matrix: alength= 4 w= 15 nsites= 15 
0.2412 0.2231 0.2173 0.3184 
0.2123 0.2412 0.3076 0.2390 
0.1444 0.0888 0.3191 0.4477 
0.0448 0.8375 0.0079 0.1097 
0.0029 0.1596 0.0014 0.8361 
0.9877 0.0029 0.0029 0.0065 
0.2686 0.0029 0.0130 0.7155 
0.5314 0.0051 0.0014 0.4621 
0.4570 0.0043 0.0014 0.5372 
0.7069 0.0072 0.0014 0.2845 
0.0094 0.0014 0.0043 0.9848 
0.8289 0.0036 0.1617 0.0058 
0.1090 0.0065 0.8347 0.0498 
0.4014 0.3314 0.0975 0.1697 
0.2469 0.2931 0.2513 0.2087 

MOTIF filter13 
letter-probability matrix: alength= 4 w= 15 nsites= 15 
0.2756 0.2397 0.2248 0.2598 
0.2651 0.2423 0.2467 0.2458 
0.1566 0.2178 0.1566 0.4689 
0.0009 0.0044 0.0009 0.9939 
0.0000 0.0000 0.0262 0.9738 
0.1076 0.8749 0.0052 0.0122 
0.0219 0.7463 0.0000 0.2318 
0.2546 0.2327 0.2423 0.2703 
0.2380 0.0000 0.7428 0.0192 
0.0000 0.0017 0.8976 0.1006 
0.9685 0.0315 0.0000 0.0000 
1.0000 0.0000 0.0000 0.0000 
0.4794 0.1487 0.2213 0.1505 
0.2423 0.2616 0.2371 0.2590 
0.2572 0.2345 0.2616 0.2467 

MOTIF filter14 
letter-probability matrix: alength= 4 w= 14 nsites= 14 
0.1692 0.3087 0.2741 0.2479 
0.3278 0.2062 0.3611 0.1049 
0.4017 0.1251 0.3194 0.1538 
0.0000 0.9666 0.0238 0.0095 
0.0000 0.5971 0.0000 0.4029 
0.5125 0.1120 0.3683 0.0072 
1.0000 0.0000 0.0000 0.0000 
0.0000 0.0000 0.0000 1.0000 
0.0107 0.3874 0.0751 0.5268 
0.3826 0.0000 0.6174 0.0000 
0.0095 0.0143 0.9762 0.0000 
0.1347 0.3504 0.1061 0.4088 
0.1204 0.3230 0.2086 0.3480 
0.2265 0.3445 0.2765 0.1526 

MOTIF filter15 
letter-probability matrix: alength= 4 w= 14 nsites= 14 
0.2343 0.2742 0.2552 0.2362 
0.2635 0.2527 0.2502 0.2337 
0.4661 0.1482 0.3490 0.0367 
0.0032 0.0063 0.0025 0.9880 
0.0019 0.0019 0.0988 0.8974 
0.3103 0.0044 0.5744 0.1108 
0.0412 0.7967 0.0209 0.1412 
0.1482 0.0241 0.7999 0.0279 
0.1273 0.6105 0.0025 0.2597 
0.8974 0.0956 0.0025 0.0044 
0.9880 0.0025 0.0082 0.0013 
0.0304 0.3547 0.1615 0.4535 
0.2508 0.2660 0.2673 0.2160 
0.2394 0.2229 0.2717 0.2660 

