MEME version 4

ALPHABET= ACGT

Background letter frequencies:
A 0.2500 C 0.2500 G 0.2500 T 0.2500 

MOTIF filter0 
letter-probability matrix: alength= 4 w= 13 nsites= 13 
0.2495 0.2670 0.2466 0.2369 
0.2437 0.2699 0.2524 0.2340 
0.1204 0.0796 0.3417 0.4583 
0.0553 0.8252 0.0019 0.1175 
0.0000 0.0029 0.0000 0.9971 
0.9961 0.0000 0.0029 0.0010 
0.2864 0.0000 0.0126 0.7010 
0.4602 0.0029 0.0000 0.5369 
0.5544 0.0010 0.0010 0.4437 
0.6816 0.0078 0.0000 0.3107 
0.0029 0.0010 0.0039 0.9922 
0.9893 0.0010 0.0097 0.0000 
0.1252 0.0049 0.8184 0.0515 

MOTIF filter1 
letter-probability matrix: alength= 4 w= 16 nsites= 16 
0.2335 0.2363 0.2473 0.2830 
0.2198 0.2912 0.2720 0.2170 
0.2720 0.2555 0.2005 0.2720 
0.1429 0.6731 0.1236 0.0604 
1.0000 0.0000 0.0000 0.0000 
0.9863 0.0000 0.0137 0.0000 
0.4286 0.0769 0.4725 0.0220 
1.0000 0.0000 0.0000 0.0000 
0.0000 0.0000 0.0000 1.0000 
0.0000 0.0000 1.0000 0.0000 
0.0000 0.0000 1.0000 0.0000 
0.0632 0.8516 0.0000 0.0852 
0.1154 0.1951 0.4203 0.2692 
0.0797 0.0907 0.7610 0.0687 
0.1264 0.7637 0.0247 0.0852 
0.2637 0.2418 0.2143 0.2802 

MOTIF filter2 
letter-probability matrix: alength= 4 w= 13 nsites= 13 
0.2500 0.2500 0.2403 0.2597 
0.2628 0.2360 0.2483 0.2529 
0.2043 0.2456 0.1837 0.3664 
0.0336 0.0593 0.0370 0.8700 
0.0307 0.0390 0.0796 0.8507 
0.2212 0.7064 0.0339 0.0385 
0.0738 0.5876 0.0133 0.3253 
0.2485 0.2326 0.2626 0.2563 
0.3185 0.0097 0.6033 0.0685 
0.0385 0.0295 0.7280 0.2040 
0.8299 0.0983 0.0356 0.0363 
0.8892 0.0322 0.0561 0.0225 
0.3809 0.1842 0.2352 0.1997 

MOTIF filter3 
letter-probability matrix: alength= 4 w= 13 nsites= 13 
0.2656 0.2466 0.2363 0.2515 
0.2376 0.2323 0.2867 0.2434 
0.3429 0.2492 0.3231 0.0848 
0.0667 0.0761 0.0558 0.8014 
0.0510 0.0397 0.7483 0.1610 
0.8100 0.0392 0.0788 0.0721 
0.1023 0.4011 0.4039 0.0927 
0.0527 0.0641 0.0465 0.8367 
0.1571 0.6851 0.0531 0.1047 
0.8046 0.0417 0.0846 0.0691 
0.0831 0.3278 0.2557 0.3333 
0.2323 0.2862 0.2270 0.2546 
0.2514 0.2300 0.2594 0.2591 

MOTIF filter4 
letter-probability matrix: alength= 4 w= 14 nsites= 14 
0.2391 0.2565 0.2674 0.2370 
0.2696 0.0761 0.5783 0.0761 
0.1370 0.0000 0.7630 0.1000 
0.1978 0.0000 0.8022 0.0000 
0.0000 0.0000 1.0000 0.0000 
0.0000 0.0000 1.0000 0.0000 
0.3065 0.5413 0.0000 0.1522 
0.0000 0.0000 1.0000 0.0000 
0.0000 0.0000 1.0000 0.0000 
0.2000 0.0000 0.8000 0.0000 
0.2239 0.0370 0.7391 0.0000 
0.1978 0.5065 0.1913 0.1043 
0.2630 0.2109 0.2957 0.2304 
0.2478 0.2848 0.2152 0.2522 

MOTIF filter5 
letter-probability matrix: alength= 4 w= 16 nsites= 16 
0.1941 0.1859 0.1363 0.4836 
0.1036 0.1358 0.5202 0.2405 
0.3468 0.3446 0.1418 0.1668 
0.0251 0.8997 0.0480 0.0273 
0.0207 0.8610 0.0485 0.0698 
0.6696 0.0458 0.0513 0.2334 
0.1101 0.0055 0.0240 0.8604 
0.9019 0.0311 0.0338 0.0333 
0.0191 0.0436 0.0425 0.8948 
0.8773 0.0322 0.0049 0.0856 
0.2197 0.0431 0.0414 0.6957 
0.0752 0.0480 0.8599 0.0169 
0.0262 0.0534 0.8839 0.0365 
0.1581 0.1227 0.3413 0.3779 
0.2574 0.5125 0.1396 0.0905 
0.5507 0.0791 0.1298 0.2405 

MOTIF filter6 
letter-probability matrix: alength= 4 w= 12 nsites= 12 
0.1641 0.2146 0.3460 0.2753 
0.0278 0.4520 0.2449 0.2753 
0.0859 0.6111 0.1364 0.1667 
0.6793 0.0177 0.2727 0.0303 
0.0000 0.9520 0.0051 0.0429 
0.0000 0.0000 0.0000 1.0000 
0.0000 0.0000 0.0000 1.0000 
0.0000 1.0000 0.0000 0.0000 
0.0000 1.0000 0.0000 0.0000 
0.0000 0.0000 0.9823 0.0177 
0.0000 0.1490 0.8434 0.0076 
0.2626 0.1970 0.2500 0.2904 

MOTIF filter7 
letter-probability matrix: alength= 4 w= 16 nsites= 16 
0.2802 0.2582 0.2601 0.2015 
0.2729 0.2747 0.2216 0.2308 
0.0897 0.1996 0.4670 0.2436 
0.0000 0.7234 0.0568 0.2198 
0.0037 0.7802 0.0000 0.2161 
0.0000 1.0000 0.0000 0.0000 
0.0000 1.0000 0.0000 0.0000 
0.1264 0.0000 0.5641 0.3095 
0.0000 1.0000 0.0000 0.0000 
0.0000 1.0000 0.0000 0.0000 
0.0000 0.7711 0.0000 0.2289 
0.1081 0.7454 0.0000 0.1465 
0.0476 0.5861 0.0879 0.2784 
0.2527 0.2601 0.2381 0.2491 
0.2674 0.2381 0.2418 0.2527 
0.2509 0.2766 0.2473 0.2253 

MOTIF filter8 
letter-probability matrix: alength= 4 w= 18 nsites= 18 
0.2698 0.2463 0.2258 0.2581 
0.2522 0.2933 0.2522 0.2023 
0.2317 0.2375 0.2698 0.2610 
0.1085 0.0176 0.7185 0.1554 
0.0762 0.7214 0.0997 0.1026 
0.2757 0.3372 0.2610 0.1261 
0.0587 0.0000 0.8387 0.1026 
0.0000 1.0000 0.0000 0.0000 
0.0000 1.0000 0.0000 0.0000 
1.0000 0.0000 0.0000 0.0000 
0.0000 0.0000 0.0000 1.0000 
0.0059 0.4692 0.1437 0.3812 
0.0000 0.0235 0.0000 0.9765 
0.0000 0.0117 0.0000 0.9883 
0.0792 0.0821 0.7009 0.1378 
0.2933 0.2258 0.2405 0.2405 
0.2023 0.2933 0.2551 0.2493 
0.2229 0.2874 0.2463 0.2434 

MOTIF filter9 
letter-probability matrix: alength= 4 w= 16 nsites= 16 
0.2771 0.2651 0.2209 0.2369 
0.1365 0.0040 0.7149 0.1446 
0.0643 0.7751 0.1165 0.0442 
0.3012 0.3735 0.2329 0.0924 
0.0321 0.0000 0.8835 0.0843 
0.0000 1.0000 0.0000 0.0000 
0.0000 1.0000 0.0000 0.0000 
1.0000 0.0000 0.0000 0.0000 
0.0000 0.0000 0.0000 1.0000 
0.0040 0.4940 0.1165 0.3855 
0.0000 0.0040 0.0000 0.9960 
0.0000 0.0000 0.0000 1.0000 
0.0522 0.0723 0.7791 0.0964 
0.2731 0.2209 0.2329 0.2731 
0.2008 0.2731 0.2530 0.2731 
0.2570 0.2851 0.2169 0.2410 

MOTIF filter10 
letter-probability matrix: alength= 4 w= 12 nsites= 12 
0.2538 0.2499 0.2570 0.2393 
0.3272 0.2310 0.2515 0.1904 
0.2414 0.2845 0.2697 0.2045 
0.0479 0.8707 0.0391 0.0423 
0.8313 0.0314 0.0863 0.0510 
0.0373 0.7365 0.0359 0.1902 
0.1622 0.0358 0.7704 0.0316 
0.0644 0.0850 0.0343 0.8164 
0.0507 0.0330 0.8613 0.0550 
0.2068 0.2780 0.2765 0.2387 
0.2070 0.2636 0.2100 0.3194 
0.2376 0.2534 0.2484 0.2606 

MOTIF filter11 
letter-probability matrix: alength= 4 w= 12 nsites= 12 
0.4341 0.2159 0.1705 0.1795 
0.0659 0.3545 0.1364 0.4432 
0.0795 0.3159 0.3591 0.2455 
0.4273 0.1273 0.4455 0.0000 
0.5523 0.0045 0.3909 0.0523 
0.0000 1.0000 0.0000 0.0000 
0.0000 1.0000 0.0000 0.0000 
1.0000 0.0000 0.0000 0.0000 
1.0000 0.0000 0.0000 0.0000 
0.0000 0.0000 0.0000 1.0000 
0.0227 0.7432 0.2341 0.0000 
0.8159 0.0000 0.1841 0.0000 

MOTIF filter12 
letter-probability matrix: alength= 4 w= 15 nsites= 15 
0.2537 0.2289 0.2264 0.2910 
0.2512 0.2139 0.2761 0.2587 
0.2239 0.2811 0.2512 0.2438 
0.0075 0.8483 0.1443 0.0000 
0.0373 0.9627 0.0000 0.0000 
0.0000 0.0000 1.0000 0.0000 
0.0000 0.0000 1.0000 0.0000 
1.0000 0.0000 0.0000 0.0000 
1.0000 0.0000 0.0000 0.0000 
0.0498 0.0100 0.9403 0.0000 
0.0448 0.3035 0.0149 0.6368 
0.1791 0.1169 0.6418 0.0622 
0.2711 0.2562 0.4403 0.0323 
0.2289 0.3507 0.2537 0.1667 
0.2239 0.2786 0.2612 0.2363 

MOTIF filter13 
letter-probability matrix: alength= 4 w= 20 nsites= 20 
0.2637 0.2488 0.2475 0.2401 
0.2090 0.2773 0.3108 0.2028 
0.0571 0.4507 0.0981 0.3940 
0.0724 0.5749 0.3237 0.0290 
0.1594 0.3526 0.4623 0.0257 
0.2235 0.1573 0.2057 0.4135 
0.1192 0.2301 0.3187 0.3320 
0.0103 0.3692 0.4193 0.2012 
0.1113 0.3050 0.2670 0.3166 
0.3220 0.0319 0.0505 0.5956 
0.4383 0.4561 0.0493 0.0563 
0.0745 0.1660 0.0588 0.7007 
0.2736 0.3315 0.0546 0.3402 
0.4776 0.1035 0.3117 0.1072 
0.2036 0.1469 0.3878 0.2616 
0.4470 0.0112 0.3200 0.2219 
0.2616 0.3133 0.4251 0.0000 
0.0008 0.0199 0.6188 0.3605 
0.3589 0.5600 0.0774 0.0037 
0.0066 0.2732 0.5530 0.1672 

MOTIF filter14 
letter-probability matrix: alength= 4 w= 15 nsites= 15 
0.2779 0.2987 0.2026 0.2208 
0.2753 0.2779 0.2182 0.2286 
0.2364 0.2416 0.2571 0.2649 
0.0104 0.8104 0.0909 0.0883 
0.0000 0.1870 0.0000 0.8130 
0.0000 0.2597 0.7143 0.0260 
1.0000 0.0000 0.0000 0.0000 
0.0000 0.0000 0.0000 1.0000 
0.0000 0.0000 0.0000 1.0000 
0.0000 0.0000 1.0000 0.0000 
0.0000 0.0000 1.0000 0.0000 
0.0416 0.3974 0.0078 0.5532 
0.0156 0.4364 0.1351 0.4130 
0.1844 0.4416 0.3013 0.0727 
0.4805 0.1429 0.3065 0.0701 

MOTIF filter15 
letter-probability matrix: alength= 4 w= 13 nsites= 13 
0.2132 0.1949 0.1819 0.4100 
0.1781 0.1884 0.3959 0.2377 
0.2598 0.2044 0.2289 0.3068 
0.0577 0.8200 0.0141 0.1081 
0.0115 0.3924 0.0164 0.5797 
0.8873 0.0004 0.0034 0.1089 
0.2029 0.0008 0.0050 0.7914 
0.6385 0.0008 0.0004 0.3603 
0.3454 0.0004 0.0011 0.6530 
0.7887 0.0023 0.0000 0.2090 
0.1280 0.0004 0.0004 0.8712 
0.5732 0.0149 0.3997 0.0122 
0.1143 0.0126 0.8189 0.0543 

