MEME version 4

ALPHABET= ACGT

Background letter frequencies:
A 0.2500 C 0.2500 G 0.2500 T 0.2500 

MOTIF filter0 
letter-probability matrix: alength= 4 w= 14 nsites= 14 
0.1650 0.3058 0.2835 0.2456 
0.3175 0.2117 0.3592 0.1117 
0.3951 0.1282 0.3320 0.1447 
0.0010 0.9456 0.0388 0.0146 
0.0000 0.6126 0.0000 0.3874 
0.5379 0.1136 0.3350 0.0136 
1.0000 0.0000 0.0000 0.0000 
0.0000 0.0000 0.0000 1.0000 
0.0146 0.3854 0.0981 0.5019 
0.3981 0.0000 0.6019 0.0000 
0.0204 0.0282 0.9515 0.0000 
0.1534 0.3369 0.1301 0.3796 
0.1466 0.3136 0.2204 0.3194 
0.2233 0.3301 0.2816 0.1650 

MOTIF filter1 
letter-probability matrix: alength= 4 w= 11 nsites= 11 
0.2454 0.2595 0.2550 0.2402 
0.3455 0.2208 0.2547 0.1789 
0.2446 0.2863 0.2760 0.1931 
0.0599 0.8591 0.0455 0.0355 
0.8028 0.0361 0.1059 0.0553 
0.0466 0.7002 0.0295 0.2238 
0.2024 0.0412 0.7224 0.0340 
0.0654 0.1013 0.0291 0.8041 
0.0419 0.0282 0.8408 0.0891 
0.1955 0.2831 0.2816 0.2398 
0.1995 0.2627 0.2048 0.3330 

MOTIF filter2 
letter-probability matrix: alength= 4 w= 15 nsites= 15 
0.2121 0.2362 0.3162 0.2354 
0.2281 0.1652 0.2669 0.3398 
0.1039 0.7025 0.0203 0.1733 
0.0190 0.2468 0.0347 0.6995 
0.9048 0.0236 0.0220 0.0496 
0.2707 0.0176 0.0344 0.6772 
0.5408 0.0203 0.0136 0.4253 
0.3933 0.0176 0.0277 0.5614 
0.6805 0.0244 0.0111 0.2840 
0.0382 0.0309 0.0502 0.8807 
0.6960 0.0220 0.2585 0.0236 
0.1684 0.0344 0.7087 0.0884 
0.3200 0.2848 0.1787 0.2164 
0.2444 0.3057 0.2352 0.2148 
0.3404 0.2099 0.2227 0.2270 

MOTIF filter3 
letter-probability matrix: alength= 4 w= 13 nsites= 13 
0.2722 0.2404 0.2098 0.2776 
0.2523 0.2590 0.2417 0.2470 
0.1408 0.1979 0.1341 0.5272 
0.0000 0.0000 0.0000 1.0000 
0.0000 0.0000 0.0000 1.0000 
0.0359 0.9641 0.0000 0.0000 
0.0040 0.7915 0.0000 0.2045 
0.2537 0.2178 0.2523 0.2762 
0.1859 0.0000 0.8088 0.0053 
0.0000 0.0000 0.9774 0.0226 
1.0000 0.0000 0.0000 0.0000 
1.0000 0.0000 0.0000 0.0000 
0.5525 0.1129 0.1939 0.1408 

MOTIF filter4 
letter-probability matrix: alength= 4 w= 12 nsites= 12 
0.2572 0.2431 0.2431 0.2566 
0.2519 0.2554 0.2308 0.2619 
0.2601 0.2255 0.2454 0.2689 
0.6101 0.0000 0.0000 0.3899 
0.0000 0.0000 0.0000 1.0000 
0.0000 0.0235 0.0000 0.9765 
0.9354 0.0000 0.0646 0.0000 
1.0000 0.0000 0.0000 0.0000 
0.3999 0.0000 0.0000 0.6001 
0.2754 0.2366 0.2496 0.2384 
0.2402 0.2408 0.2590 0.2601 
0.2689 0.2443 0.2402 0.2466 

MOTIF filter5 
letter-probability matrix: alength= 4 w= 11 nsites= 11 
0.3025 0.2643 0.2646 0.1686 
0.0323 0.0356 0.0363 0.8957 
0.0274 0.0323 0.8868 0.0534 
0.8954 0.0310 0.0416 0.0320 
0.0304 0.4774 0.4682 0.0241 
0.0267 0.0247 0.0300 0.9185 
0.0468 0.8825 0.0333 0.0373 
0.9182 0.0185 0.0317 0.0317 
0.0412 0.3105 0.2999 0.3484 
0.2115 0.3253 0.2276 0.2356 
0.2679 0.2339 0.2540 0.2441 

MOTIF filter6 
letter-probability matrix: alength= 4 w= 15 nsites= 15 
0.2712 0.2995 0.2123 0.2170 
0.0731 0.1887 0.4976 0.2406 
0.0000 0.7948 0.0330 0.1722 
0.0000 0.8255 0.0000 0.1745 
0.0000 1.0000 0.0000 0.0000 
0.0000 1.0000 0.0000 0.0000 
0.1014 0.0000 0.5920 0.3066 
0.0000 1.0000 0.0000 0.0000 
0.0000 1.0000 0.0000 0.0000 
0.0000 0.7854 0.0000 0.2146 
0.0755 0.8208 0.0000 0.1038 
0.0472 0.6274 0.0519 0.2736 
0.2547 0.2524 0.2453 0.2476 
0.2807 0.2382 0.2429 0.2382 
0.2335 0.2972 0.2382 0.2311 

MOTIF filter7 
letter-probability matrix: alength= 4 w= 15 nsites= 15 
0.2547 0.2440 0.2601 0.2413 
0.2440 0.2761 0.2252 0.2547 
0.4933 0.0241 0.1340 0.3485 
0.6220 0.0161 0.0375 0.3244 
0.4611 0.0000 0.0214 0.5174 
0.2976 0.1796 0.1501 0.3727 
0.0027 0.0000 0.0000 0.9973 
0.0000 0.0000 1.0000 0.0000 
0.0322 0.9678 0.0000 0.0000 
0.0000 0.0000 0.0000 1.0000 
0.0000 0.0000 0.9946 0.0054 
1.0000 0.0000 0.0000 0.0000 
0.0375 0.5040 0.3083 0.1501 
0.1930 0.1314 0.0483 0.6273 
0.1850 0.3753 0.1046 0.3351 

MOTIF filter8 
letter-probability matrix: alength= 4 w= 16 nsites= 16 
0.1673 0.4064 0.1873 0.2390 
0.1394 0.5378 0.1554 0.1673 
0.5817 0.1076 0.2271 0.0837 
0.0996 0.6932 0.1116 0.0956 
0.1036 0.0637 0.1155 0.7171 
0.0558 0.0996 0.0797 0.7649 
0.0000 0.9880 0.0120 0.0000 
0.0000 1.0000 0.0000 0.0000 
0.0000 0.0000 1.0000 0.0000 
0.0000 0.0359 0.9641 0.0000 
0.7849 0.0598 0.0717 0.0837 
0.7809 0.0598 0.0757 0.0837 
0.1355 0.0916 0.6494 0.1235 
0.0837 0.2948 0.0757 0.5458 
0.2151 0.1633 0.5339 0.0876 
0.3068 0.2430 0.3785 0.0717 

MOTIF filter9 
letter-probability matrix: alength= 4 w= 16 nsites= 16 
0.2680 0.2478 0.2277 0.2565 
0.2450 0.2853 0.2536 0.2161 
0.2421 0.2421 0.2478 0.2680 
0.1095 0.0202 0.6859 0.1844 
0.0836 0.7003 0.1268 0.0893 
0.2882 0.3343 0.2594 0.1182 
0.0519 0.0000 0.8588 0.0893 
0.0000 1.0000 0.0000 0.0000 
0.0000 1.0000 0.0000 0.0000 
1.0000 0.0000 0.0000 0.0000 
0.0000 0.0000 0.0000 1.0000 
0.0086 0.4611 0.1412 0.3890 
0.0000 0.0173 0.0000 0.9827 
0.0000 0.0115 0.0000 0.9885 
0.0778 0.0807 0.7176 0.1239 
0.2824 0.2363 0.2450 0.2363 

MOTIF filter10 
letter-probability matrix: alength= 4 w= 14 nsites= 14 
0.1991 0.1648 0.0998 0.5362 
0.1092 0.1375 0.5030 0.2502 
0.3352 0.3456 0.1420 0.1773 
0.0253 0.8788 0.0511 0.0447 
0.0313 0.8292 0.0566 0.0829 
0.6619 0.0442 0.0606 0.2334 
0.1147 0.0094 0.0323 0.8436 
0.8913 0.0313 0.0392 0.0382 
0.0204 0.0313 0.0556 0.8928 
0.8759 0.0263 0.0114 0.0864 
0.2334 0.0452 0.0298 0.6917 
0.0824 0.0546 0.8396 0.0233 
0.0402 0.0497 0.8714 0.0387 
0.1733 0.1266 0.3446 0.3555 

MOTIF filter11 
letter-probability matrix: alength= 4 w= 11 nsites= 11 
0.2567 0.2542 0.2426 0.2465 
0.2850 0.2259 0.2439 0.2452 
0.1130 0.2593 0.1348 0.4929 
0.0006 0.0000 0.0000 0.9994 
0.0000 0.0045 0.0167 0.9788 
0.0956 0.9024 0.0000 0.0019 
0.0128 0.7484 0.0071 0.2317 
0.2439 0.2176 0.2587 0.2798 
0.2362 0.0103 0.7413 0.0122 
0.0186 0.0212 0.8549 0.1053 
0.9108 0.0430 0.0308 0.0154 

MOTIF filter12 
letter-probability matrix: alength= 4 w= 18 nsites= 18 
0.2444 0.2417 0.2472 0.2667 
0.2167 0.2889 0.2694 0.2250 
0.2694 0.2667 0.2000 0.2639 
0.1472 0.6722 0.1194 0.0611 
1.0000 0.0000 0.0000 0.0000 
0.9861 0.0000 0.0139 0.0000 
0.4222 0.0806 0.4778 0.0194 
1.0000 0.0000 0.0000 0.0000 
0.0000 0.0000 0.0000 1.0000 
0.0000 0.0000 1.0000 0.0000 
0.0000 0.0000 1.0000 0.0000 
0.0639 0.8528 0.0000 0.0833 
0.1111 0.2028 0.4194 0.2667 
0.0806 0.0889 0.7583 0.0722 
0.1306 0.7667 0.0194 0.0833 
0.2667 0.2472 0.2111 0.2750 
0.2361 0.2278 0.3000 0.2361 
0.2556 0.2389 0.2806 0.2250 

MOTIF filter13 
letter-probability matrix: alength= 4 w= 13 nsites= 13 
0.2880 0.1728 0.3010 0.2382 
0.5864 0.0654 0.1283 0.2199 
0.1702 0.3063 0.4791 0.0445 
0.0000 0.0000 0.0000 1.0000 
0.0105 0.9895 0.0000 0.0000 
1.0000 0.0000 0.0000 0.0000 
0.0000 0.0000 0.9712 0.0288 
0.0000 1.0000 0.0000 0.0000 
0.9921 0.0000 0.0000 0.0079 
0.4241 0.1754 0.1309 0.2696 
0.4293 0.0419 0.0079 0.5209 
0.3796 0.0812 0.0052 0.5340 
0.3194 0.1204 0.0209 0.5393 

MOTIF filter14 
letter-probability matrix: alength= 4 w= 12 nsites= 12 
0.2401 0.2311 0.2734 0.2555 
0.2542 0.2657 0.2465 0.2336 
0.2734 0.1232 0.4968 0.1065 
0.1938 0.0000 0.6226 0.1836 
0.2657 0.0064 0.7240 0.0039 
0.0026 0.0026 0.9923 0.0026 
0.0013 0.0039 0.9897 0.0051 
0.3389 0.4596 0.0000 0.2015 
0.0000 0.0026 0.9961 0.0013 
0.0039 0.0000 0.9961 0.0000 
0.2696 0.0026 0.6996 0.0282 
0.2606 0.1117 0.6252 0.0026 

MOTIF filter15 
letter-probability matrix: alength= 4 w= 16 nsites= 16 
0.2307 0.2548 0.2471 0.2674 
0.2383 0.2750 0.2535 0.2332 
0.2408 0.2560 0.2560 0.2471 
0.5133 0.1255 0.3536 0.0076 
0.0000 0.0000 0.0000 1.0000 
0.0000 0.0000 0.0241 0.9759 
0.2953 0.0000 0.6362 0.0684 
0.0025 0.9316 0.0000 0.0659 
0.0798 0.0000 0.9202 0.0000 
0.0722 0.6920 0.0000 0.2357 
0.9747 0.0253 0.0000 0.0000 
1.0000 0.0000 0.0000 0.0000 
0.0076 0.3549 0.1280 0.5095 
0.2776 0.2510 0.2674 0.2041 
0.2446 0.2104 0.2649 0.2801 
0.2548 0.2332 0.2560 0.2560 

