MEME version 4

ALPHABET= ACGT

Background letter frequencies:
A 0.2500 C 0.2500 G 0.2500 T 0.2500 

MOTIF filter0 
letter-probability matrix: alength= 4 w= 14 nsites= 14 
0.2616 0.2663 0.1950 0.2771 
0.2570 0.2307 0.3003 0.2121 
0.2771 0.0635 0.4319 0.2276 
0.4040 0.0619 0.5341 0.0000 
0.0000 0.0000 0.0000 1.0000 
0.0000 0.0000 1.0000 0.0000 
1.0000 0.0000 0.0000 0.0000 
0.0000 0.5031 0.4969 0.0000 
0.0000 0.0000 0.0000 1.0000 
0.0000 1.0000 0.0000 0.0000 
1.0000 0.0000 0.0000 0.0000 
0.0046 0.2879 0.2523 0.4551 
0.2601 0.3498 0.2368 0.1533 
0.2276 0.1935 0.3127 0.2663 

MOTIF filter1 
letter-probability matrix: alength= 4 w= 14 nsites= 14 
0.2437 0.2296 0.2592 0.2676 
0.1620 0.2169 0.3930 0.2282 
0.4930 0.2549 0.2521 0.0000 
0.0000 0.0000 0.0000 1.0000 
0.0000 0.0000 0.9972 0.0028 
1.0000 0.0000 0.0000 0.0000 
0.0000 0.4169 0.5817 0.0014 
0.0000 0.0000 0.0000 1.0000 
0.0000 1.0000 0.0000 0.0000 
1.0000 0.0000 0.0000 0.0000 
0.0000 0.4366 0.1423 0.4211 
0.2296 0.4141 0.0549 0.3014 
0.2789 0.2127 0.2761 0.2324 
0.2704 0.2423 0.2296 0.2577 

MOTIF filter2 
letter-probability matrix: alength= 4 w= 16 nsites= 16 
0.2555 0.2706 0.2474 0.2265 
0.2404 0.2729 0.2532 0.2334 
0.1092 0.0499 0.3589 0.4820 
0.0325 0.8769 0.0000 0.0906 
0.0000 0.0000 0.0000 1.0000 
1.0000 0.0000 0.0000 0.0000 
0.2787 0.0000 0.0081 0.7131 
0.4669 0.0012 0.0000 0.5319 
0.5656 0.0000 0.0000 0.4344 
0.6957 0.0000 0.0000 0.3043 
0.0000 0.0000 0.0000 1.0000 
1.0000 0.0000 0.0000 0.0000 
0.0859 0.0000 0.8931 0.0209 
0.4483 0.3705 0.0441 0.1370 
0.2799 0.2207 0.2660 0.2334 
0.2451 0.2846 0.2300 0.2404 

MOTIF filter3 
letter-probability matrix: alength= 4 w= 13 nsites= 13 
0.2744 0.2974 0.2256 0.2026 
0.2923 0.2410 0.2231 0.2436 
0.2385 0.2462 0.2487 0.2667 
0.0000 0.8103 0.1077 0.0821 
0.0000 0.1769 0.0000 0.8231 
0.0000 0.2333 0.7333 0.0333 
1.0000 0.0000 0.0000 0.0000 
0.0000 0.0000 0.0000 1.0000 
0.0000 0.0000 0.0000 1.0000 
0.0000 0.0000 1.0000 0.0000 
0.0000 0.0000 1.0000 0.0000 
0.0410 0.4077 0.0000 0.5513 
0.0026 0.4333 0.1385 0.4256 

MOTIF filter4 
letter-probability matrix: alength= 4 w= 16 nsites= 16 
0.3005 0.2414 0.2611 0.1970 
0.2734 0.3005 0.2266 0.1995 
0.0665 0.1946 0.5049 0.2340 
0.0000 0.8005 0.0197 0.1798 
0.0000 0.8054 0.0000 0.1946 
0.0000 1.0000 0.0000 0.0000 
0.0000 1.0000 0.0000 0.0000 
0.0985 0.0000 0.5887 0.3128 
0.0000 1.0000 0.0000 0.0000 
0.0000 1.0000 0.0000 0.0000 
0.0000 0.8005 0.0000 0.1995 
0.0665 0.8202 0.0000 0.1133 
0.0419 0.6527 0.0517 0.2537 
0.2611 0.2488 0.2488 0.2414 
0.2882 0.2266 0.2389 0.2463 
0.2143 0.2980 0.2463 0.2414 

MOTIF filter5 
letter-probability matrix: alength= 4 w= 16 nsites= 16 
0.4147 0.2105 0.1811 0.1937 
0.0968 0.3389 0.1389 0.4253 
0.0821 0.3011 0.3705 0.2463 
0.4105 0.1474 0.4421 0.0000 
0.5537 0.0084 0.3832 0.0547 
0.0000 1.0000 0.0000 0.0000 
0.0000 1.0000 0.0000 0.0000 
1.0000 0.0000 0.0000 0.0000 
1.0000 0.0000 0.0000 0.0000 
0.0000 0.0000 0.0000 1.0000 
0.0589 0.7284 0.2105 0.0021 
0.8000 0.0063 0.1916 0.0021 
0.0884 0.1011 0.7937 0.0168 
0.2211 0.2884 0.2274 0.2632 
0.2568 0.1958 0.2611 0.2863 
0.2358 0.2737 0.2316 0.2589 

MOTIF filter6 
letter-probability matrix: alength= 4 w= 14 nsites= 14 
0.2234 0.2801 0.4291 0.0674 
0.0000 0.0000 0.0000 1.0000 
0.0035 0.9965 0.0000 0.0000 
1.0000 0.0000 0.0000 0.0000 
0.0000 0.0000 1.0000 0.0000 
0.0000 1.0000 0.0000 0.0000 
0.9929 0.0000 0.0000 0.0071 
0.5319 0.1525 0.1028 0.2128 
0.4397 0.0426 0.0000 0.5177 
0.4362 0.0461 0.0000 0.5177 
0.2979 0.0426 0.0000 0.6596 
0.2589 0.2553 0.2411 0.2447 
0.2660 0.3227 0.1454 0.2660 
0.2163 0.3404 0.2518 0.1915 

MOTIF filter7 
letter-probability matrix: alength= 4 w= 17 nsites= 17 
0.2903 0.2323 0.2323 0.2452 
0.2548 0.2839 0.2290 0.2323 
0.5258 0.0290 0.1355 0.3097 
0.6548 0.0290 0.0484 0.2677 
0.4548 0.0000 0.0290 0.5161 
0.2935 0.1645 0.1548 0.3871 
0.0226 0.0000 0.0000 0.9774 
0.0000 0.0000 1.0000 0.0000 
0.0097 0.9903 0.0000 0.0000 
0.0000 0.0000 0.0000 1.0000 
0.0000 0.0000 0.9806 0.0194 
1.0000 0.0000 0.0000 0.0000 
0.0129 0.4935 0.3387 0.1548 
0.1935 0.0742 0.0581 0.6742 
0.1839 0.3903 0.1097 0.3161 
0.5194 0.0194 0.2226 0.2387 
0.1484 0.0226 0.5935 0.2355 

MOTIF filter8 
letter-probability matrix: alength= 4 w= 12 nsites= 12 
0.2298 0.2591 0.2631 0.2480 
0.3921 0.2127 0.2571 0.1381 
0.2238 0.3044 0.3155 0.1562 
0.0000 1.0000 0.0000 0.0000 
1.0000 0.0000 0.0000 0.0000 
0.0000 1.0000 0.0000 0.0000 
0.0000 0.0000 1.0000 0.0000 
0.0000 0.0000 0.0000 1.0000 
0.0000 0.0000 1.0000 0.0000 
0.1603 0.2913 0.3165 0.2319 
0.1653 0.2369 0.1784 0.4194 
0.2349 0.2520 0.2510 0.2621 

MOTIF filter9 
letter-probability matrix: alength= 4 w= 13 nsites= 13 
0.0954 0.4205 0.2421 0.2421 
0.0978 0.6015 0.1296 0.1711 
0.6797 0.0098 0.2861 0.0244 
0.0000 0.9462 0.0073 0.0465 
0.0000 0.0000 0.0000 1.0000 
0.0000 0.0000 0.0000 1.0000 
0.0000 1.0000 0.0000 0.0000 
0.0000 1.0000 0.0000 0.0000 
0.0000 0.0000 0.9756 0.0244 
0.0000 0.1516 0.8435 0.0049 
0.2885 0.1932 0.2445 0.2738 
0.2812 0.2298 0.2445 0.2445 
0.2738 0.2323 0.2274 0.2665 

MOTIF filter10 
letter-probability matrix: alength= 4 w= 17 nsites= 17 
0.2390 0.2390 0.2736 0.2484 
0.2264 0.2987 0.2893 0.1855 
0.2642 0.2673 0.2264 0.2421 
0.1258 0.7484 0.0881 0.0377 
0.9969 0.0000 0.0031 0.0000 
0.9811 0.0000 0.0189 0.0000 
0.4088 0.0629 0.5063 0.0220 
1.0000 0.0000 0.0000 0.0000 
0.0000 0.0000 0.0000 1.0000 
0.0000 0.0000 1.0000 0.0000 
0.0000 0.0000 1.0000 0.0000 
0.0472 0.8616 0.0000 0.0912 
0.0881 0.2044 0.4214 0.2862 
0.0786 0.1038 0.7421 0.0755 
0.1289 0.7799 0.0126 0.0786 
0.2704 0.2201 0.2170 0.2925 
0.2327 0.2233 0.2830 0.2610 

MOTIF filter11 
letter-probability matrix: alength= 4 w= 15 nsites= 15 
0.2622 0.2622 0.2517 0.2238 
0.2552 0.2273 0.2622 0.2552 
0.2517 0.2448 0.2343 0.2692 
0.5280 0.0035 0.0839 0.3846 
0.6888 0.0000 0.0175 0.2937 
0.4406 0.0000 0.0280 0.5315 
0.2762 0.1503 0.1503 0.4231 
0.0000 0.0000 0.0000 1.0000 
0.0000 0.0000 1.0000 0.0000 
0.0140 0.9860 0.0000 0.0000 
0.0000 0.0000 0.0000 1.0000 
0.0000 0.0000 0.9965 0.0035 
1.0000 0.0000 0.0000 0.0000 
0.0385 0.5804 0.2378 0.1434 
0.1888 0.1538 0.0385 0.6189 

MOTIF filter12 
letter-probability matrix: alength= 4 w= 17 nsites= 17 
0.3077 0.4769 0.0487 0.1667 
0.3718 0.0487 0.1000 0.4795 
0.5026 0.0923 0.1615 0.2436 
0.6564 0.0179 0.0103 0.3154 
0.2308 0.2359 0.3923 0.1410 
0.0000 0.0000 0.0000 1.0000 
0.0000 0.6744 0.3256 0.0000 
0.7128 0.2872 0.0000 0.0000 
0.0000 0.0000 0.5487 0.4513 
0.0000 0.6692 0.3308 0.0000 
1.0000 0.0000 0.0000 0.0000 
0.2231 0.2872 0.2103 0.2795 
0.3795 0.0128 0.0000 0.6077 
0.3256 0.1718 0.0154 0.4872 
0.4359 0.0462 0.0000 0.5179 
0.1974 0.1410 0.4846 0.1769 
0.2436 0.2000 0.3846 0.1718 

MOTIF filter13 
letter-probability matrix: alength= 4 w= 17 nsites= 17 
0.2252 0.2901 0.2786 0.2061 
0.2748 0.2405 0.2176 0.2672 
0.1603 0.6794 0.1107 0.0496 
1.0000 0.0000 0.0000 0.0000 
0.9962 0.0000 0.0038 0.0000 
0.4618 0.0649 0.4695 0.0038 
1.0000 0.0000 0.0000 0.0000 
0.0000 0.0000 0.0000 1.0000 
0.0000 0.0000 1.0000 0.0000 
0.0000 0.0000 1.0000 0.0000 
0.0382 0.9198 0.0000 0.0420 
0.1260 0.2023 0.4504 0.2214 
0.0496 0.0649 0.8359 0.0496 
0.0725 0.8321 0.0191 0.0763 
0.2557 0.2099 0.2214 0.3130 
0.2137 0.2595 0.3092 0.2176 
0.2672 0.2290 0.2863 0.2176 

MOTIF filter14 
letter-probability matrix: alength= 4 w= 12 nsites= 12 
0.2521 0.2600 0.2370 0.2508 
0.2666 0.2574 0.2377 0.2383 
0.2554 0.2246 0.2534 0.2666 
0.6179 0.0000 0.0000 0.3821 
0.0000 0.0000 0.0000 1.0000 
0.0000 0.0125 0.0000 0.9875 
0.9777 0.0000 0.0223 0.0000 
1.0000 0.0000 0.0000 0.0000 
0.3933 0.0000 0.0000 0.6067 
0.2731 0.2436 0.2429 0.2403 
0.2469 0.2416 0.2626 0.2489 
0.2416 0.2646 0.2351 0.2587 

MOTIF filter15 
letter-probability matrix: alength= 4 w= 17 nsites= 17 
0.2184 0.2481 0.2680 0.2655 
0.2022 0.2878 0.2816 0.2283 
0.2891 0.2382 0.2295 0.2432 
0.1563 0.0670 0.0385 0.7382 
0.0298 0.0831 0.6663 0.2208 
0.4156 0.3945 0.0682 0.1216 
0.0000 1.0000 0.0000 0.0000 
0.0000 1.0000 0.0000 0.0000 
0.8313 0.0000 0.0050 0.1638 
0.0099 0.0000 0.0000 0.9901 
1.0000 0.0000 0.0000 0.0000 
0.0000 0.0000 0.0012 0.9988 
0.9938 0.0000 0.0000 0.0062 
0.1390 0.0037 0.0000 0.8573 
0.0012 0.0062 0.9926 0.0000 
0.0000 0.0000 0.9988 0.0012 
0.1005 0.0670 0.3945 0.4380 

MOTIF filter16 
letter-probability matrix: alength= 4 w= 14 nsites= 14 
0.2747 0.2496 0.2162 0.2595 
0.2709 0.2443 0.2451 0.2398 
0.1745 0.2284 0.1654 0.4317 
0.0030 0.0091 0.0015 0.9863 
0.0000 0.0000 0.0440 0.9560 
0.1328 0.8589 0.0053 0.0030 
0.0364 0.7003 0.0038 0.2595 
0.2473 0.2344 0.2663 0.2519 
0.2436 0.0000 0.7291 0.0273 
0.0068 0.0076 0.8687 0.1168 
0.9545 0.0448 0.0008 0.0000 
0.9871 0.0008 0.0121 0.0000 
0.4575 0.1571 0.2178 0.1677 
0.2375 0.2709 0.2367 0.2549 

MOTIF filter17 
letter-probability matrix: alength= 4 w= 17 nsites= 17 
0.2468 0.2955 0.2435 0.2143 
0.2370 0.2597 0.2435 0.2597 
0.1234 0.0130 0.6981 0.1656 
0.0714 0.7468 0.1071 0.0747 
0.2825 0.3571 0.2565 0.1039 
0.0487 0.0000 0.8766 0.0747 
0.0000 1.0000 0.0000 0.0000 
0.0000 1.0000 0.0000 0.0000 
1.0000 0.0000 0.0000 0.0000 
0.0000 0.0000 0.0000 1.0000 
0.0065 0.4773 0.1331 0.3831 
0.0000 0.0195 0.0000 0.9805 
0.0000 0.0130 0.0000 0.9870 
0.0617 0.0779 0.7403 0.1201 
0.2792 0.2143 0.2630 0.2435 
0.2045 0.2695 0.2630 0.2630 
0.2240 0.2857 0.2500 0.2403 

MOTIF filter18 
letter-probability matrix: alength= 4 w= 14 nsites= 14 
0.2843 0.2507 0.2115 0.2535 
0.1499 0.1877 0.0854 0.5770 
0.0028 0.0140 0.0070 0.9762 
0.0000 0.0028 0.0000 0.9972 
0.0322 0.8880 0.0028 0.0770 
0.0000 0.8964 0.0028 0.1008 
0.2941 0.2409 0.1050 0.3599 
0.2479 0.0014 0.7339 0.0168 
0.0042 0.0014 0.9734 0.0210 
0.9342 0.0056 0.0588 0.0014 
0.9972 0.0014 0.0014 0.0000 
0.6190 0.0966 0.1877 0.0966 
0.2227 0.2381 0.2605 0.2787 
0.2801 0.2731 0.2185 0.2283 

MOTIF filter19 
letter-probability matrix: alength= 4 w= 15 nsites= 15 
0.2511 0.2628 0.2422 0.2439 
0.2484 0.2673 0.2511 0.2332 
0.1318 0.0843 0.3265 0.4574 
0.0538 0.8054 0.0072 0.1336 
0.0009 0.0161 0.0027 0.9803 
0.9946 0.0000 0.0018 0.0036 
0.2960 0.0027 0.0099 0.6915 
0.4377 0.0054 0.0009 0.5561 
0.5498 0.0018 0.0018 0.4466 
0.6834 0.0072 0.0000 0.3094 
0.0045 0.0018 0.0090 0.9848 
0.9758 0.0036 0.0179 0.0027 
0.1256 0.0081 0.8081 0.0583 
0.4350 0.3552 0.0610 0.1489 
0.2655 0.2422 0.2565 0.2359 

MOTIF filter20 
letter-probability matrix: alength= 4 w= 19 nsites= 19 
0.2335 0.1106 0.3622 0.2937 
0.4439 0.1155 0.2112 0.2294 
0.2005 0.2789 0.2517 0.2690 
0.4068 0.1493 0.0000 0.4439 
0.2302 0.5627 0.0784 0.1287 
0.6609 0.0140 0.2030 0.1221 
0.0083 0.1007 0.8878 0.0033 
0.2401 0.3894 0.1304 0.2401 
0.0602 0.5388 0.3952 0.0058 
0.1469 0.0000 0.4851 0.3680 
0.0924 0.0091 0.7483 0.1502 
0.0008 0.6493 0.0033 0.3465 
0.4398 0.2797 0.0693 0.2112 
0.3936 0.3325 0.0000 0.2739 
0.4125 0.1147 0.1089 0.3639 
0.3168 0.0685 0.2112 0.4035 
0.1213 0.0429 0.2195 0.6163 
0.3556 0.1403 0.0693 0.4348 
0.1964 0.1972 0.2756 0.3309 

MOTIF filter21 
letter-probability matrix: alength= 4 w= 16 nsites= 16 
0.2295 0.2585 0.2421 0.2699 
0.2421 0.2699 0.2497 0.2383 
0.2295 0.2573 0.2598 0.2535 
0.5120 0.1211 0.3581 0.0088 
0.0000 0.0000 0.0000 1.0000 
0.0000 0.0000 0.0340 0.9660 
0.2812 0.0000 0.6507 0.0681 
0.0025 0.9281 0.0000 0.0694 
0.0731 0.0000 0.9256 0.0013 
0.0769 0.6797 0.0000 0.2434 
0.9798 0.0202 0.0000 0.0000 
1.0000 0.0000 0.0000 0.0000 
0.0050 0.3455 0.1299 0.5195 
0.2812 0.2421 0.2699 0.2068 
0.2434 0.2131 0.2573 0.2863 
0.2598 0.2270 0.2648 0.2484 

MOTIF filter22 
letter-probability matrix: alength= 4 w= 13 nsites= 13 
0.1624 0.3274 0.3122 0.1980 
0.3858 0.1574 0.3503 0.1066 
0.2056 0.5990 0.1472 0.0482 
0.0000 0.5406 0.0000 0.4594 
0.0000 0.5482 0.4518 0.0000 
1.0000 0.0000 0.0000 0.0000 
0.3096 0.0000 0.0000 0.6904 
0.0000 0.0000 0.0000 1.0000 
0.0000 0.1320 0.8680 0.0000 
0.1548 0.0000 0.8452 0.0000 
0.0330 0.3706 0.2792 0.3173 
0.0228 0.3756 0.1345 0.4670 
0.1904 0.4975 0.2792 0.0330 

MOTIF filter23 
letter-probability matrix: alength= 4 w= 14 nsites= 14 
0.2379 0.2315 0.2830 0.2476 
0.3151 0.0482 0.5659 0.0707 
0.1286 0.0000 0.8167 0.0547 
0.1447 0.0000 0.8553 0.0000 
0.0000 0.0000 1.0000 0.0000 
0.0000 0.0000 1.0000 0.0000 
0.3344 0.5434 0.0000 0.1222 
0.0000 0.0000 1.0000 0.0000 
0.0000 0.0000 1.0000 0.0000 
0.1447 0.0000 0.8553 0.0000 
0.1415 0.0096 0.8489 0.0000 
0.1768 0.6045 0.1350 0.0836 
0.2572 0.1929 0.2797 0.2701 
0.2605 0.2926 0.1640 0.2830 

MOTIF filter24 
letter-probability matrix: alength= 4 w= 20 nsites= 20 
0.2271 0.2440 0.2570 0.2719 
0.2311 0.2749 0.2649 0.2291 
0.2809 0.2371 0.2371 0.2450 
0.1723 0.0926 0.0518 0.6833 
0.0428 0.1056 0.6285 0.2231 
0.3924 0.3665 0.0946 0.1464 
0.0050 0.9851 0.0050 0.0050 
0.0010 0.9382 0.0060 0.0548 
0.8247 0.0040 0.0110 0.1604 
0.0398 0.0000 0.0030 0.9572 
0.9741 0.0040 0.0020 0.0199 
0.0189 0.0020 0.0010 0.9781 
0.9651 0.0030 0.0000 0.0319 
0.1524 0.0070 0.0040 0.8367 
0.0498 0.0100 0.9402 0.0000 
0.0070 0.0050 0.9851 0.0030 
0.1394 0.0817 0.3665 0.4124 
0.2321 0.6245 0.1016 0.0418 
0.7012 0.0359 0.0777 0.1853 
0.2341 0.2799 0.2371 0.2490 

MOTIF filter25 
letter-probability matrix: alength= 4 w= 14 nsites= 14 
0.2185 0.2338 0.3046 0.2431 
0.2215 0.0338 0.6954 0.0492 
0.1108 0.0000 0.8154 0.0738 
0.1477 0.0000 0.8523 0.0000 
0.0000 0.0000 1.0000 0.0000 
0.0000 0.0000 1.0000 0.0000 
0.2923 0.5785 0.0000 0.1292 
0.0000 0.0000 1.0000 0.0000 
0.0000 0.0000 1.0000 0.0000 
0.1692 0.0000 0.8277 0.0031 
0.2215 0.0154 0.7631 0.0000 
0.1692 0.5815 0.1969 0.0523 
0.2985 0.2092 0.2769 0.2154 
0.2462 0.3046 0.2400 0.2092 

MOTIF filter26 
letter-probability matrix: alength= 4 w= 14 nsites= 14 
0.2582 0.2390 0.2088 0.2940 
0.2610 0.2170 0.2802 0.2418 
0.2280 0.2720 0.2610 0.2390 
0.0110 0.8462 0.1429 0.0000 
0.0247 0.9753 0.0000 0.0000 
0.0000 0.0000 1.0000 0.0000 
0.0000 0.0000 1.0000 0.0000 
1.0000 0.0000 0.0000 0.0000 
1.0000 0.0000 0.0000 0.0000 
0.0412 0.0110 0.9478 0.0000 
0.0275 0.3049 0.0055 0.6621 
0.1731 0.1099 0.6593 0.0577 
0.2555 0.2555 0.4643 0.0247 
0.2143 0.3599 0.2637 0.1621 

MOTIF filter27 
letter-probability matrix: alength= 4 w= 15 nsites= 15 
0.2434 0.2413 0.2474 0.2679 
0.2290 0.5072 0.0130 0.2509 
0.3429 0.2570 0.1500 0.2502 
0.5051 0.0130 0.1316 0.3504 
0.3033 0.1084 0.0000 0.5883 
0.1159 0.0682 0.1779 0.6380 
0.3776 0.0832 0.0825 0.4567 
0.6033 0.1534 0.0573 0.1861 
0.3156 0.0348 0.1718 0.4778 
0.0286 0.1431 0.0688 0.7594 
0.3933 0.0429 0.5085 0.0552 
0.7260 0.0164 0.0368 0.2209 
0.3865 0.0123 0.3626 0.2386 
0.0239 0.1629 0.2843 0.5290 
0.4260 0.1418 0.3926 0.0395 

MOTIF filter28 
letter-probability matrix: alength= 4 w= 17 nsites= 17 
0.2390 0.2938 0.2131 0.2542 
0.5160 0.2070 0.0487 0.2283 
0.4460 0.1674 0.3257 0.0609 
0.0426 0.9026 0.0213 0.0335 
0.6225 0.2633 0.0487 0.0654 
0.0076 0.7032 0.0000 0.2892 
0.2237 0.0518 0.6606 0.0639 
0.0091 0.0228 0.0731 0.8950 
0.1537 0.0000 0.8463 0.0000 
0.0883 0.2222 0.2770 0.4125 
0.2572 0.2420 0.2740 0.2268 
0.4673 0.1887 0.1461 0.1979 
0.2877 0.0441 0.4201 0.2481 
0.1796 0.1111 0.6880 0.0213 
0.0578 0.2374 0.5525 0.1522 
0.2329 0.4688 0.0533 0.2451 
0.1355 0.0913 0.1568 0.6164 

MOTIF filter29 
letter-probability matrix: alength= 4 w= 12 nsites= 12 
0.2526 0.2550 0.2573 0.2351 
0.3191 0.2265 0.2608 0.1936 
0.2390 0.2861 0.2779 0.1969 
0.0572 0.8858 0.0436 0.0134 
0.8895 0.0084 0.0548 0.0473 
0.0469 0.7832 0.0417 0.1282 
0.0956 0.0440 0.8230 0.0374 
0.0494 0.0754 0.0265 0.8487 
0.0326 0.0399 0.8566 0.0710 
0.2064 0.2778 0.2852 0.2306 
0.2051 0.2701 0.2003 0.3245 
0.2303 0.2623 0.2500 0.2575 

MOTIF filter30 
letter-probability matrix: alength= 4 w= 17 nsites= 17 
0.2812 0.2031 0.2281 0.2875 
0.2781 0.2344 0.2438 0.2438 
0.2406 0.3156 0.1937 0.2500 
0.2875 0.5969 0.0125 0.1031 
0.2281 0.2094 0.0469 0.5156 
0.2750 0.1437 0.3625 0.2188 
0.6531 0.0312 0.1031 0.2125 
0.1469 0.3281 0.5000 0.0250 
0.0000 0.0000 0.0000 1.0000 
0.0188 0.9812 0.0000 0.0000 
1.0000 0.0000 0.0000 0.0000 
0.0000 0.0000 0.9812 0.0188 
0.0000 1.0000 0.0000 0.0000 
0.9875 0.0000 0.0000 0.0125 
0.4219 0.1781 0.1500 0.2500 
0.3906 0.0625 0.0094 0.5375 
0.3781 0.0469 0.0063 0.5688 

MOTIF filter31 
letter-probability matrix: alength= 4 w= 13 nsites= 13 
0.2385 0.2421 0.2409 0.2785 
0.2107 0.1828 0.4044 0.2022 
0.4165 0.1828 0.3923 0.0085 
0.0000 0.0000 0.0000 1.0000 
0.0000 0.0000 1.0000 0.0000 
1.0000 0.0000 0.0000 0.0000 
0.0000 0.5024 0.4976 0.0000 
0.0000 0.0000 0.0000 1.0000 
0.0000 1.0000 0.0000 0.0000 
1.0000 0.0000 0.0000 0.0000 
0.0000 0.3087 0.2579 0.4334 
0.2082 0.3668 0.1901 0.2349 
0.2361 0.2228 0.3002 0.2409 

