MEME version 4

ALPHABET= ACGT

Background letter frequencies:
A 0.2500 C 0.2500 G 0.2500 T 0.2500 

MOTIF filter0 
letter-probability matrix: alength= 4 w= 17 nsites= 17 
0.2833 0.1967 0.2700 0.2500 
0.2367 0.2867 0.2433 0.2333 
0.5067 0.0267 0.1200 0.3467 
0.6933 0.0133 0.0200 0.2733 
0.4367 0.0000 0.0233 0.5400 
0.2967 0.1900 0.1300 0.3833 
0.0167 0.0000 0.0000 0.9833 
0.0000 0.0000 1.0000 0.0000 
0.0000 1.0000 0.0000 0.0000 
0.0000 0.0000 0.0000 1.0000 
0.0000 0.0000 1.0000 0.0000 
1.0000 0.0000 0.0000 0.0000 
0.0300 0.4967 0.3267 0.1467 
0.1867 0.1233 0.0467 0.6433 
0.1700 0.4033 0.1200 0.3067 
0.5033 0.0533 0.1733 0.2700 
0.1633 0.0300 0.5467 0.2600 

MOTIF filter1 
letter-probability matrix: alength= 4 w= 12 nsites= 12 
0.2384 0.2359 0.2356 0.2901 
0.2403 0.2046 0.3424 0.2127 
0.3421 0.2835 0.2942 0.0802 
0.0279 0.0254 0.0495 0.8972 
0.0207 0.0257 0.8687 0.0849 
0.9044 0.0222 0.0385 0.0348 
0.0724 0.4461 0.4392 0.0423 
0.0285 0.0307 0.0279 0.9129 
0.0824 0.8565 0.0247 0.0363 
0.9164 0.0285 0.0301 0.0251 
0.0529 0.3098 0.2967 0.3405 
0.2043 0.3315 0.2309 0.2334 

MOTIF filter2 
letter-probability matrix: alength= 4 w= 16 nsites= 16 
0.2688 0.2366 0.2688 0.2258 
0.2330 0.2330 0.2509 0.2832 
0.2043 0.2832 0.2832 0.2294 
0.2401 0.0215 0.7025 0.0358 
0.1326 0.0000 0.8065 0.0609 
0.1362 0.0000 0.8638 0.0000 
0.0000 0.0000 1.0000 0.0000 
0.0000 0.0000 1.0000 0.0000 
0.3154 0.5735 0.0000 0.1111 
0.0000 0.0000 1.0000 0.0000 
0.0000 0.0000 1.0000 0.0000 
0.1004 0.0000 0.8925 0.0072 
0.1828 0.0108 0.8065 0.0000 
0.1362 0.5986 0.1971 0.0681 
0.3011 0.1756 0.2724 0.2509 
0.2652 0.3154 0.1971 0.2222 

MOTIF filter3 
letter-probability matrix: alength= 4 w= 13 nsites= 13 
0.1213 0.3837 0.2550 0.2401 
0.0817 0.6262 0.1881 0.1040 
0.7079 0.0173 0.2649 0.0099 
0.0000 0.9134 0.0074 0.0792 
0.0025 0.0000 0.0173 0.9802 
0.0050 0.0050 0.0000 0.9901 
0.0000 0.9901 0.0025 0.0074 
0.0074 0.9901 0.0000 0.0025 
0.0000 0.0000 0.9752 0.0248 
0.0173 0.1881 0.7822 0.0124 
0.1856 0.2302 0.2624 0.3218 
0.1980 0.2673 0.2500 0.2847 
0.2203 0.2649 0.2574 0.2574 

MOTIF filter4 
letter-probability matrix: alength= 4 w= 20 nsites= 20 
0.1250 0.2500 0.5000 0.1250 
0.0000 0.0000 0.3750 0.6250 
0.0000 0.0000 1.0000 0.0000 
0.8750 0.1250 0.0000 0.0000 
0.0000 0.1250 0.0000 0.8750 
0.0000 0.5000 0.5000 0.0000 
0.0000 0.6250 0.3750 0.0000 
0.3750 0.1250 0.3750 0.1250 
0.0000 1.0000 0.0000 0.0000 
0.0000 1.0000 0.0000 0.0000 
0.0000 0.5000 0.0000 0.5000 
0.0000 0.2500 0.5000 0.2500 
0.0000 0.3750 0.1250 0.5000 
0.5000 0.5000 0.0000 0.0000 
0.6250 0.0000 0.3750 0.0000 
0.0000 0.0000 0.3750 0.6250 
0.3750 0.6250 0.0000 0.0000 
0.0000 0.3750 0.6250 0.0000 
0.2500 0.0000 0.7500 0.0000 
0.1250 0.1250 0.0000 0.7500 

MOTIF filter5 
letter-probability matrix: alength= 4 w= 16 nsites= 16 
0.2558 0.2364 0.2558 0.2519 
0.0969 0.0000 0.8023 0.1008 
0.0698 0.7752 0.1085 0.0465 
0.2481 0.3411 0.2946 0.1163 
0.0543 0.0000 0.8798 0.0659 
0.0000 1.0000 0.0000 0.0000 
0.0000 1.0000 0.0000 0.0000 
1.0000 0.0000 0.0000 0.0000 
0.0000 0.0000 0.0000 1.0000 
0.0078 0.4767 0.1705 0.3450 
0.0000 0.0233 0.0000 0.9767 
0.0000 0.0116 0.0000 0.9884 
0.0388 0.0853 0.7791 0.0969 
0.2674 0.2054 0.2674 0.2597 
0.1744 0.3101 0.2403 0.2752 
0.2171 0.2946 0.2558 0.2326 

MOTIF filter6 
letter-probability matrix: alength= 4 w= 16 nsites= 16 
0.2237 0.2485 0.2627 0.2651 
0.2071 0.2793 0.2817 0.2320 
0.2852 0.2391 0.2296 0.2462 
0.1609 0.0722 0.0414 0.7254 
0.0320 0.0864 0.6592 0.2225 
0.4178 0.3858 0.0722 0.1243 
0.0000 0.9976 0.0024 0.0000 
0.0000 0.9929 0.0000 0.0071 
0.8343 0.0000 0.0071 0.1586 
0.0178 0.0000 0.0000 0.9822 
1.0000 0.0000 0.0000 0.0000 
0.0000 0.0000 0.0012 0.9988 
0.9858 0.0000 0.0000 0.0142 
0.1527 0.0047 0.0012 0.8414 
0.0024 0.0036 0.9941 0.0000 
0.0000 0.0012 0.9976 0.0012 

MOTIF filter7 
letter-probability matrix: alength= 4 w= 16 nsites= 16 
0.2519 0.2588 0.2476 0.2416 
0.2528 0.2632 0.2459 0.2381 
0.1329 0.0889 0.3270 0.4513 
0.0544 0.8041 0.0095 0.1320 
0.0026 0.0138 0.0052 0.9784 
0.9905 0.0026 0.0017 0.0052 
0.2994 0.0026 0.0086 0.6894 
0.4409 0.0078 0.0043 0.5470 
0.5496 0.0026 0.0035 0.4443 
0.6790 0.0078 0.0009 0.3123 
0.0086 0.0026 0.0078 0.9810 
0.9698 0.0035 0.0224 0.0043 
0.1303 0.0104 0.8050 0.0544 
0.4219 0.3615 0.0613 0.1553 
0.2640 0.2347 0.2606 0.2407 
0.2485 0.2839 0.2364 0.2312 

MOTIF filter8 
letter-probability matrix: alength= 4 w= 15 nsites= 15 
0.2156 0.2719 0.2500 0.2625 
0.1312 0.1781 0.3938 0.2969 
0.0094 0.5063 0.2281 0.2562 
0.0781 0.6438 0.1187 0.1594 
0.7281 0.0125 0.2469 0.0125 
0.0000 0.9625 0.0031 0.0344 
0.0000 0.0000 0.0000 1.0000 
0.0000 0.0000 0.0000 1.0000 
0.0000 1.0000 0.0000 0.0000 
0.0000 1.0000 0.0000 0.0000 
0.0000 0.0000 0.9844 0.0156 
0.0000 0.1344 0.8562 0.0094 
0.2781 0.2062 0.2531 0.2625 
0.2594 0.2313 0.2562 0.2531 
0.2781 0.2094 0.2313 0.2812 

MOTIF filter9 
letter-probability matrix: alength= 4 w= 13 nsites= 13 
0.1724 0.2414 0.3060 0.2802 
0.2177 0.2716 0.2112 0.2996 
0.4720 0.1379 0.3621 0.0280 
0.0000 0.0000 0.0000 1.0000 
0.0000 0.0000 0.0237 0.9763 
0.3211 0.0000 0.6422 0.0366 
0.0000 0.9914 0.0000 0.0086 
0.0172 0.0086 0.9720 0.0022 
0.0086 0.8190 0.0000 0.1724 
0.9978 0.0022 0.0000 0.0000 
1.0000 0.0000 0.0000 0.0000 
0.0000 0.3879 0.0539 0.5582 
0.2672 0.2996 0.2759 0.1573 

MOTIF filter10 
letter-probability matrix: alength= 4 w= 16 nsites= 16 
0.2455 0.2647 0.2430 0.2468 
0.2353 0.2801 0.2570 0.2276 
0.1087 0.0473 0.3453 0.4987 
0.0166 0.9054 0.0000 0.0780 
0.0000 0.0000 0.0000 1.0000 
1.0000 0.0000 0.0000 0.0000 
0.2685 0.0000 0.0038 0.7276 
0.4604 0.0000 0.0000 0.5396 
0.5601 0.0000 0.0000 0.4399 
0.7033 0.0000 0.0000 0.2967 
0.0000 0.0000 0.0000 1.0000 
1.0000 0.0000 0.0000 0.0000 
0.0614 0.0000 0.9297 0.0090 
0.4821 0.3593 0.0448 0.1138 
0.2928 0.2212 0.2660 0.2199 
0.2519 0.2621 0.2327 0.2532 

MOTIF filter11 
letter-probability matrix: alength= 4 w= 12 nsites= 12 
0.2413 0.2698 0.2265 0.2624 
0.2475 0.2587 0.2673 0.2265 
0.2673 0.2574 0.2265 0.2488 
0.0161 0.0000 0.0000 0.9839 
0.0000 0.0000 0.0000 1.0000 
0.0000 0.0000 0.0000 1.0000 
0.5569 0.0000 0.4431 0.0000 
1.0000 0.0000 0.0000 0.0000 
0.0000 0.0000 0.0000 1.0000 
0.2252 0.2661 0.2500 0.2587 
0.2525 0.2463 0.2525 0.2488 
0.2488 0.2389 0.2698 0.2426 

MOTIF filter12 
letter-probability matrix: alength= 4 w= 13 nsites= 13 
0.2694 0.2492 0.2256 0.2559 
0.2694 0.2323 0.2862 0.2121 
0.2256 0.2323 0.2896 0.2525 
0.0034 0.8754 0.1212 0.0000 
0.0202 0.9798 0.0000 0.0000 
0.0000 0.0000 1.0000 0.0000 
0.0000 0.0000 1.0000 0.0000 
1.0000 0.0000 0.0000 0.0000 
1.0000 0.0000 0.0000 0.0000 
0.0337 0.0000 0.9663 0.0000 
0.0202 0.2862 0.0034 0.6902 
0.1616 0.0774 0.7205 0.0404 
0.2559 0.2189 0.5118 0.0135 

MOTIF filter13 
letter-probability matrix: alength= 4 w= 11 nsites= 11 
0.2770 0.2432 0.2551 0.2247 
0.2423 0.2810 0.2627 0.2140 
0.0531 0.8694 0.0404 0.0372 
0.8494 0.0344 0.0692 0.0469 
0.0429 0.7709 0.0407 0.1455 
0.1225 0.0382 0.8069 0.0325 
0.0443 0.0793 0.0366 0.8398 
0.0380 0.0372 0.8730 0.0518 
0.2149 0.2774 0.2762 0.2314 
0.2157 0.2559 0.2090 0.3194 
0.2376 0.2537 0.2449 0.2638 

MOTIF filter14 
letter-probability matrix: alength= 4 w= 15 nsites= 15 
0.4368 0.2158 0.1632 0.1842 
0.0763 0.3632 0.1211 0.4395 
0.0684 0.3053 0.3789 0.2474 
0.4237 0.1289 0.4474 0.0000 
0.5842 0.0026 0.3684 0.0447 
0.0000 1.0000 0.0000 0.0000 
0.0000 1.0000 0.0000 0.0000 
1.0000 0.0000 0.0000 0.0000 
1.0000 0.0000 0.0000 0.0000 
0.0000 0.0000 0.0000 1.0000 
0.0447 0.7868 0.1684 0.0000 
0.8500 0.0026 0.1474 0.0000 
0.0684 0.0605 0.8632 0.0079 
0.2158 0.2842 0.2368 0.2632 
0.2737 0.1895 0.2632 0.2737 

MOTIF filter15 
letter-probability matrix: alength= 4 w= 12 nsites= 12 
0.2332 0.2806 0.2688 0.2174 
0.2708 0.2708 0.1601 0.2984 
0.2727 0.2708 0.2115 0.2451 
0.5929 0.0534 0.3538 0.0000 
0.0000 0.0000 0.0000 1.0000 
0.0000 0.0000 0.0059 0.9941 
0.1957 0.0000 0.7372 0.0672 
0.0000 0.9625 0.0000 0.0375 
0.0316 0.0000 0.9684 0.0000 
0.0652 0.6601 0.0000 0.2747 
0.9980 0.0020 0.0000 0.0000 
1.0000 0.0000 0.0000 0.0000 

MOTIF filter16 
letter-probability matrix: alength= 4 w= 12 nsites= 12 
0.2698 0.2516 0.2341 0.2444 
0.2770 0.2444 0.2198 0.2587 
0.2444 0.2349 0.2270 0.2937 
1.0000 0.0000 0.0000 0.0000 
0.0000 0.0000 0.0000 1.0000 
0.0000 0.2937 0.0000 0.7063 
1.0000 0.0000 0.0000 0.0000 
1.0000 0.0000 0.0000 0.0000 
0.5595 0.0000 0.0000 0.4405 
0.2841 0.2333 0.2437 0.2389 
0.2341 0.2405 0.2762 0.2492 
0.2452 0.2556 0.2405 0.2587 

MOTIF filter17 
letter-probability matrix: alength= 4 w= 18 nsites= 18 
0.2273 0.2902 0.2378 0.2448 
0.2517 0.2413 0.2413 0.2657 
0.2587 0.2797 0.1958 0.2657 
0.5664 0.0000 0.1154 0.3182 
0.6503 0.0035 0.0420 0.3042 
0.4615 0.0000 0.0175 0.5210 
0.3007 0.1259 0.1608 0.4126 
0.0000 0.0000 0.0000 1.0000 
0.0000 0.0000 1.0000 0.0000 
0.0420 0.9580 0.0000 0.0000 
0.0000 0.0000 0.0000 1.0000 
0.0000 0.0000 0.9930 0.0070 
1.0000 0.0000 0.0000 0.0000 
0.0280 0.5455 0.2832 0.1434 
0.1923 0.1049 0.0490 0.6538 
0.2063 0.3636 0.1154 0.3147 
0.5315 0.0455 0.1783 0.2448 
0.1294 0.0490 0.5664 0.2552 

MOTIF filter18 
letter-probability matrix: alength= 4 w= 14 nsites= 14 
0.2739 0.1992 0.1660 0.3610 
0.2573 0.2448 0.2531 0.2448 
0.1328 0.2988 0.2614 0.3071 
0.1992 0.7095 0.0083 0.0830 
0.2282 0.1867 0.0498 0.5353 
0.2614 0.1411 0.3361 0.2614 
0.6929 0.0124 0.0830 0.2116 
0.1120 0.3071 0.5560 0.0249 
0.0000 0.0000 0.0000 1.0000 
0.0000 1.0000 0.0000 0.0000 
1.0000 0.0000 0.0000 0.0000 
0.0000 0.0000 1.0000 0.0000 
0.0000 1.0000 0.0000 0.0000 
0.9959 0.0000 0.0000 0.0041 

MOTIF filter19 
letter-probability matrix: alength= 4 w= 13 nsites= 13 
0.2455 0.2303 0.2646 0.2596 
0.2313 0.1697 0.3929 0.2061 
0.4020 0.2263 0.3626 0.0091 
0.0000 0.0000 0.0000 1.0000 
0.0000 0.0000 0.9980 0.0020 
1.0000 0.0000 0.0000 0.0000 
0.0000 0.5030 0.4960 0.0010 
0.0000 0.0000 0.0000 1.0000 
0.0000 1.0000 0.0000 0.0000 
1.0000 0.0000 0.0000 0.0000 
0.0071 0.3323 0.2556 0.4051 
0.2172 0.3606 0.1879 0.2343 
0.2596 0.2162 0.2758 0.2485 

MOTIF filter20 
letter-probability matrix: alength= 4 w= 15 nsites= 15 
0.1450 0.0687 0.5687 0.2176 
0.0840 0.7176 0.1107 0.0878 
0.3053 0.3893 0.2023 0.1031 
0.0191 0.0000 0.9160 0.0649 
0.0000 1.0000 0.0000 0.0000 
0.0000 1.0000 0.0000 0.0000 
1.0000 0.0000 0.0000 0.0000 
0.0000 0.0000 0.0000 1.0000 
0.0076 0.4885 0.1107 0.3931 
0.0000 0.0000 0.0000 1.0000 
0.0000 0.0000 0.0000 1.0000 
0.0763 0.0534 0.7748 0.0954 
0.3015 0.2595 0.2214 0.2176 
0.2328 0.2443 0.2595 0.2634 
0.2519 0.2786 0.2061 0.2634 

MOTIF filter21 
letter-probability matrix: alength= 4 w= 15 nsites= 15 
0.2327 0.2277 0.2153 0.3243 
0.2327 0.1807 0.2624 0.3243 
0.2054 0.3045 0.2104 0.2797 
0.0050 0.8663 0.1287 0.0000 
0.0297 0.9703 0.0000 0.0000 
0.0000 0.0000 1.0000 0.0000 
0.0000 0.0000 1.0000 0.0000 
0.9975 0.0000 0.0025 0.0000 
1.0000 0.0000 0.0000 0.0000 
0.0743 0.0248 0.9010 0.0000 
0.0371 0.3193 0.0297 0.6139 
0.1931 0.1064 0.6436 0.0569 
0.2698 0.2896 0.4109 0.0297 
0.2203 0.3812 0.2525 0.1460 
0.2079 0.3069 0.2302 0.2550 

MOTIF filter22 
letter-probability matrix: alength= 4 w= 14 nsites= 14 
0.2438 0.2330 0.2083 0.3148 
0.0386 0.1358 0.1157 0.7099 
0.0000 0.0015 0.0000 0.9985 
0.0000 0.2809 0.0108 0.7083 
0.0417 0.9583 0.0000 0.0000 
0.0293 0.5895 0.0000 0.3812 
0.4105 0.0108 0.4599 0.1188 
0.0000 0.0000 1.0000 0.0000 
0.3009 0.0015 0.6929 0.0046 
1.0000 0.0000 0.0000 0.0000 
1.0000 0.0000 0.0000 0.0000 
0.4954 0.1127 0.2006 0.1914 
0.2392 0.2793 0.2191 0.2623 
0.2377 0.2639 0.2731 0.2253 

MOTIF filter23 
letter-probability matrix: alength= 4 w= 15 nsites= 15 
0.2308 0.2440 0.2520 0.2732 
0.2255 0.2838 0.2706 0.2202 
0.2679 0.2467 0.2095 0.2759 
0.1432 0.6711 0.1273 0.0584 
0.9973 0.0000 0.0027 0.0000 
0.9867 0.0000 0.0133 0.0000 
0.4297 0.0716 0.4748 0.0239 
1.0000 0.0000 0.0000 0.0000 
0.0000 0.0000 0.0000 1.0000 
0.0000 0.0000 1.0000 0.0000 
0.0000 0.0000 1.0000 0.0000 
0.0637 0.8541 0.0000 0.0822 
0.1194 0.1989 0.4138 0.2679 
0.0822 0.0955 0.7533 0.0690 
0.1379 0.7480 0.0292 0.0849 

MOTIF filter24 
letter-probability matrix: alength= 4 w= 15 nsites= 15 
0.2927 0.2927 0.2087 0.2060 
0.2656 0.2846 0.2195 0.2304 
0.2358 0.2412 0.2439 0.2791 
0.0027 0.8211 0.0894 0.0867 
0.0000 0.1599 0.0027 0.8374 
0.0000 0.2276 0.7453 0.0271 
1.0000 0.0000 0.0000 0.0000 
0.0000 0.0000 0.0000 1.0000 
0.0000 0.0000 0.0000 1.0000 
0.0000 0.0000 1.0000 0.0000 
0.0000 0.0000 1.0000 0.0000 
0.0407 0.4119 0.0027 0.5447 
0.0108 0.4201 0.1382 0.4309 
0.1789 0.4255 0.3144 0.0813 
0.4743 0.1491 0.3171 0.0596 

MOTIF filter25 
letter-probability matrix: alength= 4 w= 19 nsites= 19 
0.2303 0.2414 0.2648 0.2635 
0.2118 0.2820 0.2759 0.2303 
0.2869 0.2389 0.2303 0.2438 
0.1527 0.0739 0.0406 0.7328 
0.0296 0.0862 0.6687 0.2155 
0.4150 0.3978 0.0677 0.1195 
0.0000 1.0000 0.0000 0.0000 
0.0000 0.9926 0.0000 0.0074 
0.8362 0.0000 0.0062 0.1576 
0.0185 0.0000 0.0000 0.9815 
1.0000 0.0000 0.0000 0.0000 
0.0000 0.0000 0.0012 0.9988 
0.9914 0.0000 0.0000 0.0086 
0.1502 0.0012 0.0000 0.8485 
0.0012 0.0037 0.9951 0.0000 
0.0000 0.0000 1.0000 0.0000 
0.1059 0.0640 0.3966 0.4335 
0.2204 0.6650 0.0899 0.0246 
0.7377 0.0246 0.0628 0.1749 

MOTIF filter26 
letter-probability matrix: alength= 4 w= 18 nsites= 18 
0.2975 0.5158 0.0570 0.1297 
0.2500 0.1867 0.0728 0.4905 
0.2785 0.1646 0.3165 0.2405 
0.6329 0.0665 0.1044 0.1962 
0.1677 0.3101 0.4842 0.0380 
0.0000 0.0000 0.0000 1.0000 
0.0158 0.9842 0.0000 0.0000 
1.0000 0.0000 0.0000 0.0000 
0.0000 0.0000 0.9620 0.0380 
0.0000 1.0000 0.0000 0.0000 
0.9937 0.0000 0.0000 0.0063 
0.4525 0.1709 0.1266 0.2500 
0.4335 0.0253 0.0000 0.5411 
0.3861 0.0380 0.0000 0.5759 
0.3101 0.0886 0.0032 0.5981 
0.2753 0.2184 0.2658 0.2405 
0.2658 0.2816 0.2342 0.2184 
0.2057 0.2911 0.2468 0.2563 

MOTIF filter27 
letter-probability matrix: alength= 4 w= 13 nsites= 13 
0.1498 0.3345 0.3101 0.2056 
0.3920 0.1498 0.4024 0.0557 
0.2979 0.4582 0.2230 0.0209 
0.0000 0.6655 0.0000 0.3345 
0.0000 0.7143 0.2857 0.0000 
1.0000 0.0000 0.0000 0.0000 
0.4948 0.0000 0.0000 0.5052 
0.0000 0.0000 0.0000 1.0000 
0.0000 0.2631 0.7369 0.0000 
0.2997 0.0000 0.7003 0.0000 
0.0279 0.2422 0.4321 0.2979 
0.0575 0.3920 0.1655 0.3850 
0.2108 0.3711 0.3206 0.0976 

MOTIF filter28 
letter-probability matrix: alength= 4 w= 13 nsites= 13 
0.2752 0.2405 0.2205 0.2639 
0.2674 0.2457 0.2448 0.2422 
0.1771 0.2231 0.1519 0.4479 
0.0000 0.0000 0.0000 1.0000 
0.0000 0.0000 0.0243 0.9757 
0.1285 0.8715 0.0000 0.0000 
0.0182 0.7326 0.0000 0.2491 
0.2491 0.2318 0.2457 0.2734 
0.2578 0.0000 0.7135 0.0286 
0.0000 0.0000 0.8759 0.1241 
0.9627 0.0373 0.0000 0.0000 
1.0000 0.0000 0.0000 0.0000 
0.4609 0.1519 0.2257 0.1615 

MOTIF filter29 
letter-probability matrix: alength= 4 w= 13 nsites= 13 
0.3067 0.2394 0.2594 0.1945 
0.2693 0.3017 0.2219 0.2070 
0.0748 0.1920 0.5012 0.2319 
0.0000 0.8130 0.0200 0.1671 
0.0000 0.8329 0.0000 0.1671 
0.0000 1.0000 0.0000 0.0000 
0.0000 1.0000 0.0000 0.0000 
0.1047 0.0000 0.5935 0.3017 
0.0000 1.0000 0.0000 0.0000 
0.0000 1.0000 0.0000 0.0000 
0.0000 0.7880 0.0000 0.2120 
0.0723 0.8229 0.0000 0.1047 
0.0449 0.6409 0.0499 0.2643 

MOTIF filter30 
letter-probability matrix: alength= 4 w= 16 nsites= 16 
0.1865 0.2971 0.2377 0.2787 
0.3238 0.2316 0.2582 0.1865 
0.2234 0.2377 0.2971 0.2418 
0.5164 0.0861 0.3975 0.0000 
0.0000 0.0000 0.0000 1.0000 
0.0000 0.0000 0.0041 0.9959 
0.2336 0.0000 0.7336 0.0328 
0.0041 0.9570 0.0000 0.0389 
0.0615 0.0000 0.9365 0.0020 
0.0574 0.7172 0.0000 0.2254 
0.9898 0.0102 0.0000 0.0000 
1.0000 0.0000 0.0000 0.0000 
0.0000 0.3402 0.0348 0.6250 
0.2910 0.2316 0.2705 0.2070 
0.2172 0.2254 0.2377 0.3197 
0.2746 0.2295 0.2541 0.2418 

MOTIF filter31 
letter-probability matrix: alength= 4 w= 16 nsites= 16 
0.2456 0.2316 0.2281 0.2947 
0.2105 0.2596 0.2596 0.2702 
0.2386 0.2035 0.3123 0.2456 
0.2877 0.0386 0.6175 0.0561 
0.0772 0.0000 0.8982 0.0246 
0.1614 0.0000 0.8386 0.0000 
0.0000 0.0000 1.0000 0.0000 
0.0000 0.0000 1.0000 0.0000 
0.2386 0.6140 0.0000 0.1474 
0.0000 0.0000 1.0000 0.0000 
0.0000 0.0000 1.0000 0.0000 
0.1649 0.0000 0.8351 0.0000 
0.1544 0.0281 0.8175 0.0000 
0.1965 0.6246 0.1193 0.0596 
0.2667 0.2211 0.3123 0.2000 
0.2140 0.2947 0.2491 0.2421 

