MEME version 4

ALPHABET= ACGT

Background letter frequencies:
A 0.2500 C 0.2500 G 0.2500 T 0.2500 

MOTIF filter0 
letter-probability matrix: alength= 4 w= 16 nsites= 16 
0.4386 0.2219 0.1567 0.1828 
0.0522 0.3786 0.1175 0.4517 
0.0809 0.3211 0.3603 0.2376 
0.4308 0.1044 0.4621 0.0026 
0.5744 0.0131 0.3681 0.0444 
0.0000 1.0000 0.0000 0.0000 
0.0000 1.0000 0.0000 0.0000 
1.0000 0.0000 0.0000 0.0000 
1.0000 0.0000 0.0000 0.0000 
0.0000 0.0000 0.0000 1.0000 
0.0104 0.7520 0.2376 0.0000 
0.8538 0.0026 0.1410 0.0026 
0.0940 0.0731 0.8303 0.0026 
0.2089 0.2820 0.2350 0.2742 
0.2846 0.1932 0.2742 0.2480 
0.2428 0.2950 0.2193 0.2428 

MOTIF filter1 
letter-probability matrix: alength= 4 w= 18 nsites= 18 
0.2900 0.2727 0.1948 0.2424 
0.2857 0.2771 0.2424 0.1948 
0.2338 0.2987 0.2338 0.2338 
0.1082 0.0000 0.7359 0.1558 
0.0823 0.7835 0.1255 0.0087 
0.2684 0.3680 0.2727 0.0909 
0.0303 0.0000 0.9307 0.0390 
0.0000 1.0000 0.0000 0.0000 
0.0000 1.0000 0.0000 0.0000 
1.0000 0.0000 0.0000 0.0000 
0.0000 0.0000 0.0000 1.0000 
0.0043 0.4978 0.1039 0.3939 
0.0000 0.0087 0.0000 0.9913 
0.0000 0.0130 0.0000 0.9870 
0.0563 0.0909 0.7619 0.0909 
0.2727 0.2251 0.2814 0.2208 
0.2035 0.2857 0.2424 0.2684 
0.2381 0.3074 0.2338 0.2208 

MOTIF filter2 
letter-probability matrix: alength= 4 w= 18 nsites= 18 
0.2766 0.2518 0.2234 0.2482 
0.2376 0.3085 0.2411 0.2128 
0.2411 0.2128 0.2801 0.2660 
0.1241 0.0213 0.7021 0.1525 
0.0603 0.7660 0.0567 0.1170 
0.2624 0.3688 0.2411 0.1277 
0.0567 0.0000 0.8333 0.1099 
0.0000 1.0000 0.0000 0.0000 
0.0000 1.0000 0.0000 0.0000 
1.0000 0.0000 0.0000 0.0000 
0.0000 0.0000 0.0000 1.0000 
0.0035 0.4823 0.1631 0.3511 
0.0000 0.0000 0.0000 1.0000 
0.0000 0.0035 0.0000 0.9965 
0.0532 0.0638 0.7766 0.1064 
0.2943 0.2092 0.2482 0.2482 
0.2057 0.2837 0.2695 0.2411 
0.2199 0.2766 0.2553 0.2482 

MOTIF filter3 
letter-probability matrix: alength= 4 w= 12 nsites= 12 
0.2566 0.2566 0.2373 0.2495 
0.2676 0.2547 0.2373 0.2405 
0.2534 0.2386 0.2405 0.2676 
0.6486 0.0000 0.0000 0.3514 
0.0000 0.0000 0.0000 1.0000 
0.0000 0.0297 0.0000 0.9703 
0.9536 0.0000 0.0464 0.0000 
1.0000 0.0000 0.0000 0.0000 
0.3630 0.0000 0.0000 0.6370 
0.2747 0.2308 0.2521 0.2424 
0.2431 0.2534 0.2637 0.2398 
0.2547 0.2508 0.2315 0.2631 

MOTIF filter4 
letter-probability matrix: alength= 4 w= 16 nsites= 16 
0.2430 0.2289 0.2535 0.2746 
0.2359 0.2606 0.2570 0.2465 
0.2359 0.2641 0.2782 0.2218 
0.2324 0.0493 0.6620 0.0563 
0.0880 0.0000 0.8732 0.0387 
0.1549 0.0000 0.8451 0.0000 
0.0000 0.0000 1.0000 0.0000 
0.0000 0.0000 1.0000 0.0000 
0.2782 0.6056 0.0000 0.1162 
0.0000 0.0000 1.0000 0.0000 
0.0000 0.0000 1.0000 0.0000 
0.1408 0.0000 0.8592 0.0000 
0.1303 0.0352 0.8345 0.0000 
0.1866 0.5915 0.1373 0.0845 
0.3028 0.2113 0.2958 0.1901 
0.2218 0.2676 0.2324 0.2782 

MOTIF filter5 
letter-probability matrix: alength= 4 w= 18 nsites= 18 
0.2272 0.2351 0.2616 0.2761 
0.2114 0.2827 0.2761 0.2299 
0.2761 0.2457 0.2259 0.2523 
0.1440 0.0766 0.0370 0.7424 
0.0264 0.0885 0.6856 0.1995 
0.4174 0.3923 0.0661 0.1242 
0.0000 1.0000 0.0000 0.0000 
0.0000 0.9894 0.0013 0.0092 
0.8547 0.0000 0.0013 0.1440 
0.0145 0.0000 0.0000 0.9855 
1.0000 0.0000 0.0000 0.0000 
0.0000 0.0000 0.0000 1.0000 
0.9934 0.0000 0.0000 0.0066 
0.1493 0.0026 0.0000 0.8481 
0.0026 0.0026 0.9947 0.0000 
0.0000 0.0000 1.0000 0.0000 
0.1057 0.0634 0.3950 0.4359 
0.2193 0.6988 0.0661 0.0159 

MOTIF filter6 
letter-probability matrix: alength= 4 w= 14 nsites= 14 
0.2565 0.2437 0.2515 0.2483 
0.2690 0.2596 0.2267 0.2447 
0.4125 0.1879 0.3351 0.0645 
0.0304 0.0320 0.0461 0.8916 
0.0273 0.0255 0.1831 0.7640 
0.3156 0.0230 0.4832 0.1781 
0.0850 0.6476 0.0695 0.1979 
0.2090 0.0663 0.6522 0.0725 
0.1806 0.5089 0.0164 0.2940 
0.7608 0.1751 0.0229 0.0413 
0.8980 0.0314 0.0439 0.0266 
0.0781 0.3178 0.1838 0.4203 
0.2522 0.2626 0.2529 0.2322 
0.2471 0.2362 0.2499 0.2669 

MOTIF filter7 
letter-probability matrix: alength= 4 w= 20 nsites= 20 
0.2883 0.2313 0.2135 0.2669 
0.3132 0.2384 0.2527 0.1957 
0.2456 0.2883 0.1851 0.2811 
0.2705 0.6121 0.0107 0.1068 
0.2633 0.1673 0.0534 0.5160 
0.2918 0.1317 0.3132 0.2633 
0.6512 0.0178 0.1068 0.2242 
0.1601 0.3025 0.5125 0.0249 
0.0000 0.0000 0.0000 1.0000 
0.0036 0.9964 0.0000 0.0000 
1.0000 0.0000 0.0000 0.0000 
0.0000 0.0000 0.9786 0.0214 
0.0000 1.0000 0.0000 0.0000 
0.9964 0.0000 0.0000 0.0036 
0.4235 0.1708 0.1423 0.2633 
0.4270 0.0391 0.0000 0.5338 
0.3879 0.0747 0.0000 0.5374 
0.3381 0.1103 0.0142 0.5374 
0.2562 0.2456 0.2491 0.2491 
0.2989 0.2598 0.2278 0.2135 

MOTIF filter8 
letter-probability matrix: alength= 4 w= 17 nsites= 17 
0.2451 0.2802 0.2646 0.2101 
0.2568 0.2490 0.2296 0.2646 
0.1362 0.7782 0.0584 0.0272 
1.0000 0.0000 0.0000 0.0000 
0.9805 0.0000 0.0195 0.0000 
0.4591 0.0428 0.4825 0.0156 
1.0000 0.0000 0.0000 0.0000 
0.0000 0.0000 0.0000 1.0000 
0.0000 0.0000 1.0000 0.0000 
0.0000 0.0000 1.0000 0.0000 
0.0156 0.8833 0.0000 0.1012 
0.1012 0.1946 0.4747 0.2296 
0.0389 0.0817 0.8327 0.0467 
0.1284 0.7665 0.0156 0.0895 
0.2840 0.2296 0.2023 0.2840 
0.2335 0.2335 0.2802 0.2529 
0.2724 0.2374 0.2840 0.2062 

MOTIF filter9 
letter-probability matrix: alength= 4 w= 13 nsites= 13 
0.2425 0.2475 0.2454 0.2647 
0.2275 0.1774 0.3777 0.2175 
0.3898 0.2353 0.3433 0.0315 
0.0200 0.0000 0.0014 0.9785 
0.0036 0.0000 0.9249 0.0715 
0.9979 0.0000 0.0014 0.0007 
0.0329 0.4649 0.4642 0.0379 
0.0000 0.0000 0.0050 0.9950 
0.0651 0.9328 0.0000 0.0021 
0.9928 0.0000 0.0072 0.0000 
0.0293 0.3126 0.2704 0.3877 
0.2067 0.3698 0.2024 0.2210 
0.2682 0.2167 0.2668 0.2482 

MOTIF filter10 
letter-probability matrix: alength= 4 w= 17 nsites= 17 
0.2258 0.2503 0.2524 0.2716 
0.2151 0.2780 0.2758 0.2311 
0.2854 0.2386 0.2343 0.2417 
0.1693 0.0745 0.0501 0.7061 
0.0394 0.0958 0.6422 0.2226 
0.4058 0.3845 0.0841 0.1257 
0.0021 0.9862 0.0075 0.0043 
0.0011 0.9819 0.0043 0.0128 
0.8104 0.0085 0.0117 0.1693 
0.0277 0.0000 0.0032 0.9691 
0.9936 0.0032 0.0032 0.0000 
0.0011 0.0043 0.0011 0.9936 
0.9787 0.0011 0.0000 0.0202 
0.1651 0.0075 0.0043 0.8232 
0.0085 0.0117 0.9798 0.0000 
0.0032 0.0096 0.9840 0.0032 
0.1108 0.0692 0.3855 0.4345 

MOTIF filter11 
letter-probability matrix: alength= 4 w= 17 nsites= 17 
0.2679 0.2072 0.2586 0.2664 
0.2601 0.2679 0.2414 0.2305 
0.2336 0.3084 0.2368 0.2212 
0.0763 0.0296 0.3801 0.5140 
0.0031 0.9907 0.0000 0.0062 
0.0000 0.0000 0.0000 1.0000 
1.0000 0.0000 0.0000 0.0000 
0.2913 0.0000 0.0000 0.7087 
0.5000 0.0016 0.0000 0.4984 
0.5997 0.0000 0.0000 0.4003 
0.7523 0.0000 0.0000 0.2477 
0.0000 0.0000 0.0000 1.0000 
1.0000 0.0000 0.0000 0.0000 
0.0670 0.0000 0.9283 0.0047 
0.4891 0.3723 0.0358 0.1028 
0.2897 0.2243 0.2523 0.2336 
0.2617 0.2508 0.2383 0.2492 

MOTIF filter12 
letter-probability matrix: alength= 4 w= 17 nsites= 17 
0.2007 0.3063 0.2993 0.1937 
0.2570 0.2746 0.1972 0.2711 
0.1690 0.6479 0.1092 0.0739 
0.9930 0.0000 0.0070 0.0000 
0.9930 0.0000 0.0070 0.0000 
0.4296 0.0951 0.4683 0.0070 
1.0000 0.0000 0.0000 0.0000 
0.0000 0.0000 0.0000 1.0000 
0.0000 0.0000 1.0000 0.0000 
0.0000 0.0000 1.0000 0.0000 
0.0528 0.9261 0.0000 0.0211 
0.1056 0.1901 0.4225 0.2817 
0.0739 0.0493 0.7993 0.0775 
0.0986 0.8380 0.0070 0.0563 
0.2782 0.1796 0.2324 0.3099 
0.2113 0.2641 0.3134 0.2113 
0.2430 0.2430 0.2923 0.2218 

MOTIF filter13 
letter-probability matrix: alength= 4 w= 12 nsites= 12 
0.2333 0.1704 0.3905 0.2059 
0.4006 0.2302 0.3580 0.0112 
0.0000 0.0000 0.0000 1.0000 
0.0000 0.0000 1.0000 0.0000 
1.0000 0.0000 0.0000 0.0000 
0.0000 0.5010 0.4990 0.0000 
0.0000 0.0000 0.0000 1.0000 
0.0000 1.0000 0.0000 0.0000 
1.0000 0.0000 0.0000 0.0000 
0.0030 0.3347 0.2566 0.4057 
0.2130 0.3631 0.1897 0.2343 
0.2596 0.2221 0.2708 0.2475 

MOTIF filter14 
letter-probability matrix: alength= 4 w= 16 nsites= 16 
0.2455 0.2395 0.2575 0.2575 
0.2425 0.2246 0.2575 0.2754 
0.2096 0.2425 0.2964 0.2515 
0.2635 0.0299 0.6497 0.0569 
0.1287 0.0000 0.7964 0.0749 
0.1557 0.0000 0.8443 0.0000 
0.0000 0.0000 1.0000 0.0000 
0.0000 0.0000 1.0000 0.0000 
0.2934 0.5838 0.0000 0.1228 
0.0000 0.0000 1.0000 0.0000 
0.0000 0.0000 1.0000 0.0000 
0.1347 0.0000 0.8653 0.0000 
0.2335 0.0090 0.7575 0.0000 
0.1766 0.5778 0.1916 0.0539 
0.2695 0.1916 0.2874 0.2515 
0.2545 0.3024 0.2216 0.2216 

MOTIF filter15 
letter-probability matrix: alength= 4 w= 15 nsites= 15 
0.2539 0.2330 0.2251 0.2880 
0.2435 0.2225 0.2827 0.2513 
0.2330 0.2696 0.2435 0.2539 
0.0079 0.8482 0.1440 0.0000 
0.0288 0.9712 0.0000 0.0000 
0.0000 0.0000 1.0000 0.0000 
0.0000 0.0000 1.0000 0.0000 
1.0000 0.0000 0.0000 0.0000 
1.0000 0.0000 0.0000 0.0000 
0.0471 0.0079 0.9450 0.0000 
0.0314 0.2984 0.0131 0.6571 
0.1911 0.1047 0.6518 0.0524 
0.2644 0.2461 0.4607 0.0288 
0.2225 0.3508 0.2539 0.1728 
0.2251 0.2906 0.2565 0.2277 

MOTIF filter16 
letter-probability matrix: alength= 4 w= 14 nsites= 14 
0.1587 0.2040 0.3728 0.2645 
0.0302 0.4660 0.2393 0.2645 
0.0856 0.6121 0.1335 0.1688 
0.6700 0.0176 0.2872 0.0252 
0.0000 0.9395 0.0050 0.0554 
0.0000 0.0000 0.0000 1.0000 
0.0000 0.0000 0.0000 1.0000 
0.0000 1.0000 0.0000 0.0000 
0.0000 1.0000 0.0000 0.0000 
0.0000 0.0000 0.9748 0.0252 
0.0000 0.1562 0.8312 0.0126 
0.2645 0.1940 0.2569 0.2846 
0.2670 0.2443 0.2418 0.2469 
0.2720 0.2191 0.2393 0.2695 

MOTIF filter17 
letter-probability matrix: alength= 4 w= 17 nsites= 17 
0.2170 0.2493 0.2698 0.2639 
0.2713 0.1129 0.2522 0.3636 
0.2962 0.0587 0.1466 0.4985 
0.0880 0.5777 0.0396 0.2947 
0.1833 0.0249 0.0806 0.7111 
0.6334 0.0381 0.0704 0.2581 
0.1804 0.0029 0.0469 0.7698 
0.0117 0.0000 0.0059 0.9824 
0.3622 0.0044 0.0630 0.5704 
0.4824 0.0411 0.0968 0.3798 
0.1481 0.0000 0.0484 0.8035 
0.2815 0.1437 0.0660 0.5088 
0.0044 0.2273 0.6510 0.1173 
0.3490 0.5660 0.0645 0.0205 
0.0704 0.2199 0.3358 0.3739 
0.3622 0.1393 0.3460 0.1525 
0.2111 0.0821 0.2991 0.4076 

MOTIF filter18 
letter-probability matrix: alength= 4 w= 15 nsites= 15 
0.2078 0.2631 0.2706 0.2586 
0.2018 0.2765 0.2526 0.2691 
0.2227 0.2691 0.2556 0.2526 
0.1286 0.0643 0.0329 0.7743 
0.0239 0.0852 0.6981 0.1928 
0.4634 0.4096 0.0329 0.0942 
0.0000 0.9970 0.0030 0.0000 
0.0000 0.9970 0.0000 0.0030 
0.8819 0.0000 0.0030 0.1151 
0.0164 0.0000 0.0030 0.9806 
1.0000 0.0000 0.0000 0.0000 
0.0000 0.0000 0.0015 0.9985 
0.9925 0.0045 0.0000 0.0030 
0.1226 0.0015 0.0000 0.8759 
0.0000 0.0045 0.9940 0.0015 

MOTIF filter19 
letter-probability matrix: alength= 4 w= 14 nsites= 14 
0.2361 0.2694 0.2514 0.2431 
0.2319 0.2722 0.2500 0.2458 
0.0986 0.0292 0.3597 0.5125 
0.0056 0.9403 0.0000 0.0542 
0.0000 0.0028 0.0000 0.9972 
1.0000 0.0000 0.0000 0.0000 
0.2667 0.0000 0.0042 0.7292 
0.4528 0.0000 0.0000 0.5472 
0.5722 0.0000 0.0000 0.4278 
0.7083 0.0000 0.0000 0.2917 
0.0000 0.0000 0.0000 1.0000 
1.0000 0.0000 0.0000 0.0000 
0.0556 0.0000 0.9333 0.0111 
0.4403 0.3903 0.0431 0.1264 

MOTIF filter20 
letter-probability matrix: alength= 4 w= 15 nsites= 15 
0.2849 0.2789 0.2166 0.2196 
0.0712 0.1869 0.5134 0.2285 
0.0000 0.8872 0.0059 0.1068 
0.0000 0.8309 0.0000 0.1691 
0.0000 1.0000 0.0000 0.0000 
0.0000 1.0000 0.0000 0.0000 
0.0801 0.0000 0.6291 0.2908 
0.0000 1.0000 0.0000 0.0000 
0.0000 1.0000 0.0000 0.0000 
0.0000 0.8309 0.0000 0.1691 
0.0831 0.8131 0.0000 0.1039 
0.0504 0.6647 0.0326 0.2522 
0.2641 0.2196 0.2433 0.2730 
0.2878 0.1988 0.2433 0.2700 
0.2344 0.2878 0.2493 0.2285 

MOTIF filter21 
letter-probability matrix: alength= 4 w= 15 nsites= 15 
0.2800 0.2472 0.2164 0.2564 
0.2667 0.2533 0.2318 0.2482 
0.1477 0.2113 0.1559 0.4851 
0.0000 0.0000 0.0000 1.0000 
0.0000 0.0000 0.0041 0.9959 
0.0821 0.9179 0.0000 0.0000 
0.0164 0.7538 0.0000 0.2297 
0.2585 0.2226 0.2462 0.2728 
0.2205 0.0000 0.7662 0.0133 
0.0000 0.0000 0.9097 0.0903 
0.9959 0.0041 0.0000 0.0000 
1.0000 0.0000 0.0000 0.0000 
0.5046 0.1313 0.2164 0.1477 
0.2451 0.2718 0.2431 0.2400 
0.2615 0.2369 0.2585 0.2431 

MOTIF filter22 
letter-probability matrix: alength= 4 w= 16 nsites= 16 
0.3214 0.2637 0.2473 0.1676 
0.2473 0.3269 0.2225 0.2033 
0.0604 0.1731 0.5275 0.2390 
0.0000 0.7720 0.0467 0.1813 
0.0027 0.8599 0.0000 0.1374 
0.0000 1.0000 0.0000 0.0000 
0.0000 1.0000 0.0000 0.0000 
0.1126 0.0000 0.6071 0.2802 
0.0000 1.0000 0.0000 0.0000 
0.0000 1.0000 0.0000 0.0000 
0.0000 0.8187 0.0000 0.1813 
0.0440 0.8709 0.0000 0.0852 
0.0330 0.6319 0.0577 0.2775 
0.2253 0.2775 0.2418 0.2555 
0.2527 0.2582 0.2253 0.2637 
0.2088 0.3187 0.2335 0.2390 

MOTIF filter23 
letter-probability matrix: alength= 4 w= 15 nsites= 15 
0.4462 0.2278 0.1487 0.1772 
0.0633 0.3513 0.1076 0.4778 
0.0475 0.3133 0.3892 0.2500 
0.4462 0.0886 0.4652 0.0000 
0.5981 0.0032 0.3639 0.0348 
0.0000 1.0000 0.0000 0.0000 
0.0000 1.0000 0.0000 0.0000 
1.0000 0.0000 0.0000 0.0000 
1.0000 0.0000 0.0000 0.0000 
0.0000 0.0000 0.0000 1.0000 
0.0253 0.8038 0.1709 0.0000 
0.8165 0.0000 0.1835 0.0000 
0.0506 0.0633 0.8766 0.0095 
0.2120 0.2532 0.2595 0.2753 
0.2880 0.1899 0.2785 0.2437 

MOTIF filter24 
letter-probability matrix: alength= 4 w= 16 nsites= 16 
0.2780 0.1831 0.3119 0.2271 
0.6237 0.0847 0.1017 0.1898 
0.1593 0.3119 0.4949 0.0339 
0.0000 0.0000 0.0000 1.0000 
0.0102 0.9864 0.0000 0.0034 
1.0000 0.0000 0.0000 0.0000 
0.0000 0.0000 0.9898 0.0102 
0.0000 1.0000 0.0000 0.0000 
1.0000 0.0000 0.0000 0.0000 
0.4983 0.1288 0.1017 0.2712 
0.4305 0.0339 0.0068 0.5288 
0.3763 0.0203 0.0000 0.6034 
0.2814 0.0983 0.0136 0.6068 
0.2983 0.2203 0.2508 0.2305 
0.2237 0.3119 0.2169 0.2475 
0.2034 0.2847 0.2508 0.2610 

MOTIF filter25 
letter-probability matrix: alength= 4 w= 12 nsites= 12 
0.2551 0.2471 0.2546 0.2432 
0.3094 0.2334 0.2530 0.2042 
0.2409 0.2753 0.2676 0.2162 
0.0479 0.8709 0.0418 0.0395 
0.8619 0.0361 0.0586 0.0433 
0.0460 0.8156 0.0440 0.0944 
0.1000 0.0409 0.8214 0.0377 
0.0465 0.0565 0.0340 0.8630 
0.0379 0.0395 0.8742 0.0484 
0.2172 0.2744 0.2674 0.2409 
0.2225 0.2593 0.2132 0.3050 
0.2348 0.2555 0.2446 0.2651 

MOTIF filter26 
letter-probability matrix: alength= 4 w= 14 nsites= 14 
0.0393 0.8205 0.0171 0.1231 
0.0000 0.0000 0.0000 1.0000 
1.0000 0.0000 0.0000 0.0000 
0.1402 0.0000 0.0000 0.8598 
0.3915 0.0000 0.0000 0.6085 
0.4615 0.0000 0.0000 0.5385 
0.6735 0.0000 0.0000 0.3265 
0.0000 0.0000 0.0000 1.0000 
1.0000 0.0000 0.0000 0.0000 
0.0154 0.0000 0.9829 0.0017 
0.5026 0.4137 0.0188 0.0650 
0.2872 0.2462 0.2547 0.2120 
0.2684 0.2462 0.2154 0.2701 
0.2393 0.2684 0.2821 0.2103 

MOTIF filter27 
letter-probability matrix: alength= 4 w= 16 nsites= 16 
0.2423 0.2791 0.2301 0.2485 
0.5276 0.0092 0.1258 0.3374 
0.6319 0.0153 0.0460 0.3067 
0.4571 0.0000 0.0215 0.5215 
0.2822 0.1564 0.1564 0.4049 
0.0092 0.0000 0.0000 0.9908 
0.0000 0.0000 1.0000 0.0000 
0.0215 0.9785 0.0000 0.0000 
0.0000 0.0000 0.0000 1.0000 
0.0000 0.0000 0.9939 0.0061 
1.0000 0.0000 0.0000 0.0000 
0.0276 0.5061 0.3129 0.1534 
0.1994 0.1135 0.0368 0.6503 
0.1871 0.3804 0.1258 0.3067 
0.5368 0.0521 0.1810 0.2301 
0.1595 0.0491 0.5276 0.2638 

MOTIF filter28 
letter-probability matrix: alength= 4 w= 19 nsites= 19 
0.2780 0.1760 0.5350 0.0110 
0.1190 0.2260 0.2250 0.4300 
0.1050 0.1080 0.1990 0.5880 
0.0000 0.1510 0.1940 0.6550 
0.0880 0.5810 0.1900 0.1410 
0.1250 0.7200 0.1370 0.0180 
0.2220 0.2090 0.1510 0.4180 
0.4880 0.0220 0.4270 0.0630 
0.0370 0.0000 0.9560 0.0070 
0.5430 0.3380 0.0310 0.0880 
0.6770 0.1170 0.2030 0.0030 
0.4210 0.2290 0.1610 0.1890 
0.0300 0.1610 0.2820 0.5270 
0.1410 0.2270 0.1090 0.5230 
0.1380 0.1260 0.1530 0.5830 
0.0510 0.4300 0.2610 0.2580 
0.0600 0.5260 0.3210 0.0930 
0.0520 0.5310 0.3760 0.0410 
0.1410 0.2180 0.3900 0.2510 

MOTIF filter29 
letter-probability matrix: alength= 4 w= 20 nsites= 20 
0.2286 0.2460 0.2567 0.2687 
0.2139 0.2981 0.2634 0.2246 
0.2981 0.2500 0.2072 0.2447 
0.1497 0.0709 0.0481 0.7313 
0.0294 0.0789 0.6711 0.2206 
0.4251 0.3957 0.0628 0.1163 
0.0027 0.9960 0.0013 0.0000 
0.0000 0.9880 0.0027 0.0094 
0.8222 0.0000 0.0080 0.1698 
0.0214 0.0000 0.0013 0.9773 
0.9987 0.0013 0.0000 0.0000 
0.0000 0.0000 0.0013 0.9987 
0.9840 0.0000 0.0000 0.0160 
0.1471 0.0027 0.0000 0.8503 
0.0013 0.0094 0.9893 0.0000 
0.0000 0.0000 1.0000 0.0000 
0.0989 0.0575 0.4118 0.4318 
0.2259 0.6965 0.0668 0.0107 
0.7981 0.0000 0.0374 0.1644 
0.2366 0.2781 0.2353 0.2500 

MOTIF filter30 
letter-probability matrix: alength= 4 w= 15 nsites= 15 
0.2749 0.3017 0.2068 0.2165 
0.2676 0.2652 0.2360 0.2311 
0.2457 0.2506 0.2482 0.2555 
0.0073 0.7883 0.1095 0.0949 
0.0000 0.1849 0.0000 0.8151 
0.0000 0.2530 0.7275 0.0195 
1.0000 0.0000 0.0000 0.0000 
0.0000 0.0000 0.0000 1.0000 
0.0000 0.0000 0.0000 1.0000 
0.0000 0.0000 1.0000 0.0000 
0.0000 0.0000 1.0000 0.0000 
0.0487 0.3869 0.0073 0.5572 
0.0146 0.4307 0.1387 0.4161 
0.1898 0.4112 0.3066 0.0925 
0.4550 0.1484 0.3236 0.0730 

MOTIF filter31 
letter-probability matrix: alength= 4 w= 20 nsites= 20 
0.3333 0.2222 0.0000 0.4444 
0.0000 0.0000 0.0000 1.0000 
0.2222 0.1111 0.0000 0.6667 
0.2222 0.3333 0.4444 0.0000 
0.0000 0.0000 1.0000 0.0000 
0.3333 0.3333 0.0000 0.3333 
0.0000 1.0000 0.0000 0.0000 
0.3333 0.5556 0.1111 0.0000 
0.4444 0.2222 0.3333 0.0000 
0.1111 0.2222 0.0000 0.6667 
0.0000 0.3333 0.2222 0.4444 
0.0000 0.0000 1.0000 0.0000 
0.2222 0.0000 0.5556 0.2222 
0.2222 0.0000 0.1111 0.6667 
0.6667 0.2222 0.0000 0.1111 
0.0000 0.2222 0.6667 0.1111 
0.3333 0.3333 0.3333 0.0000 
0.3333 0.1111 0.0000 0.5556 
0.0000 0.8889 0.1111 0.0000 
0.4444 0.0000 0.5556 0.0000 

