MEME version 4

ALPHABET= ACGT

Background letter frequencies:
A 0.2500 C 0.2500 G 0.2500 T 0.2500 

MOTIF filter0 
letter-probability matrix: alength= 4 w= 13 nsites= 13 
0.2449 0.2405 0.2445 0.2701 
0.2409 0.2105 0.3345 0.2141 
0.3810 0.2437 0.3341 0.0412 
0.0300 0.0264 0.0332 0.9104 
0.0156 0.0204 0.9028 0.0612 
0.9220 0.0216 0.0320 0.0244 
0.0396 0.4690 0.4650 0.0264 
0.0240 0.0252 0.0240 0.9268 
0.0552 0.8952 0.0292 0.0204 
0.9212 0.0264 0.0272 0.0252 
0.0372 0.3333 0.2725 0.3569 
0.2129 0.3241 0.2237 0.2393 
0.2581 0.2325 0.2601 0.2493 

MOTIF filter1 
letter-probability matrix: alength= 4 w= 15 nsites= 15 
0.2128 0.2553 0.2614 0.2705 
0.1398 0.1945 0.3678 0.2979 
0.0061 0.5106 0.2705 0.2128 
0.0821 0.6565 0.0821 0.1793 
0.6869 0.0000 0.2614 0.0517 
0.0000 0.9027 0.0182 0.0790 
0.0000 0.0000 0.0000 1.0000 
0.0000 0.0000 0.0000 1.0000 
0.0000 1.0000 0.0000 0.0000 
0.0000 1.0000 0.0000 0.0000 
0.0000 0.0000 0.9878 0.0122 
0.0000 0.1216 0.8784 0.0000 
0.2553 0.1702 0.2736 0.3009 
0.2492 0.2401 0.2523 0.2584 
0.2857 0.1945 0.2492 0.2705 

MOTIF filter2 
letter-probability matrix: alength= 4 w= 20 nsites= 20 
0.2900 0.2335 0.2286 0.2479 
0.1516 0.0710 0.0409 0.7365 
0.0289 0.0854 0.6703 0.2154 
0.4140 0.3971 0.0686 0.1203 
0.0000 1.0000 0.0000 0.0000 
0.0000 0.9928 0.0012 0.0060 
0.8387 0.0000 0.0060 0.1552 
0.0193 0.0000 0.0000 0.9807 
1.0000 0.0000 0.0000 0.0000 
0.0000 0.0000 0.0012 0.9988 
0.9880 0.0000 0.0000 0.0120 
0.1468 0.0024 0.0000 0.8508 
0.0024 0.0048 0.9928 0.0000 
0.0000 0.0012 0.9964 0.0024 
0.1011 0.0686 0.3971 0.4332 
0.2178 0.6655 0.0854 0.0313 
0.7365 0.0301 0.0566 0.1769 
0.2359 0.2756 0.2431 0.2455 
0.2250 0.2599 0.2623 0.2527 
0.2491 0.2383 0.2635 0.2491 

MOTIF filter3 
letter-probability matrix: alength= 4 w= 15 nsites= 15 
0.2492 0.2524 0.2461 0.2524 
0.2366 0.2240 0.2776 0.2618 
0.1987 0.2082 0.3375 0.2555 
0.2713 0.0662 0.6120 0.0505 
0.0946 0.0000 0.8170 0.0883 
0.1735 0.0000 0.8265 0.0000 
0.0000 0.0000 1.0000 0.0000 
0.0000 0.0000 1.0000 0.0000 
0.2776 0.5647 0.0000 0.1577 
0.0000 0.0000 1.0000 0.0000 
0.0000 0.0000 1.0000 0.0000 
0.1293 0.0000 0.8707 0.0000 
0.1703 0.0158 0.8139 0.0000 
0.1798 0.6467 0.1514 0.0221 
0.2713 0.2145 0.2997 0.2145 

MOTIF filter4 
letter-probability matrix: alength= 4 w= 20 nsites= 20 
0.2500 0.1875 0.3750 0.1875 
0.0625 0.4375 0.0000 0.5000 
0.2500 0.5000 0.1875 0.0625 
0.0000 0.4375 0.3125 0.2500 
0.0000 0.9375 0.0625 0.0000 
0.0000 1.0000 0.0000 0.0000 
0.0000 0.0000 0.8750 0.1250 
0.0000 0.0000 1.0000 0.0000 
0.9375 0.0000 0.0625 0.0000 
0.9375 0.0625 0.0000 0.0000 
0.0000 0.0000 0.9375 0.0625 
0.0000 0.1875 0.0000 0.8125 
0.0625 0.1875 0.6875 0.0625 
0.0625 0.0000 0.9375 0.0000 
0.0000 0.0625 0.9375 0.0000 
0.3125 0.4375 0.0625 0.1875 
0.0000 0.2500 0.4375 0.3125 
0.3125 0.5625 0.0000 0.1250 
0.5625 0.1250 0.2500 0.0625 
0.7500 0.1875 0.0000 0.0625 

MOTIF filter5 
letter-probability matrix: alength= 4 w= 15 nsites= 15 
0.3246 0.2058 0.2957 0.1739 
0.2783 0.3275 0.2203 0.1739 
0.0696 0.2000 0.4870 0.2435 
0.0000 0.8319 0.0261 0.1420 
0.0029 0.8319 0.0000 0.1652 
0.0000 1.0000 0.0000 0.0000 
0.0000 1.0000 0.0000 0.0000 
0.0580 0.0000 0.6348 0.3072 
0.0000 1.0000 0.0000 0.0000 
0.0000 1.0000 0.0000 0.0000 
0.0000 0.8435 0.0000 0.1565 
0.0638 0.8609 0.0000 0.0754 
0.0522 0.6203 0.0580 0.2696 
0.2551 0.2348 0.2522 0.2580 
0.2725 0.2406 0.2000 0.2870 

MOTIF filter6 
letter-probability matrix: alength= 4 w= 13 nsites= 13 
0.2384 0.2100 0.2669 0.2847 
0.2349 0.2598 0.2242 0.2811 
0.2527 0.2918 0.2384 0.2171 
0.2313 0.0142 0.7011 0.0534 
0.1210 0.0000 0.8434 0.0356 
0.1317 0.0000 0.8683 0.0000 
0.0000 0.0000 1.0000 0.0000 
0.0000 0.0000 1.0000 0.0000 
0.3096 0.5907 0.0000 0.0996 
0.0000 0.0000 1.0000 0.0000 
0.0000 0.0000 1.0000 0.0000 
0.1459 0.0000 0.8541 0.0000 
0.1566 0.0178 0.8256 0.0000 

MOTIF filter7 
letter-probability matrix: alength= 4 w= 18 nsites= 18 
0.2614 0.2576 0.2235 0.2576 
0.2727 0.2652 0.2538 0.2083 
0.2121 0.2500 0.2576 0.2803 
0.1061 0.0038 0.7273 0.1629 
0.0606 0.7841 0.1023 0.0530 
0.2955 0.3598 0.2689 0.0758 
0.0303 0.0000 0.8977 0.0720 
0.0000 1.0000 0.0000 0.0000 
0.0000 1.0000 0.0000 0.0000 
1.0000 0.0000 0.0000 0.0000 
0.0000 0.0000 0.0000 1.0000 
0.0038 0.5227 0.1061 0.3674 
0.0000 0.0492 0.0000 0.9508 
0.0000 0.0189 0.0000 0.9811 
0.0758 0.0871 0.7614 0.0758 
0.2689 0.2462 0.2576 0.2273 
0.1932 0.2538 0.2576 0.2955 
0.2462 0.2803 0.2386 0.2348 

MOTIF filter8 
letter-probability matrix: alength= 4 w= 17 nsites= 17 
0.2698 0.2229 0.2669 0.2405 
0.2493 0.2757 0.2258 0.2493 
0.5103 0.0176 0.1320 0.3402 
0.6481 0.0117 0.0411 0.2991 
0.4516 0.0000 0.0293 0.5191 
0.2962 0.1701 0.1525 0.3812 
0.0059 0.0000 0.0000 0.9941 
0.0000 0.0000 1.0000 0.0000 
0.0176 0.9824 0.0000 0.0000 
0.0000 0.0000 0.0000 1.0000 
0.0000 0.0000 0.9941 0.0059 
1.0000 0.0000 0.0000 0.0000 
0.0293 0.5132 0.3050 0.1525 
0.2023 0.1349 0.0440 0.6188 
0.1935 0.3695 0.1144 0.3226 
0.5044 0.0557 0.1935 0.2463 
0.1584 0.0528 0.5220 0.2669 

MOTIF filter9 
letter-probability matrix: alength= 4 w= 15 nsites= 15 
0.2400 0.2543 0.2257 0.2800 
0.2486 0.2229 0.2971 0.2314 
0.2057 0.2571 0.2600 0.2771 
0.0057 0.8629 0.1314 0.0000 
0.0029 0.9971 0.0000 0.0000 
0.0000 0.0029 0.9971 0.0000 
0.0000 0.0000 1.0000 0.0000 
1.0000 0.0000 0.0000 0.0000 
1.0000 0.0000 0.0000 0.0000 
0.0200 0.0314 0.9486 0.0000 
0.0371 0.3000 0.0229 0.6400 
0.1771 0.0743 0.6829 0.0657 
0.2629 0.2286 0.4714 0.0371 
0.2286 0.3400 0.2400 0.1914 
0.2371 0.2629 0.2743 0.2257 

MOTIF filter10 
letter-probability matrix: alength= 4 w= 14 nsites= 14 
0.2500 0.2098 0.2557 0.2845 
0.2385 0.2845 0.2385 0.2385 
0.0029 0.8764 0.1207 0.0000 
0.0402 0.9598 0.0000 0.0000 
0.0000 0.0000 1.0000 0.0000 
0.0000 0.0000 1.0000 0.0000 
1.0000 0.0000 0.0000 0.0000 
1.0000 0.0000 0.0000 0.0000 
0.0460 0.0029 0.9511 0.0000 
0.0230 0.3103 0.0057 0.6609 
0.1753 0.0948 0.6868 0.0431 
0.2529 0.2759 0.4511 0.0201 
0.2098 0.3649 0.2644 0.1609 
0.1983 0.2960 0.2500 0.2557 

MOTIF filter11 
letter-probability matrix: alength= 4 w= 11 nsites= 11 
0.2442 0.2768 0.2304 0.2486 
0.2668 0.2311 0.2298 0.2724 
0.6374 0.0000 0.0000 0.3626 
0.0000 0.0000 0.0000 1.0000 
0.0000 0.0369 0.0000 0.9631 
0.9480 0.0000 0.0520 0.0000 
1.0000 0.0000 0.0000 0.0000 
0.3663 0.0000 0.0000 0.6337 
0.2655 0.2379 0.2523 0.2442 
0.2286 0.2636 0.2693 0.2386 
0.2661 0.2505 0.2329 0.2505 

MOTIF filter12 
letter-probability matrix: alength= 4 w= 14 nsites= 14 
0.2879 0.2724 0.2415 0.1981 
0.2817 0.2910 0.2198 0.2074 
0.0743 0.1548 0.5604 0.2105 
0.0000 0.8204 0.0124 0.1672 
0.0000 0.8793 0.0000 0.1207 
0.0000 1.0000 0.0000 0.0000 
0.0000 1.0000 0.0000 0.0000 
0.1269 0.0000 0.5944 0.2786 
0.0000 1.0000 0.0000 0.0000 
0.0000 1.0000 0.0000 0.0000 
0.0000 0.7957 0.0000 0.2043 
0.0836 0.8452 0.0000 0.0712 
0.0155 0.6811 0.0372 0.2663 
0.2446 0.2879 0.2136 0.2539 

MOTIF filter13 
letter-probability matrix: alength= 4 w= 14 nsites= 14 
0.1577 0.1893 0.3880 0.2650 
0.0252 0.4890 0.1924 0.2934 
0.0789 0.6088 0.1703 0.1420 
0.7382 0.0189 0.2397 0.0032 
0.0000 1.0000 0.0000 0.0000 
0.0000 0.0000 0.0000 1.0000 
0.0000 0.0000 0.0000 1.0000 
0.0000 1.0000 0.0000 0.0000 
0.0000 1.0000 0.0000 0.0000 
0.0000 0.0000 0.9811 0.0189 
0.0000 0.1577 0.8297 0.0126 
0.2776 0.2050 0.2587 0.2587 
0.2744 0.2271 0.2461 0.2524 
0.2397 0.2397 0.2397 0.2808 

MOTIF filter14 
letter-probability matrix: alength= 4 w= 18 nsites= 18 
0.2669 0.2297 0.2500 0.2534 
0.2264 0.2939 0.2466 0.2331 
0.2432 0.2601 0.2534 0.2432 
0.1149 0.0372 0.6757 0.1723 
0.0676 0.7466 0.0845 0.1014 
0.2736 0.3682 0.2399 0.1182 
0.0372 0.0000 0.8547 0.1081 
0.0000 1.0000 0.0000 0.0000 
0.0000 1.0000 0.0000 0.0000 
1.0000 0.0000 0.0000 0.0000 
0.0000 0.0000 0.0000 1.0000 
0.0135 0.4797 0.1419 0.3649 
0.0000 0.0000 0.0000 1.0000 
0.0000 0.0000 0.0000 1.0000 
0.0845 0.0743 0.7230 0.1182 
0.3007 0.2399 0.1926 0.2669 
0.2162 0.2568 0.2939 0.2331 
0.2162 0.3041 0.2196 0.2601 

MOTIF filter15 
letter-probability matrix: alength= 4 w= 16 nsites= 16 
0.2877 0.1872 0.2821 0.2430 
0.6034 0.0698 0.1173 0.2095 
0.1844 0.2989 0.4721 0.0447 
0.0000 0.0000 0.0000 1.0000 
0.0084 0.9916 0.0000 0.0000 
1.0000 0.0000 0.0000 0.0000 
0.0000 0.0000 0.9916 0.0084 
0.0000 1.0000 0.0000 0.0000 
1.0000 0.0000 0.0000 0.0000 
0.4441 0.1704 0.1313 0.2542 
0.4469 0.0391 0.0000 0.5140 
0.3994 0.0754 0.0028 0.5223 
0.3156 0.1117 0.0140 0.5587 
0.2737 0.2374 0.2402 0.2486 
0.2821 0.2709 0.2291 0.2179 
0.2151 0.2989 0.2402 0.2458 

MOTIF filter16 
letter-probability matrix: alength= 4 w= 19 nsites= 19 
0.2632 0.3388 0.2072 0.1908 
0.2993 0.2434 0.2039 0.2533 
0.2599 0.2336 0.2467 0.2599 
0.0033 0.8289 0.0888 0.0789 
0.0000 0.1184 0.0000 0.8816 
0.0000 0.2533 0.7336 0.0132 
1.0000 0.0000 0.0000 0.0000 
0.0000 0.0000 0.0000 1.0000 
0.0000 0.0000 0.0000 1.0000 
0.0000 0.0000 1.0000 0.0000 
0.0000 0.0000 1.0000 0.0000 
0.0493 0.4243 0.0000 0.5263 
0.0033 0.4375 0.1316 0.4276 
0.1546 0.4507 0.3059 0.0888 
0.5164 0.1316 0.2664 0.0855 
0.1349 0.1645 0.2829 0.4178 
0.1645 0.1447 0.2533 0.4375 
0.0033 0.2961 0.1809 0.5197 
0.2237 0.2566 0.2796 0.2401 

MOTIF filter17 
letter-probability matrix: alength= 4 w= 16 nsites= 16 
0.2384 0.2219 0.2583 0.2815 
0.2384 0.2914 0.2450 0.2252 
0.3179 0.2252 0.1821 0.2748 
0.1358 0.7152 0.1126 0.0364 
1.0000 0.0000 0.0000 0.0000 
0.9735 0.0066 0.0199 0.0000 
0.4338 0.0331 0.5099 0.0232 
1.0000 0.0000 0.0000 0.0000 
0.0000 0.0000 0.0000 1.0000 
0.0000 0.0000 1.0000 0.0000 
0.0000 0.0000 1.0000 0.0000 
0.0497 0.8907 0.0000 0.0596 
0.1093 0.1821 0.4437 0.2649 
0.0762 0.0762 0.7848 0.0629 
0.1291 0.7682 0.0033 0.0993 
0.2583 0.2318 0.2185 0.2914 

MOTIF filter18 
letter-probability matrix: alength= 4 w= 16 nsites= 16 
0.2268 0.2371 0.2655 0.2706 
0.2088 0.2925 0.2745 0.2242 
0.2874 0.2474 0.2229 0.2423 
0.1521 0.0683 0.0206 0.7590 
0.0309 0.0696 0.6727 0.2268 
0.4253 0.3956 0.0683 0.1108 
0.0000 0.9961 0.0039 0.0000 
0.0000 1.0000 0.0000 0.0000 
0.8299 0.0000 0.0052 0.1649 
0.0116 0.0000 0.0000 0.9884 
0.9974 0.0026 0.0000 0.0000 
0.0000 0.0013 0.0013 0.9974 
0.9974 0.0000 0.0000 0.0026 
0.1418 0.0026 0.0000 0.8557 
0.0013 0.0000 0.9987 0.0000 
0.0000 0.0000 0.9987 0.0013 

MOTIF filter19 
letter-probability matrix: alength= 4 w= 13 nsites= 13 
0.2553 0.2490 0.2501 0.2455 
0.2634 0.2638 0.2257 0.2471 
0.4035 0.1913 0.3421 0.0632 
0.0350 0.0434 0.0623 0.8593 
0.0222 0.0309 0.1907 0.7562 
0.3132 0.0209 0.4836 0.1822 
0.0981 0.6196 0.0744 0.2078 
0.2147 0.0753 0.6250 0.0850 
0.1866 0.5023 0.0101 0.3010 
0.7423 0.1895 0.0304 0.0377 
0.8782 0.0402 0.0515 0.0301 
0.0797 0.3207 0.1944 0.4052 
0.2450 0.2691 0.2493 0.2366 

MOTIF filter20 
letter-probability matrix: alength= 4 w= 18 nsites= 18 
0.0706 0.4464 0.4403 0.0427 
0.4491 0.1757 0.3019 0.0733 
0.4776 0.3915 0.0529 0.0780 
0.1228 0.5231 0.3379 0.0163 
0.5088 0.0393 0.2191 0.2327 
0.2626 0.4322 0.2754 0.0299 
0.0916 0.0075 0.5760 0.3250 
0.1493 0.0312 0.0000 0.8195 
0.0373 0.2300 0.7300 0.0027 
0.0319 0.3602 0.4715 0.1364 
0.0475 0.3874 0.4003 0.1649 
0.1357 0.2904 0.0488 0.5251 
0.2415 0.1906 0.1710 0.3969 
0.1784 0.4586 0.0957 0.2673 
0.0427 0.7313 0.1798 0.0461 
0.2001 0.3901 0.2666 0.1431 
0.2280 0.4498 0.2069 0.1153 
0.0224 0.3121 0.3019 0.3636 

MOTIF filter21 
letter-probability matrix: alength= 4 w= 16 nsites= 16 
0.4400 0.2213 0.1627 0.1760 
0.0747 0.3680 0.1120 0.4453 
0.0640 0.3147 0.3813 0.2400 
0.4533 0.1093 0.4293 0.0080 
0.5867 0.0080 0.3600 0.0453 
0.0000 1.0000 0.0000 0.0000 
0.0000 1.0000 0.0000 0.0000 
1.0000 0.0000 0.0000 0.0000 
1.0000 0.0000 0.0000 0.0000 
0.0000 0.0000 0.0000 1.0000 
0.0320 0.7307 0.2373 0.0000 
0.8773 0.0000 0.1227 0.0000 
0.0720 0.0693 0.8587 0.0000 
0.2240 0.2880 0.2347 0.2533 
0.2773 0.2027 0.2667 0.2533 
0.2293 0.2933 0.2240 0.2533 

MOTIF filter22 
letter-probability matrix: alength= 4 w= 15 nsites= 15 
0.2125 0.2509 0.2718 0.2648 
0.2125 0.3136 0.2997 0.1742 
0.2439 0.2753 0.2509 0.2300 
0.1533 0.7108 0.0767 0.0592 
0.9965 0.0000 0.0035 0.0000 
0.9930 0.0000 0.0070 0.0000 
0.4460 0.0767 0.4634 0.0139 
1.0000 0.0000 0.0000 0.0000 
0.0000 0.0000 0.0000 1.0000 
0.0000 0.0000 1.0000 0.0000 
0.0000 0.0000 1.0000 0.0000 
0.0418 0.9094 0.0000 0.0488 
0.1010 0.1882 0.4251 0.2857 
0.0523 0.0836 0.8084 0.0557 
0.1045 0.8153 0.0244 0.0557 

MOTIF filter23 
letter-probability matrix: alength= 4 w= 19 nsites= 19 
0.1591 0.0821 0.0456 0.7132 
0.0196 0.0834 0.6806 0.2164 
0.4107 0.4016 0.0678 0.1199 
0.0000 0.9987 0.0013 0.0000 
0.0000 0.9961 0.0000 0.0039 
0.8409 0.0000 0.0013 0.1578 
0.0156 0.0000 0.0000 0.9844 
1.0000 0.0000 0.0000 0.0000 
0.0000 0.0000 0.0000 1.0000 
0.9896 0.0000 0.0000 0.0104 
0.1604 0.0026 0.0000 0.8370 
0.0000 0.0039 0.9961 0.0000 
0.0000 0.0000 1.0000 0.0000 
0.0900 0.0404 0.4159 0.4537 
0.2073 0.6871 0.0847 0.0209 
0.7484 0.0196 0.0600 0.1721 
0.2386 0.2816 0.2412 0.2386 
0.2047 0.2660 0.2686 0.2608 
0.2438 0.2360 0.2842 0.2360 

MOTIF filter24 
letter-probability matrix: alength= 4 w= 16 nsites= 16 
0.2565 0.2620 0.2475 0.2340 
0.2493 0.2620 0.2565 0.2322 
0.1274 0.0641 0.3424 0.4661 
0.0361 0.8428 0.0090 0.1120 
0.0063 0.0108 0.0090 0.9738 
0.9738 0.0126 0.0081 0.0054 
0.2683 0.0117 0.0163 0.7037 
0.4490 0.0072 0.0036 0.5402 
0.5167 0.0000 0.0054 0.4779 
0.6775 0.0090 0.0000 0.3135 
0.0054 0.0045 0.0000 0.9901 
0.9738 0.0054 0.0063 0.0145 
0.1039 0.0054 0.8383 0.0524 
0.4616 0.3577 0.0524 0.1283 
0.2629 0.2240 0.2755 0.2376 
0.2466 0.2873 0.2285 0.2376 

MOTIF filter25 
letter-probability matrix: alength= 4 w= 18 nsites= 18 
0.2579 0.2778 0.2421 0.2222 
0.2381 0.2897 0.2540 0.2183 
0.2183 0.3492 0.1746 0.2579 
0.1349 0.0595 0.6825 0.1230 
0.1111 0.6667 0.1310 0.0913 
0.3413 0.3889 0.1786 0.0913 
0.2063 0.0000 0.7698 0.0238 
0.0873 0.9127 0.0000 0.0000 
0.0079 0.9762 0.0159 0.0000 
1.0000 0.0000 0.0000 0.0000 
0.0000 0.0000 0.0000 1.0000 
0.0040 0.3532 0.3532 0.2897 
0.0000 0.0000 0.2063 0.7937 
0.0079 0.0992 0.0000 0.8929 
0.0238 0.0714 0.7579 0.1468 
0.2222 0.1270 0.4762 0.1746 
0.2063 0.4484 0.1429 0.2024 
0.2778 0.2698 0.1627 0.2897 

MOTIF filter26 
letter-probability matrix: alength= 4 w= 16 nsites= 16 
0.4733 0.1870 0.1298 0.2099 
0.0573 0.3435 0.0916 0.5076 
0.0458 0.3588 0.3664 0.2290 
0.4084 0.1145 0.4771 0.0000 
0.5916 0.0038 0.3779 0.0267 
0.0000 1.0000 0.0000 0.0000 
0.0000 1.0000 0.0000 0.0000 
1.0000 0.0000 0.0000 0.0000 
1.0000 0.0000 0.0000 0.0000 
0.0000 0.0000 0.0000 1.0000 
0.0000 0.8588 0.1412 0.0000 
0.8397 0.0000 0.1603 0.0000 
0.0344 0.0267 0.9389 0.0000 
0.2023 0.2557 0.2405 0.3015 
0.2634 0.1908 0.3130 0.2328 
0.2405 0.2634 0.1832 0.3130 

MOTIF filter27 
letter-probability matrix: alength= 4 w= 15 nsites= 15 
0.2599 0.2415 0.2243 0.2742 
0.2831 0.2338 0.2427 0.2404 
0.1668 0.2356 0.1389 0.4588 
0.0036 0.0273 0.0131 0.9561 
0.0083 0.0065 0.0433 0.9418 
0.1264 0.8315 0.0131 0.0291 
0.0356 0.6991 0.0000 0.2653 
0.2504 0.2398 0.2516 0.2582 
0.2493 0.0000 0.7092 0.0415 
0.0255 0.0113 0.8392 0.1240 
0.9270 0.0593 0.0042 0.0095 
0.9567 0.0243 0.0148 0.0042 
0.4398 0.1638 0.2255 0.1709 
0.2380 0.2623 0.2297 0.2700 
0.2540 0.2368 0.2706 0.2386 

MOTIF filter28 
letter-probability matrix: alength= 4 w= 9 nsites= 9 
0.2601 0.2435 0.2525 0.2440 
0.3123 0.2306 0.2477 0.2094 
0.2350 0.2730 0.2670 0.2250 
0.0437 0.8731 0.0430 0.0402 
0.8607 0.0368 0.0601 0.0424 
0.0466 0.8082 0.0424 0.1028 
0.1110 0.0403 0.8123 0.0364 
0.0461 0.0552 0.0398 0.8589 
0.0369 0.0386 0.8722 0.0522 

MOTIF filter29 
letter-probability matrix: alength= 4 w= 13 nsites= 13 
0.2424 0.2336 0.2489 0.2750 
0.2336 0.2577 0.2604 0.2483 
0.1811 0.1093 0.3158 0.3938 
0.1243 0.6486 0.0320 0.1951 
0.0222 0.1122 0.0316 0.8339 
0.9070 0.0313 0.0310 0.0307 
0.3148 0.0206 0.0385 0.6261 
0.4617 0.0212 0.0238 0.4933 
0.4695 0.0330 0.0313 0.4662 
0.6235 0.0268 0.0232 0.3266 
0.0339 0.0339 0.0535 0.8786 
0.8176 0.0228 0.1259 0.0336 
0.1918 0.0323 0.6708 0.1051 

MOTIF filter30 
letter-probability matrix: alength= 4 w= 15 nsites= 15 
0.2667 0.2970 0.2061 0.2303 
0.2394 0.3091 0.2364 0.2152 
0.2242 0.2636 0.2636 0.2485 
0.0000 0.8879 0.0576 0.0545 
0.0000 0.2121 0.0061 0.7818 
0.0000 0.2212 0.7485 0.0303 
1.0000 0.0000 0.0000 0.0000 
0.0000 0.0000 0.0000 1.0000 
0.0000 0.0000 0.0000 1.0000 
0.0000 0.0000 1.0000 0.0000 
0.0000 0.0000 1.0000 0.0000 
0.0333 0.4091 0.0091 0.5485 
0.0152 0.4485 0.1182 0.4182 
0.1939 0.4303 0.3242 0.0515 
0.4485 0.1667 0.3485 0.0364 

MOTIF filter31 
letter-probability matrix: alength= 4 w= 13 nsites= 13 
0.1472 0.2023 0.1652 0.4853 
0.0000 0.0000 0.0000 1.0000 
0.0000 0.0000 0.0000 1.0000 
0.0333 0.9667 0.0000 0.0000 
0.0013 0.7875 0.0000 0.2113 
0.2510 0.2164 0.2548 0.2778 
0.1985 0.0000 0.8015 0.0000 
0.0000 0.0000 0.9770 0.0230 
1.0000 0.0000 0.0000 0.0000 
1.0000 0.0000 0.0000 0.0000 
0.5186 0.1178 0.2100 0.1536 
0.2356 0.2753 0.2535 0.2356 
0.2612 0.2330 0.2535 0.2522 

