MEME version 4

ALPHABET= ACGT

Background letter frequencies:
A 0.2500 C 0.2500 G 0.2500 T 0.2500 

MOTIF filter0 
letter-probability matrix: alength= 4 w= 20 nsites= 20 
0.2307 0.2441 0.2544 0.2709 
0.2183 0.2801 0.2688 0.2327 
0.2873 0.2523 0.2245 0.2358 
0.1648 0.0814 0.0505 0.7034 
0.0330 0.1020 0.6426 0.2225 
0.4099 0.3872 0.0783 0.1246 
0.0021 0.9907 0.0051 0.0021 
0.0010 0.9815 0.0051 0.0124 
0.7981 0.0093 0.0124 0.1802 
0.0278 0.0010 0.0031 0.9681 
0.9804 0.0082 0.0103 0.0010 
0.0000 0.0041 0.0021 0.9938 
0.9701 0.0051 0.0010 0.0237 
0.1740 0.0134 0.0051 0.8074 
0.0062 0.0227 0.9681 0.0031 
0.0062 0.0124 0.9763 0.0051 
0.1174 0.0772 0.3903 0.4150 
0.2307 0.6334 0.0937 0.0422 
0.6900 0.0381 0.0793 0.1926 
0.2379 0.2719 0.2420 0.2482 

MOTIF filter1 
letter-probability matrix: alength= 4 w= 12 nsites= 12 
0.2672 0.2359 0.2088 0.2881 
0.5616 0.1336 0.2359 0.0689 
0.1273 0.4426 0.3820 0.0480 
0.0000 1.0000 0.0000 0.0000 
1.0000 0.0000 0.0000 0.0000 
0.0000 0.9979 0.0000 0.0021 
0.0000 0.0000 1.0000 0.0000 
0.0000 0.0000 0.0000 1.0000 
0.0000 0.0000 1.0000 0.0000 
0.0689 0.3653 0.3319 0.2338 
0.0564 0.2818 0.1190 0.5428 
0.2422 0.2067 0.2672 0.2839 

MOTIF filter2 
letter-probability matrix: alength= 4 w= 14 nsites= 14 
0.3426 0.1770 0.2475 0.2328 
0.6541 0.0148 0.0328 0.2984 
0.2426 0.1852 0.3787 0.1934 
0.0000 0.0000 0.0000 1.0000 
0.0000 0.5689 0.4311 0.0000 
0.6574 0.3426 0.0000 0.0000 
0.0000 0.0000 0.5344 0.4656 
0.0000 0.6361 0.3607 0.0033 
1.0000 0.0000 0.0000 0.0000 
0.2672 0.3049 0.2082 0.2197 
0.3262 0.0098 0.0033 0.6607 
0.3475 0.1197 0.0410 0.4918 
0.3738 0.0574 0.0754 0.4934 
0.2361 0.0623 0.5295 0.1721 

MOTIF filter3 
letter-probability matrix: alength= 4 w= 17 nsites= 17 
0.2245 0.2993 0.2789 0.1973 
0.2721 0.2687 0.2007 0.2585 
0.1701 0.6939 0.0986 0.0374 
0.9932 0.0000 0.0068 0.0000 
0.9898 0.0000 0.0102 0.0000 
0.4150 0.0918 0.4898 0.0034 
1.0000 0.0000 0.0000 0.0000 
0.0000 0.0000 0.0000 1.0000 
0.0000 0.0000 1.0000 0.0000 
0.0000 0.0000 1.0000 0.0000 
0.0612 0.8776 0.0000 0.0612 
0.0986 0.2007 0.4286 0.2721 
0.0782 0.0680 0.7857 0.0680 
0.0952 0.8401 0.0068 0.0578 
0.2721 0.2177 0.2143 0.2959 
0.2143 0.2653 0.3197 0.2007 
0.2653 0.2279 0.2891 0.2177 

MOTIF filter4 
letter-probability matrix: alength= 4 w= 12 nsites= 12 
0.2140 0.2733 0.2807 0.2320 
0.4015 0.2013 0.2542 0.1430 
0.2246 0.2913 0.3178 0.1663 
0.0000 1.0000 0.0000 0.0000 
0.9894 0.0000 0.0106 0.0000 
0.0000 0.9989 0.0000 0.0011 
0.0000 0.0000 1.0000 0.0000 
0.0000 0.0000 0.0000 1.0000 
0.0000 0.0000 1.0000 0.0000 
0.1525 0.2807 0.3347 0.2320 
0.1663 0.2182 0.1716 0.4439 
0.2426 0.2627 0.2553 0.2394 

MOTIF filter5 
letter-probability matrix: alength= 4 w= 13 nsites= 13 
0.2438 0.2438 0.2548 0.2575 
0.0082 0.8192 0.0849 0.0877 
0.0000 0.1753 0.0000 0.8247 
0.0000 0.2466 0.7342 0.0192 
1.0000 0.0000 0.0000 0.0000 
0.0000 0.0000 0.0000 1.0000 
0.0000 0.0000 0.0000 1.0000 
0.0000 0.0000 1.0000 0.0000 
0.0000 0.0000 1.0000 0.0000 
0.0384 0.4000 0.0082 0.5534 
0.0110 0.4411 0.1370 0.4110 
0.1863 0.4329 0.3123 0.0685 
0.4658 0.1425 0.3288 0.0630 

MOTIF filter6 
letter-probability matrix: alength= 4 w= 15 nsites= 15 
0.2053 0.2700 0.2510 0.2738 
0.1521 0.1749 0.3840 0.2890 
0.0190 0.4829 0.1901 0.3080 
0.0570 0.6654 0.1293 0.1483 
0.7567 0.0266 0.2129 0.0038 
0.0000 0.9962 0.0000 0.0038 
0.0000 0.0000 0.0000 1.0000 
0.0000 0.0000 0.0000 1.0000 
0.0000 1.0000 0.0000 0.0000 
0.0000 1.0000 0.0000 0.0000 
0.0000 0.0000 1.0000 0.0000 
0.0000 0.0989 0.9011 0.0000 
0.2776 0.2281 0.2586 0.2357 
0.2928 0.2243 0.2700 0.2129 
0.2395 0.2738 0.2205 0.2662 

MOTIF filter7 
letter-probability matrix: alength= 4 w= 14 nsites= 14 
0.2158 0.2371 0.2766 0.2705 
0.2219 0.2948 0.2705 0.2128 
0.2675 0.2401 0.2158 0.2766 
0.1398 0.7021 0.1094 0.0486 
1.0000 0.0000 0.0000 0.0000 
0.9818 0.0000 0.0182 0.0000 
0.4468 0.0274 0.5076 0.0182 
1.0000 0.0000 0.0000 0.0000 
0.0000 0.0000 0.0000 1.0000 
0.0000 0.0000 1.0000 0.0000 
0.0000 0.0000 1.0000 0.0000 
0.0274 0.8815 0.0000 0.0912 
0.1277 0.2006 0.4255 0.2462 
0.0669 0.0821 0.7933 0.0578 

MOTIF filter8 
letter-probability matrix: alength= 4 w= 20 nsites= 20 
0.2500 0.2500 0.2500 0.2500 
0.2500 0.2500 0.2500 0.2500 
0.2500 0.2500 0.2500 0.2500 
0.2500 0.2500 0.2500 0.2500 
0.2500 0.2500 0.2500 0.2500 
0.2500 0.2500 0.2500 0.2500 
0.2500 0.2500 0.2500 0.2500 
0.2500 0.2500 0.2500 0.2500 
0.2500 0.2500 0.2500 0.2500 
0.2500 0.2500 0.2500 0.2500 
0.2500 0.2500 0.2500 0.2500 
0.2500 0.2500 0.2500 0.2500 
0.2500 0.2500 0.2500 0.2500 
0.2500 0.2500 0.2500 0.2500 
0.2500 0.2500 0.2500 0.2500 
0.2500 0.2500 0.2500 0.2500 
0.2500 0.2500 0.2500 0.2500 
0.2500 0.2500 0.2500 0.2500 
0.2500 0.2500 0.2500 0.2500 
0.2500 0.2500 0.2500 0.2500 

MOTIF filter9 
letter-probability matrix: alength= 4 w= 11 nsites= 11 
0.2467 0.2771 0.2323 0.2440 
0.2626 0.2295 0.2316 0.2764 
0.6416 0.0000 0.0000 0.3584 
0.0000 0.0000 0.0000 1.0000 
0.0000 0.0062 0.0000 0.9938 
0.9628 0.0000 0.0372 0.0000 
1.0000 0.0000 0.0000 0.0000 
0.3577 0.0000 0.0000 0.6423 
0.2695 0.2274 0.2460 0.2571 
0.2522 0.2529 0.2626 0.2323 
0.2715 0.2571 0.2219 0.2495 

MOTIF filter10 
letter-probability matrix: alength= 4 w= 14 nsites= 14 
0.2282 0.2730 0.2613 0.2374 
0.2638 0.2656 0.2331 0.2374 
0.4607 0.1479 0.3528 0.0387 
0.0025 0.0031 0.0031 0.9914 
0.0012 0.0018 0.1049 0.8920 
0.3221 0.0061 0.5589 0.1129 
0.0344 0.7933 0.0301 0.1423 
0.1564 0.0209 0.7816 0.0411 
0.1166 0.6209 0.0037 0.2589 
0.8920 0.1006 0.0037 0.0037 
0.9902 0.0037 0.0061 0.0000 
0.0436 0.3288 0.1656 0.4620 
0.2448 0.2546 0.2736 0.2270 
0.2417 0.2166 0.2644 0.2773 

MOTIF filter11 
letter-probability matrix: alength= 4 w= 12 nsites= 12 
0.2545 0.2240 0.2954 0.2260 
0.3379 0.2384 0.3052 0.1185 
0.0307 0.0593 0.0407 0.8693 
0.0287 0.0345 0.8045 0.1322 
0.8549 0.0436 0.0584 0.0431 
0.1150 0.4155 0.4290 0.0405 
0.0226 0.0389 0.0296 0.9089 
0.0973 0.8395 0.0345 0.0287 
0.8824 0.0431 0.0405 0.0341 
0.1099 0.3111 0.2607 0.3182 
0.2158 0.3207 0.2238 0.2397 
0.2581 0.2276 0.2645 0.2499 

MOTIF filter12 
letter-probability matrix: alength= 4 w= 13 nsites= 13 
0.3582 0.2090 0.2776 0.1552 
0.2866 0.3224 0.1970 0.1940 
0.0687 0.1851 0.5104 0.2358 
0.0000 0.8149 0.0448 0.1403 
0.0000 0.8537 0.0000 0.1463 
0.0000 1.0000 0.0000 0.0000 
0.0000 1.0000 0.0000 0.0000 
0.0955 0.0000 0.6090 0.2955 
0.0000 1.0000 0.0000 0.0000 
0.0000 1.0000 0.0000 0.0000 
0.0000 0.8478 0.0000 0.1522 
0.0418 0.8746 0.0000 0.0836 
0.0358 0.6119 0.0537 0.2985 

MOTIF filter13 
letter-probability matrix: alength= 4 w= 18 nsites= 18 
0.2738 0.2646 0.2185 0.2431 
0.2246 0.3200 0.2400 0.2154 
0.2369 0.2400 0.2523 0.2708 
0.1231 0.0246 0.6738 0.1785 
0.0800 0.7046 0.1138 0.1015 
0.2862 0.3600 0.2492 0.1046 
0.0338 0.0000 0.8431 0.1231 
0.0000 1.0000 0.0000 0.0000 
0.0000 1.0000 0.0000 0.0000 
1.0000 0.0000 0.0000 0.0000 
0.0000 0.0000 0.0000 1.0000 
0.0062 0.4431 0.1754 0.3754 
0.0000 0.0000 0.0000 1.0000 
0.0000 0.0062 0.0000 0.9938 
0.0585 0.0738 0.7200 0.1477 
0.3108 0.2215 0.2154 0.2523 
0.1969 0.3231 0.2523 0.2277 
0.2400 0.2769 0.2492 0.2338 

MOTIF filter14 
letter-probability matrix: alength= 4 w= 16 nsites= 16 
0.0037 0.9839 0.0087 0.0037 
0.0000 0.9988 0.0000 0.0012 
0.8325 0.0012 0.0050 0.1613 
0.0087 0.0000 0.0000 0.9913 
1.0000 0.0000 0.0000 0.0000 
0.0000 0.0000 0.0012 0.9988 
0.9901 0.0000 0.0000 0.0099 
0.1377 0.0000 0.0000 0.8623 
0.0000 0.0012 0.9988 0.0000 
0.0000 0.0025 0.9975 0.0000 
0.0906 0.0658 0.4107 0.4330 
0.2208 0.6600 0.0906 0.0285 
0.7444 0.0261 0.0658 0.1638 
0.2295 0.2804 0.2481 0.2419 
0.2171 0.2643 0.2655 0.2531 
0.2457 0.2407 0.2692 0.2444 

MOTIF filter15 
letter-probability matrix: alength= 4 w= 14 nsites= 14 
0.2948 0.2687 0.2313 0.2052 
0.2575 0.3209 0.2425 0.1791 
0.0933 0.1530 0.5448 0.2090 
0.0000 0.8545 0.0000 0.1455 
0.0000 0.8918 0.0000 0.1082 
0.0000 1.0000 0.0000 0.0000 
0.0000 1.0000 0.0000 0.0000 
0.1119 0.0000 0.5858 0.3022 
0.0000 1.0000 0.0000 0.0000 
0.0000 1.0000 0.0000 0.0000 
0.0000 0.8134 0.0000 0.1866 
0.0933 0.8470 0.0000 0.0597 
0.0187 0.7575 0.0224 0.2015 
0.2388 0.2761 0.2313 0.2537 

MOTIF filter16 
letter-probability matrix: alength= 4 w= 15 nsites= 15 
0.1200 0.0686 0.3386 0.4729 
0.0071 0.9314 0.0000 0.0614 
0.0000 0.0000 0.0000 1.0000 
1.0000 0.0000 0.0000 0.0000 
0.2457 0.0000 0.0000 0.7543 
0.4357 0.0000 0.0000 0.5643 
0.5443 0.0000 0.0000 0.4557 
0.7200 0.0000 0.0000 0.2800 
0.0000 0.0000 0.0000 1.0000 
1.0000 0.0000 0.0000 0.0000 
0.0557 0.0000 0.9414 0.0029 
0.5029 0.3871 0.0300 0.0800 
0.3043 0.2286 0.2443 0.2229 
0.2643 0.2629 0.2314 0.2414 
0.2414 0.2500 0.2771 0.2314 

MOTIF filter17 
letter-probability matrix: alength= 4 w= 15 nsites= 15 
0.2012 0.2574 0.2544 0.2870 
0.1479 0.1805 0.3905 0.2811 
0.0325 0.4911 0.2544 0.2219 
0.0888 0.6568 0.1183 0.1361 
0.6893 0.0000 0.2781 0.0325 
0.0000 0.9467 0.0118 0.0414 
0.0000 0.0000 0.0000 1.0000 
0.0000 0.0000 0.0000 1.0000 
0.0000 1.0000 0.0000 0.0000 
0.0000 1.0000 0.0000 0.0000 
0.0000 0.0000 0.9793 0.0207 
0.0000 0.1509 0.8373 0.0118 
0.2811 0.1805 0.2485 0.2899 
0.2751 0.2485 0.2101 0.2663 
0.2604 0.1686 0.2781 0.2929 

MOTIF filter18 
letter-probability matrix: alength= 4 w= 16 nsites= 16 
0.2661 0.2171 0.2416 0.2752 
0.2324 0.2263 0.2630 0.2783 
0.2294 0.2783 0.2691 0.2232 
0.2569 0.0214 0.6636 0.0581 
0.1131 0.0000 0.8379 0.0489 
0.1560 0.0000 0.8440 0.0000 
0.0000 0.0000 1.0000 0.0000 
0.0000 0.0000 1.0000 0.0000 
0.3119 0.5596 0.0000 0.1284 
0.0000 0.0000 1.0000 0.0000 
0.0000 0.0000 1.0000 0.0000 
0.1621 0.0000 0.8379 0.0000 
0.1957 0.0183 0.7859 0.0000 
0.1988 0.5352 0.1774 0.0887 
0.2997 0.2080 0.2752 0.2171 
0.2599 0.3089 0.2263 0.2049 

MOTIF filter19 
letter-probability matrix: alength= 4 w= 19 nsites= 19 
0.2416 0.2428 0.2690 0.2466 
0.1059 0.3088 0.3375 0.2478 
0.2939 0.6289 0.0012 0.0760 
0.0934 0.7758 0.0174 0.1133 
0.5006 0.1856 0.3101 0.0037 
0.0062 0.0772 0.0012 0.9153 
0.1793 0.4558 0.2117 0.1532 
0.1357 0.3288 0.1295 0.4060 
0.0859 0.0436 0.2042 0.6663 
0.2864 0.2030 0.4645 0.0461 
0.6152 0.0461 0.2939 0.0448 
0.2080 0.6152 0.1768 0.0000 
0.2167 0.3549 0.2478 0.1806 
0.3873 0.1046 0.2989 0.2092 
0.0137 0.1158 0.6787 0.1918 
0.0598 0.1432 0.7347 0.0623 
0.0610 0.1557 0.4284 0.3549 
0.0212 0.3823 0.3786 0.2179 
0.1569 0.1880 0.5293 0.1258 

MOTIF filter20 
letter-probability matrix: alength= 4 w= 17 nsites= 17 
0.2447 0.2614 0.2599 0.2340 
0.2508 0.2660 0.2538 0.2295 
0.2447 0.2736 0.2523 0.2295 
0.0441 0.0106 0.3723 0.5729 
0.0213 0.9149 0.0000 0.0638 
0.0000 0.0000 0.0000 1.0000 
1.0000 0.0000 0.0000 0.0000 
0.2295 0.0000 0.0000 0.7705 
0.4438 0.0000 0.0000 0.5562 
0.5426 0.0000 0.0000 0.4574 
0.7082 0.0000 0.0000 0.2918 
0.0000 0.0000 0.0000 1.0000 
1.0000 0.0000 0.0000 0.0000 
0.0426 0.0000 0.9438 0.0137 
0.4559 0.3830 0.0486 0.1125 
0.2584 0.2219 0.3009 0.2188 
0.2523 0.2720 0.2295 0.2462 

MOTIF filter21 
letter-probability matrix: alength= 4 w= 15 nsites= 15 
0.2640 0.2421 0.2195 0.2744 
0.2909 0.2341 0.2341 0.2409 
0.1780 0.2384 0.1530 0.4305 
0.0055 0.0268 0.0049 0.9628 
0.0018 0.0024 0.0482 0.9476 
0.1317 0.8256 0.0159 0.0268 
0.0415 0.6902 0.0073 0.2610 
0.2585 0.2268 0.2549 0.2598 
0.2610 0.0012 0.7030 0.0348 
0.0232 0.0134 0.8476 0.1159 
0.9433 0.0457 0.0055 0.0055 
0.9616 0.0220 0.0152 0.0012 
0.4524 0.1579 0.2238 0.1659 
0.2293 0.2591 0.2463 0.2652 
0.2530 0.2427 0.2555 0.2488 

MOTIF filter22 
letter-probability matrix: alength= 4 w= 18 nsites= 18 
0.2674 0.2287 0.2364 0.2674 
0.2946 0.2597 0.2558 0.1899 
0.2326 0.2713 0.2248 0.2713 
0.1047 0.0000 0.7209 0.1744 
0.0736 0.7829 0.0891 0.0543 
0.3023 0.3333 0.2868 0.0775 
0.0426 0.0000 0.9109 0.0465 
0.0000 1.0000 0.0000 0.0000 
0.0000 1.0000 0.0000 0.0000 
1.0000 0.0000 0.0000 0.0000 
0.0000 0.0000 0.0000 1.0000 
0.0039 0.4961 0.0930 0.4070 
0.0000 0.0504 0.0078 0.9419 
0.0000 0.0116 0.0000 0.9884 
0.0698 0.0775 0.7791 0.0736 
0.2481 0.2326 0.2868 0.2326 
0.2016 0.2442 0.2674 0.2868 
0.2364 0.3062 0.2326 0.2248 

MOTIF filter23 
letter-probability matrix: alength= 4 w= 15 nsites= 15 
0.2675 0.2416 0.2597 0.2312 
0.2494 0.2727 0.2208 0.2571 
0.5091 0.0208 0.1273 0.3429 
0.6312 0.0130 0.0312 0.3247 
0.4597 0.0026 0.0364 0.5013 
0.2857 0.1714 0.1403 0.4026 
0.0130 0.0000 0.0000 0.9870 
0.0000 0.0000 1.0000 0.0000 
0.0260 0.9740 0.0000 0.0000 
0.0000 0.0000 0.0000 1.0000 
0.0000 0.0000 0.9818 0.0182 
1.0000 0.0000 0.0000 0.0000 
0.0468 0.4909 0.3195 0.1429 
0.2026 0.1429 0.0545 0.6000 
0.1766 0.3714 0.1247 0.3273 

MOTIF filter24 
letter-probability matrix: alength= 4 w= 15 nsites= 15 
0.2456 0.2306 0.2231 0.3008 
0.2531 0.2130 0.2757 0.2581 
0.2180 0.2957 0.2406 0.2456 
0.0050 0.8421 0.1529 0.0000 
0.0301 0.9699 0.0000 0.0000 
0.0000 0.0000 1.0000 0.0000 
0.0000 0.0000 1.0000 0.0000 
1.0000 0.0000 0.0000 0.0000 
1.0000 0.0000 0.0000 0.0000 
0.0451 0.0075 0.9474 0.0000 
0.0326 0.3008 0.0201 0.6466 
0.1880 0.1128 0.6391 0.0602 
0.2657 0.2581 0.4436 0.0326 
0.2155 0.3559 0.2506 0.1779 
0.2256 0.2932 0.2556 0.2256 

MOTIF filter25 
letter-probability matrix: alength= 4 w= 16 nsites= 16 
0.2826 0.1848 0.2799 0.2527 
0.5978 0.0788 0.1250 0.1984 
0.1793 0.3152 0.4701 0.0353 
0.0000 0.0000 0.0000 1.0000 
0.0136 0.9864 0.0000 0.0000 
1.0000 0.0000 0.0000 0.0000 
0.0000 0.0000 0.9973 0.0027 
0.0000 1.0000 0.0000 0.0000 
1.0000 0.0000 0.0000 0.0000 
0.4402 0.1793 0.1304 0.2500 
0.4158 0.0489 0.0082 0.5272 
0.3859 0.0707 0.0054 0.5380 
0.3016 0.1277 0.0190 0.5516 
0.2799 0.2446 0.2337 0.2418 
0.2799 0.2799 0.2120 0.2283 
0.2174 0.2935 0.2391 0.2500 

MOTIF filter26 
letter-probability matrix: alength= 4 w= 16 nsites= 16 
0.2145 0.2721 0.2547 0.2587 
0.2426 0.2413 0.2708 0.2453 
0.2225 0.2466 0.2547 0.2761 
0.5147 0.1139 0.3592 0.0121 
0.0000 0.0013 0.0000 0.9987 
0.0000 0.0000 0.0308 0.9692 
0.2748 0.0000 0.6649 0.0603 
0.0094 0.9223 0.0000 0.0684 
0.0442 0.0013 0.9544 0.0000 
0.0710 0.6756 0.0000 0.2534 
0.9786 0.0214 0.0000 0.0000 
1.0000 0.0000 0.0000 0.0000 
0.0054 0.3472 0.1166 0.5308 
0.2962 0.2466 0.2721 0.1850 
0.2265 0.2145 0.2802 0.2788 
0.2574 0.2252 0.2681 0.2493 

MOTIF filter27 
letter-probability matrix: alength= 4 w= 16 nsites= 16 
0.4466 0.2472 0.1545 0.1517 
0.0618 0.3624 0.1180 0.4579 
0.0702 0.2949 0.3820 0.2528 
0.4270 0.1124 0.4579 0.0028 
0.5702 0.0112 0.3736 0.0449 
0.0000 1.0000 0.0000 0.0000 
0.0000 1.0000 0.0000 0.0000 
1.0000 0.0000 0.0000 0.0000 
1.0000 0.0000 0.0000 0.0000 
0.0000 0.0000 0.0000 1.0000 
0.0281 0.7697 0.2022 0.0000 
0.8652 0.0000 0.1320 0.0028 
0.0562 0.0787 0.8624 0.0028 
0.1966 0.2893 0.2556 0.2584 
0.2809 0.1854 0.2753 0.2584 
0.2416 0.2781 0.2360 0.2444 

MOTIF filter28 
letter-probability matrix: alength= 4 w= 13 nsites= 13 
0.4383 0.2222 0.1358 0.2037 
0.0586 0.3765 0.0957 0.4691 
0.0556 0.3457 0.3735 0.2253 
0.4444 0.0926 0.4630 0.0000 
0.5833 0.0000 0.3673 0.0494 
0.0000 1.0000 0.0000 0.0000 
0.0000 1.0000 0.0000 0.0000 
1.0000 0.0000 0.0000 0.0000 
1.0000 0.0000 0.0000 0.0000 
0.0000 0.0000 0.0000 1.0000 
0.0093 0.7870 0.2037 0.0000 
0.8395 0.0031 0.1574 0.0000 
0.0648 0.0278 0.8981 0.0093 

MOTIF filter29 
letter-probability matrix: alength= 4 w= 19 nsites= 19 
0.1769 0.1322 0.0905 0.6004 
0.0686 0.0895 0.6352 0.2068 
0.3529 0.2972 0.1153 0.2346 
0.0010 0.9990 0.0000 0.0000 
0.0000 0.7684 0.0020 0.2296 
0.9066 0.0000 0.0010 0.0924 
0.0288 0.0000 0.0000 0.9712 
0.8877 0.0000 0.0000 0.1123 
0.0994 0.0000 0.0000 0.9006 
0.9533 0.0000 0.0000 0.0467 
0.0915 0.0010 0.0000 0.9076 
0.2247 0.0010 0.7744 0.0000 
0.0000 0.0030 0.9970 0.0000 
0.2008 0.1123 0.3191 0.3678 
0.2266 0.5954 0.1272 0.0507 
0.6849 0.0696 0.0875 0.1581 
0.2555 0.2734 0.2376 0.2336 
0.2396 0.2644 0.2495 0.2465 
0.2336 0.2445 0.2575 0.2644 

MOTIF filter30 
letter-probability matrix: alength= 4 w= 16 nsites= 16 
0.2433 0.2319 0.2700 0.2548 
0.2471 0.1939 0.3080 0.2510 
0.2928 0.0380 0.6160 0.0532 
0.0875 0.0000 0.8745 0.0380 
0.1445 0.0000 0.8555 0.0000 
0.0000 0.0000 1.0000 0.0000 
0.0000 0.0000 1.0000 0.0000 
0.2890 0.6046 0.0000 0.1065 
0.0000 0.0000 1.0000 0.0000 
0.0000 0.0000 1.0000 0.0000 
0.1217 0.0000 0.8783 0.0000 
0.1369 0.0114 0.8517 0.0000 
0.1445 0.6540 0.1635 0.0380 
0.2662 0.2015 0.2966 0.2357 
0.2243 0.3042 0.2015 0.2700 
0.2395 0.2510 0.2624 0.2471 

MOTIF filter31 
letter-probability matrix: alength= 4 w= 12 nsites= 12 
0.2467 0.2584 0.2584 0.2365 
0.5197 0.1547 0.2526 0.0730 
0.2496 0.3328 0.3591 0.0584 
0.0000 1.0000 0.0000 0.0000 
1.0000 0.0000 0.0000 0.0000 
0.0000 1.0000 0.0000 0.0000 
0.0044 0.0000 0.9956 0.0000 
0.0000 0.0088 0.0000 0.9912 
0.0000 0.0000 1.0000 0.0000 
0.1416 0.3518 0.3109 0.1956 
0.1489 0.2117 0.1255 0.5139 
0.2642 0.2628 0.2336 0.2394 

