<!DOCTYPE HTML>
<html>
  <head>
    <meta charset="UTF-8">
    <title>Tomtom Results</title>
    <script>
      // @JSON_VAR data
      var data = {
        "program": "Tomtom",
        "version": "5.3.3",
        "release": "Sun Feb 7 15:39:52 2021 -0800",
        "cmd": [
          "tomtom", "-evalue", "-thresh", "0.1", "-o",
          "results/filters/model-128/trial-4",
          "motifs/filters/model-128/trial-4.txt", "./motif_database.txt"
        ],
        "options": {
          "strands": "both",
          "distance_measure": "ed",
          "threshold_type": "evalue",
          "threshold_value": 0.1,
          "background_source": "--query--"
        },
        "alphabet": {
          "name": "DNA",
          "like": "dna",
          "ncore": 4,
          "symbols": [
            {
              "symbol": "A",
              "name": "Adenine",
              "colour": "CC0000",
              "complement": "T"
            }, {
              "symbol": "C",
              "name": "Cytosine",
              "colour": "0000CC",
              "complement": "G"
            }, {
              "symbol": "G",
              "name": "Guanine",
              "colour": "FFB300",
              "complement": "C"
            }, {
              "symbol": "T",
              "aliases": "U",
              "name": "Thymine",
              "colour": "008000",
              "complement": "A"
            }, {
              "symbol": "N",
              "aliases": "X.",
              "name": "Any base",
              "equals": "ACGT"
            }, {
              "symbol": "V",
              "name": "Not T",
              "equals": "ACG"
            }, {
              "symbol": "H",
              "name": "Not G",
              "equals": "ACT"
            }, {
              "symbol": "D",
              "name": "Not C",
              "equals": "AGT"
            }, {
              "symbol": "B",
              "name": "Not A",
              "equals": "CGT"
            }, {
              "symbol": "M",
              "name": "Amino",
              "equals": "AC"
            }, {
              "symbol": "R",
              "name": "Purine",
              "equals": "AG"
            }, {
              "symbol": "W",
              "name": "Weak",
              "equals": "AT"
            }, {
              "symbol": "S",
              "name": "Strong",
              "equals": "CG"
            }, {
              "symbol": "Y",
              "name": "Pyrimidine",
              "equals": "CT"
            }, {
              "symbol": "K",
              "name": "Keto",
              "equals": "GT"
            }
          ]
        },
        "background": [0.25, 0.25, 0.25, 0.25],
        "query_dbs": [
          {
            "source": "motifs/filters/model-128/trial-4.txt",
            "name": "trial-4.txt",
            "loaded": 128,
            "excluded": 0,
            "last_modified": "Tue Mar 30 09:57:39 2021"
          }
        ],
        "target_dbs": [
          {
            "source": "./motif_database.txt",
            "name": "motif_database.txt",
            "loaded": 1964,
            "excluded": 0,
            "last_modified": "Mon Mar 29 09:53:08 2021"
          }
        ],
        "queries": [
          {
            "db": 0,
            "id": "filter0",
            "len": 12,
            "nsites": 12,
            "evalue": "1.0e+000",
            "pwm": [
              [0.106694, 0.18038, 0.269835, 0.443091], 
              [0.173636, 0.431289, 0.268942, 0.126132], 
              [0.5197, 0.210905, 0.155968, 0.113427], 
              [0.237282, 0.0618618, 0.614997, 0.0858594], 
              [0.00444628, 0.140612, 0.00553719, 0.849405], 
              [0.00206612, 0.579653, 0.400149, 0.0181322], 
              [0.90286, 0.00355372, 0.0758512, 0.0177355], 
              [0.0513504, 0.358262, 0.169851, 0.420537], 
              [0.0081151, 0.065035, 0.421528, 0.505322], 
              [0.0805124, 0.380512, 0.258331, 0.280645], 
              [0.378826, 0.212215, 0.272314, 0.136645], 
              [0.115708, 0.407546, 0.186709, 0.290037]
            ]
          }, {
            "db": 0,
            "id": "filter1",
            "len": 9,
            "nsites": 9,
            "evalue": "1.0e+000",
            "pwm": [
              [0.36067, 0.323088, 0.257121, 0.0591209], 
              [0.252967, 0.412099, 0.0756374, 0.259297], 
              [0.310558, 0.0776229, 0.135288, 0.476531], 
              [0.0229231, 0.193824, 0.033011, 0.750242], 
              [0.00284615, 0.00304396, 0.849835, 0.144275], 
              [0.162061, 0.760254, 0.0749378, 0.00274725], 
              [0.0877033, 0.390341, 0.145165, 0.376791], 
              [0.251088, 0.133989, 0.155648, 0.459275], 
              [0.186227, 0.325494, 0.221637, 0.266642]
            ]
          }, {
            "db": 0,
            "id": "filter10",
            "len": 13,
            "nsites": 13,
            "evalue": "1.0e+000",
            "pwm": [
              [0.239779, 0.0966794, 0.240672, 0.42287], 
              [0.380061, 0.133285, 0.308916, 0.177738], 
              [0.44952, 0.129812, 0.399808, 0.0208607], 
              [0.302962, 0.591811, 0.0124264, 0.0928001], 
              [0.0693893, 0.116229, 0.172794, 0.641588], 
              [0.198099, 0.0130229, 0.375931, 0.412947], 
              [0.456557, 0.496256, 0.0019084, 0.0452791], 
              [0.499332, 0.482262, 0.00438956, 0.0140165], 
              [0.055, 0.00845802, 0.814756, 0.121786], 
              [0.00806107, 0.375336, 0.12655, 0.490053], 
              [0.307656, 0.170115, 0.312618, 0.209611], 
              [0.352079, 0.246998, 0.143604, 0.257318], 
              [0.202763, 0.232832, 0.363031, 0.201374]
            ]
          }, {
            "db": 0,
            "id": "filter100",
            "len": 11,
            "nsites": 11,
            "evalue": "1.0e+000",
            "pwm": [
              [0.112142, 0.304276, 0.207763, 0.375818], 
              [0.399144, 0.335721, 0.258225, 0.00690991], 
              [0.298757, 0.0154324, 0.158234, 0.527577], 
              [0.327198, 0.0486306, 0.0621081, 0.562063], 
              [0.118991, 0.521333, 0.0709279, 0.288748], 
              [0.289937, 0.0996667, 0.073009, 0.537387], 
              [0.514694, 0.0656757, 0.0189009, 0.40073], 
              [0.966883, 0.00334234, 0.0189009, 0.0108739], 
              [0.11909, 0.0638919, 0.554532, 0.262486], 
              [0.370901, 0.356333, 0.18182, 0.0909459], 
              [0.355441, 0.253568, 0.219577, 0.171414]
            ]
          }, {
            "db": 0,
            "id": "filter101",
            "len": 11,
            "nsites": 11,
            "evalue": "1.0e+000",
            "pwm": [
              [0.152288, 0.324721, 0.235631, 0.28736], 
              [0.269523, 0.144162, 0.289342, 0.296973], 
              [0.185883, 0.249802, 0.22027, 0.344045], 
              [0.298063, 0.566523, 0.133162, 0.00225225], 
              [0.015036, 0.0337658, 0.94518, 0.00601802], 
              [0.194703, 0.284586, 0.465243, 0.0554685], 
              [0.0727117, 0.437198, 0.0844054, 0.405685], 
              [0.00254955, 0.377739, 0.0402072, 0.579505], 
              [0.234616, 0.425759, 0.0311863, 0.308438], 
              [0.0884685, 0.397757, 0.0767748, 0.437], 
              [0.137423, 0.416883, 0.110865, 0.334829]
            ]
          }, {
            "db": 0,
            "id": "filter102",
            "len": 13,
            "nsites": 13,
            "evalue": "1.0e+000",
            "pwm": [
              [0.265752, 0.165335, 0.323998, 0.244915], 
              [0.303985, 0.401832, 0.158405, 0.135779], 
              [0.389427, 0.160389, 0.164061, 0.286122], 
              [0.0210611, 0.344176, 0.524389, 0.110374], 
              [0.193931, 0.438748, 0.21884, 0.148481], 
              [0.870626, 0.00329771, 0.014313, 0.111763], 
              [0.0256283, 0.76313, 0.021063, 0.190179], 
              [0.00686973, 0.648767, 0.138841, 0.205522], 
              [0.403122, 0.0019084, 0.153046, 0.441924], 
              [0.269252, 0.57758, 0.15126, 0.0019084], 
              [0.240449, 0.288376, 0.223382, 0.247792], 
              [0.085474, 0.354333, 0.264019, 0.296174], 
              [0.25196, 0.382046, 0.149756, 0.216238]
            ]
          }, {
            "db": 0,
            "id": "filter103",
            "len": 15,
            "nsites": 15,
            "evalue": "1.0e+000",
            "pwm": [
              [0.234229, 0.336259, 0.200152, 0.229361], 
              [0.295625, 0.178296, 0.211478, 0.314601], 
              [0.180066, 0.501821, 0.174503, 0.143609], 
              [0.217616, 0.662252, 0.0288742, 0.0912583], 
              [0.46447, 0.24255, 0.21096, 0.0820199], 
              [0.217815, 0.451457, 0.11202, 0.218709], 
              [0.213444, 0.0288742, 0.546325, 0.211358], 
              [0.0561975, 0.0467595, 0.0570916, 0.839951], 
              [0.00165563, 0.00205294, 0.945866, 0.0504256], 
              [0.32202, 0.0818212, 0.472815, 0.123344], 
              [0.0279801, 0.363046, 0.151556, 0.457417], 
              [0.140544, 0.176806, 0.0467595, 0.635891], 
              [0.100596, 0.35053, 0.271258, 0.277616], 
              [0.201523, 0.398609, 0.205199, 0.194669], 
              [0.189305, 0.247815, 0.27394, 0.28894]
            ]
          }, {
            "db": 0,
            "id": "filter104",
            "len": 16,
            "nsites": 16,
            "evalue": "1.0e+000",
            "pwm": [
              [0.155177, 0.133912, 0.255937, 0.454973], 
              [0.204385, 0.458398, 0.210248, 0.126969], 
              [0.199019, 0.103913, 0.233304, 0.463764], 
              [0.625652, 0.252087, 0.0270932, 0.0951677], 
              [0.317975, 0.0385217, 0.249205, 0.394298], 
              [0.276335, 0.502025, 0.0707205, 0.150919], 
              [0.542517, 0.0615716, 0.261999, 0.133912], 
              [0.298298, 0.376807, 0.130348, 0.194547], 
              [0.147342, 0.0523354, 0.440907, 0.359416], 
              [0.682099, 0.21005, 0.0859255, 0.0219255], 
              [0.171076, 0.197012, 0.418505, 0.213407], 
              [0.422522, 0.430174, 0.135019, 0.0122857], 
              [0.0723106, 0.0313665, 0.880658, 0.0156646], 
              [0.430174, 0.214323, 0.0467702, 0.308733], 
              [0.160543, 0.229505, 0.488361, 0.12159], 
              [0.0830435, 0.111963, 0.626944, 0.17805]
            ]
          }, {
            "db": 0,
            "id": "filter105",
            "len": 9,
            "nsites": 9,
            "evalue": "1.0e+000",
            "pwm": [
              [0.281945, 0.152879, 0.360275, 0.204901], 
              [0.243694, 0.0826673, 0.590377, 0.0832608], 
              [0.0103626, 0.310429, 0.362846, 0.316363], 
              [0.316295, 0.00996776, 0.551011, 0.122726], 
              [0.95348, 0.00274725, 0.0342009, 0.00957211], 
              [0.00452747, 0.61544, 0.376989, 0.00304396], 
              [0.175033, 0.163462, 0.199758, 0.461747], 
              [0.102835, 0.342473, 0.374516, 0.180176], 
              [0.12023, 0.405037, 0.103517, 0.371216]
            ]
          }, {
            "db": 0,
            "id": "filter106",
            "len": 15,
            "nsites": 15,
            "evalue": "1.0e+000",
            "pwm": [
              [0.329272, 0.154735, 0.294007, 0.221987], 
              [0.323279, 0.115883, 0.409992, 0.150846], 
              [0.318146, 0.357483, 0.245331, 0.0790397], 
              [0.00602693, 0.509223, 0.0371228, 0.447627], 
              [0.61904, 0.00523179, 0.0822185, 0.29351], 
              [0.406159, 0.452252, 0.139934, 0.00165563], 
              [0.0171523, 0.0822185, 0.722848, 0.177781], 
              [0.17389, 0.210145, 0.0837004, 0.532265], 
              [0.116093, 0.00195364, 0.614868, 0.267086], 
              [0.00453614, 0.412376, 0.39708, 0.186008], 
              [0.512053, 0.311093, 0.00503311, 0.171821], 
              [0.711154, 0.142304, 0.0806212, 0.0659207], 
              [0.461589, 0.231325, 0.167947, 0.139139], 
              [0.127219, 0.144901, 0.480762, 0.247119], 
              [0.235771, 0.423998, 0.192266, 0.147966]
            ]
          }, {
            "db": 0,
            "id": "filter107",
            "len": 10,
            "nsites": 10,
            "evalue": "1.0e+000",
            "pwm": [
              [0.513366, 0.0974257, 0.17802, 0.211188], 
              [0.348678, 0.1584, 0.315711, 0.17721], 
              [0.586238, 0.130792, 0.242673, 0.040297], 
              [0.150198, 0.00366337, 0.115248, 0.730891], 
              [0.448317, 0.332673, 0.00742574, 0.211584], 
              [0.019505, 0.00247525, 0.184752, 0.793267], 
              [0.0130704, 0.160016, 0.765522, 0.061392], 
              [0.132389, 0.197049, 0.593822, 0.0767401], 
              [0.12099, 0.38, 0.427624, 0.0713861], 
              [0.110693, 0.60099, 0.18703, 0.101287]
            ]
          }, {
            "db": 0,
            "id": "filter108",
            "len": 14,
            "nsites": 14,
            "evalue": "1.0e+000",
            "pwm": [
              [0.166877, 0.0774251, 0.25067, 0.505028], 
              [0.222397, 0.145745, 0.551645, 0.0802128], 
              [0.169674, 0.364383, 0.236199, 0.229745], 
              [0.0208369, 0.67834, 0.298355, 0.00246809], 
              [0.0602553, 0.732255, 0.00723404, 0.200255], 
              [0.684099, 0.237887, 0.00822695, 0.0697872], 
              [0.741986, 0.0325532, 0.0383121, 0.187149], 
              [0.232922, 0.10722, 0.101262, 0.558596], 
              [0.234213, 0.11417, 0.314142, 0.337475], 
              [0.193523, 0.0437773, 0.445945, 0.316755], 
              [0.0938248, 0.0947185, 0.636404, 0.175053], 
              [0.281348, 0.134412, 0.460252, 0.123988], 
              [0.160539, 0.28217, 0.372128, 0.185163], 
              [0.168664, 0.401279, 0.219397, 0.21066]
            ]
          }, {
            "db": 0,
            "id": "filter109",
            "len": 15,
            "nsites": 15,
            "evalue": "1.0e+000",
            "pwm": [
              [0.206411, 0.426864, 0.213564, 0.153161], 
              [0.243046, 0.203609, 0.190695, 0.362649], 
              [0.251366, 0.0957191, 0.485581, 0.167334], 
              [0.0135762, 0.878709, 0.0429801, 0.0647351], 
              [0.258915, 0.0896601, 0.445552, 0.205874], 
              [0.203013, 0.140132, 0.168046, 0.488808], 
              [0.765937, 0.00374193, 0.216247, 0.0140741], 
              [0.338411, 0.394735, 0.0689073, 0.197947], 
              [0.139934, 0.246623, 0.0412914, 0.572152], 
              [0.180364, 0.0730795, 0.530728, 0.215828], 
              [0.270464, 0.158013, 0.329172, 0.242351], 
              [0.0639404, 0.0715894, 0.231325, 0.633146], 
              [0.0441679, 0.317121, 0.112704, 0.526007], 
              [0.107649, 0.628377, 0.141623, 0.122351], 
              [0.176589, 0.477086, 0.229636, 0.116689]
            ]
          }, {
            "db": 0,
            "id": "filter11",
            "len": 11,
            "nsites": 11,
            "evalue": "1.0e+000",
            "pwm": [
              [0.115412, 0.135527, 0.440623, 0.308438], 
              [0.188478, 0.00909077, 0.424754, 0.377677], 
              [0.149003, 0.532479, 0.170109, 0.148409], 
              [0.223518, 0.00245043, 0.635234, 0.138797], 
              [0.0207838, 0.134649, 0.211847, 0.632721], 
              [0.939438, 0.00304497, 0.0491214, 0.00839578], 
              [0.173414, 0.629612, 0.057456, 0.139518], 
              [0.104225, 0.361685, 0.016027, 0.518063], 
              [0.430714, 0.280891, 0.0822172, 0.206178], 
              [0.263378, 0.33027, 0.0300991, 0.376252], 
              [0.200173, 0.406221, 0.171729, 0.221878]
            ]
          }, {
            "db": 0,
            "id": "filter110",
            "len": 17,
            "nsites": 17,
            "evalue": "1.0e+000",
            "pwm": [
              [0.412444, 0.153766, 0.232801, 0.200988], 
              [0.0407349, 0.332846, 0.123059, 0.50336], 
              [0.166209, 0.0587309, 0.228052, 0.547008], 
              [0.351503, 0.0853684, 0.53383, 0.0292982], 
              [0.563102, 0.0590176, 0.365782, 0.0120984], 
              [0.11569, 0.286784, 0.441971, 0.155556], 
              [0.0035495, 0.841238, 0.0227347, 0.132478], 
              [0.614655, 0.0731404, 0.131398, 0.180807], 
              [0.336525, 0.0577366, 0.297053, 0.308686], 
              [0.446887, 0.260166, 0.0476947, 0.245252], 
              [0.132889, 0.39117, 0.0835789, 0.392363], 
              [0.484273, 0.205143, 0.0113031, 0.29928], 
              [0.319789, 0.15824, 0.157444, 0.364526], 
              [0.137177, 0.0399395, 0.760672, 0.0622108], 
              [0.0980936, 0.126327, 0.498836, 0.276743], 
              [0.15148, 0.328538, 0.143526, 0.376456], 
              [0.199179, 0.52155, 0.128601, 0.150669]
            ]
          }, {
            "db": 0,
            "id": "filter111",
            "len": 14,
            "nsites": 14,
            "evalue": "1.0e+000",
            "pwm": [
              [0.292128, 0.410495, 0.127984, 0.169393], 
              [0.200752, 0.195489, 0.152496, 0.451262], 
              [0.145844, 0.426241, 0.0895461, 0.338369], 
              [0.199342, 0.638064, 0.0227213, 0.139873], 
              [0.0469504, 0.829461, 0.0481418, 0.0754468], 
              [0.208575, 0.35144, 0.264669, 0.175316], 
              [0.096, 0.0994752, 0.48095, 0.323574], 
              [0.0140851, 0.0267943, 0.683504, 0.275617], 
              [0.401716, 0.00217021, 0.546284, 0.0498298], 
              [0.351674, 0.195986, 0.424652, 0.0276879], 
              [0.140383, 0.174638, 0.0432766, 0.641702], 
              [0.185082, 0.44237, 0.236023, 0.136524], 
              [0.295177, 0.297262, 0.0327518, 0.374809], 
              [0.337574, 0.252979, 0.103447, 0.306]
            ]
          }, {
            "db": 0,
            "id": "filter112",
            "len": 12,
            "nsites": 12,
            "evalue": "1.0e+000",
            "pwm": [
              [0.30279, 0.181886, 0.343356, 0.171967], 
              [0.178397, 0.481769, 0.221438, 0.118397], 
              [0.15461, 0.220567, 0.470311, 0.154511], 
              [0.0913312, 0.0786358, 0.749909, 0.0801235], 
              [0.0715868, 0.542364, 0.285603, 0.100446], 
              [0.112942, 0.290959, 0.329835, 0.266264], 
              [0.109879, 0.597068, 0.252306, 0.0407477], 
              [0.00206612, 0.00504102, 0.0499622, 0.942931], 
              [0.73962, 0.116512, 0.139917, 0.00395041], 
              [0.0397558, 0.346629, 0.375492, 0.238123], 
              [0.294301, 0.194444, 0.137623, 0.373632], 
              [0.363851, 0.249504, 0.118, 0.268645]
            ]
          }, {
            "db": 0,
            "id": "filter113",
            "len": 13,
            "nsites": 13,
            "evalue": "1.0e+000",
            "pwm": [
              [0.315298, 0.249901, 0.206038, 0.228763], 
              [0.330878, 0.149573, 0.259924, 0.259626], 
              [0.280537, 0.18776, 0.148962, 0.382741], 
              [0.00419061, 0.010045, 0.347217, 0.638547], 
              [0.549595, 0.42942, 0.0190763, 0.0019084], 
              [0.501168, 0.134687, 0.354794, 0.00935115], 
              [0.0133206, 0.427733, 0.526473, 0.0324733], 
              [0.0328702, 0.168328, 0.427534, 0.371267], 
              [0.0019084, 0.0019084, 0.339214, 0.656969], 
              [0.60487, 0.265679, 0.0019084, 0.127542], 
              [0.574603, 0.196313, 0.133794, 0.0952901], 
              [0.249132, 0.260446, 0.216579, 0.273844], 
              [0.306069, 0.216756, 0.249107, 0.228069]
            ]
          }, {
            "db": 0,
            "id": "filter114",
            "len": 13,
            "nsites": 13,
            "evalue": "1.0e+000",
            "pwm": [
              [0.231641, 0.0562901, 0.237198, 0.47487], 
              [0.157825, 0.303122, 0.299549, 0.239505], 
              [0.296373, 0.0837868, 0.405941, 0.213899], 
              [0.186209, 0.193355, 0.609099, 0.0113368], 
              [0.188275, 0.322145, 0.104718, 0.384863], 
              [0.0019084, 0.845519, 0.146099, 0.00647328], 
              [0.601397, 0.255855, 0.031084, 0.111664], 
              [0.49174, 0.104321, 0.077229, 0.32671], 
              [0.0258244, 0.182618, 0.00210687, 0.78945], 
              [0.0802139, 0.180949, 0.6748, 0.0640367], 
              [0.390679, 0.0736493, 0.443765, 0.091907], 
              [0.109183, 0.530939, 0.119603, 0.240275], 
              [0.0527176, 0.329885, 0.218443, 0.398954]
            ]
          }, {
            "db": 0,
            "id": "filter115",
            "len": 11,
            "nsites": 11,
            "evalue": "1.0e+000",
            "pwm": [
              [0.247102, 0.224113, 0.372747, 0.156039], 
              [0.328982, 0.456622, 0.179342, 0.0350541], 
              [0.0285135, 0.556216, 0.194703, 0.220568], 
              [0.603982, 0.333243, 0.0605225, 0.00225225], 
              [0.0437748, 0.205604, 0.0258378, 0.724784], 
              [0.0223674, 0.762762, 0.0587331, 0.156138], 
              [0.706153, 0.00463063, 0.251189, 0.038027], 
              [0.00294595, 0.171613, 0.244649, 0.580793], 
              [0.109764, 0.20053, 0.411689, 0.278017], 
              [0.110865, 0.205703, 0.306387, 0.377045], 
              [0.233725, 0.221933, 0.2582, 0.286143]
            ]
          }, {
            "db": 0,
            "id": "filter116",
            "len": 12,
            "nsites": 12,
            "evalue": "1.0e+000",
            "pwm": [
              [0.0871655, 0.256273, 0.122772, 0.533789], 
              [0.213979, 0.33952, 0.194146, 0.252355], 
              [0.168595, 0.597663, 0.157387, 0.0763545], 
              [0.456479, 0.495058, 0.0461983, 0.00226446], 
              [0.432238, 0.0158499, 0.533881, 0.0180315], 
              [0.063157, 0.52481, 0.365835, 0.0461983], 
              [0.0229896, 0.321274, 0.226077, 0.42966], 
              [0.00236364, 0.232942, 0.121868, 0.642826], 
              [0.0306281, 0.300975, 0.0047438, 0.663653], 
              [0.257662, 0.322528, 0.0870664, 0.332744], 
              [0.441008, 0.154099, 0.139025, 0.265868], 
              [0.237207, 0.228281, 0.25357, 0.280942]
            ]
          }, {
            "db": 0,
            "id": "filter117",
            "len": 9,
            "nsites": 9,
            "evalue": "1.0e+000",
            "pwm": [
              [0.10422, 0.359879, 0.498934, 0.036967], 
              [0.344515, 0.217737, 0.0530829, 0.384665], 
              [0.00521978, 0.477571, 0.21044, 0.306769], 
              [0.121021, 0.0153064, 0.157413, 0.706259], 
              [0.0256923, 0.270769, 0.00274725, 0.700791], 
              [0.56021, 0.00274725, 0.42213, 0.0149133], 
              [0.349396, 0.173154, 0.0299451, 0.447505], 
              [0.194497, 0.281423, 0.235339, 0.288741], 
              [0.0750512, 0.285039, 0.20957, 0.430339]
            ]
          }, {
            "db": 0,
            "id": "filter118",
            "len": 16,
            "nsites": 16,
            "evalue": "1.0e+000",
            "pwm": [
              [0.34113, 0.373329, 0.180634, 0.104907], 
              [0.315459, 0.383825, 0.134409, 0.166307], 
              [0.545453, 0.208658, 0.158472, 0.0874161], 
              [0.119305, 0.074589, 0.0920779, 0.714028], 
              [0.272785, 0.00811246, 0.359353, 0.35975], 
              [0.274248, 0.0190435, 0.0497516, 0.656957], 
              [0.335665, 0.404435, 0.25328, 0.00662112], 
              [0.0446789, 0.169784, 0.00234775, 0.783189], 
              [0.113851, 0.618497, 0.236981, 0.0306708], 
              [0.655366, 0.00195031, 0.340335, 0.00234783], 
              [0.0015528, 0.126261, 0.461929, 0.410257], 
              [0.506994, 0.387342, 0.0404099, 0.0652547], 
              [0.90441, 0.0178509, 0.00662112, 0.071118], 
              [0.371441, 0.164335, 0.219491, 0.244733], 
              [0.282795, 0.186099, 0.25954, 0.271565], 
              [0.242447, 0.219491, 0.194248, 0.343814]
            ]
          }, {
            "db": 0,
            "id": "filter119",
            "len": 13,
            "nsites": 13,
            "evalue": "1.0e+000",
            "pwm": [
              [0.160588, 0.403321, 0.193336, 0.242756], 
              [0.180237, 0.309443, 0.272626, 0.237695], 
              [0.163664, 0.160389, 0.209611, 0.466336], 
              [0.0238397, 0.413244, 0.00349618, 0.55942], 
              [0.0855649, 0.113947, 0.138954, 0.661534], 
              [0.23571, 0.434183, 0.0141145, 0.315992], 
              [0.172281, 0.549144, 0.271011, 0.00756432], 
              [0.0319771, 0.56974, 0.312221, 0.0860611], 
              [0.0588702, 0.0179847, 0.869237, 0.0539084], 
              [0.00528244, 0.0490458, 0.586511, 0.35916], 
              [0.498637, 0.1057, 0.312885, 0.0827782], 
              [0.451748, 0.324626, 0.0494427, 0.174183], 
              [0.536794, 0.106008, 0.287908, 0.0692901]
            ]
          }, {
            "db": 0,
            "id": "filter12",
            "len": 17,
            "nsites": 17,
            "evalue": "1.0e+000",
            "pwm": [
              [0.250895, 0.257953, 0.249304, 0.241848], 
              [0.142532, 0.291158, 0.29762, 0.26869], 
              [0.104466, 0.641561, 0.145231, 0.108742], 
              [0.0518655, 0.141538, 0.191345, 0.615251], 
              [0.388287, 0.455392, 0.0449064, 0.111415], 
              [0.170468, 0.438193, 0.0948129, 0.296526], 
              [0.157559, 0.172076, 0.28204, 0.388325], 
              [0.251491, 0.15486, 0.0878538, 0.505795], 
              [0.210155, 0.600797, 0.00195911, 0.187089], 
              [0.0106073, 0.0106073, 0.0417211, 0.937064], 
              [0.645772, 0.0320819, 0.319591, 0.00255556], 
              [0.0594211, 0.00305263, 0.899082, 0.0384444], 
              [0.143612, 0.270254, 0.522942, 0.0631927], 
              [0.202678, 0.0475906, 0.623304, 0.126427], 
              [0.322871, 0.360947, 0.130205, 0.185977], 
              [0.182795, 0.232702, 0.290064, 0.294439], 
              [0.217094, 0.473585, 0.0428187, 0.266503]
            ]
          }, {
            "db": 0,
            "id": "filter120",
            "len": 14,
            "nsites": 14,
            "evalue": "1.0e+000",
            "pwm": [
              [0.190823, 0.232326, 0.395163, 0.181688], 
              [0.221206, 0.201745, 0.341546, 0.235504], 
              [0.0955035, 0.208, 0.32844, 0.368057], 
              [0.0311631, 0.746057, 0.137801, 0.0849787], 
              [0.00733333, 0.705149, 0.123901, 0.163617], 
              [0.320596, 0.197177, 0.212468, 0.269759], 
              [0.0877589, 0.339858, 0.453943, 0.11844], 
              [0.0648227, 0.102255, 0.83105, 0.00187234], 
              [0.438057, 0.0383121, 0.227262, 0.296369], 
              [0.336184, 0.330326, 0.331716, 0.00177305], 
              [0.0726667, 0.218525, 0.615291, 0.0935177], 
              [0.0702837, 0.326851, 0.228553, 0.374312], 
              [0.281574, 0.450369, 0.0731631, 0.194894], 
              [0.207007, 0.456128, 0.191518, 0.145348]
            ]
          }, {
            "db": 0,
            "id": "filter121",
            "len": 12,
            "nsites": 12,
            "evalue": "1.0e+000",
            "pwm": [
              [0.180362, 0.249579, 0.315622, 0.254438], 
              [0.326661, 0.177901, 0.293041, 0.202397], 
              [0.42286, 0.205372, 0.0864628, 0.285306], 
              [0.115025, 0.00206612, 0.348281, 0.534628], 
              [0.49843, 0.181769, 0.317736, 0.00206612], 
              [0.00970248, 0.236116, 0.700446, 0.0537355], 
              [0.608909, 0.36038, 0.0173388, 0.0133719], 
              [0.119785, 0.447058, 0.0817025, 0.351455], 
              [0.00573554, 0.277868, 0.645702, 0.0706942], 
              [0.0491736, 0.142793, 0.431686, 0.376347], 
              [0.0451074, 0.361471, 0.169967, 0.423455], 
              [0.331124, 0.230463, 0.216876, 0.221537]
            ]
          }, {
            "db": 0,
            "id": "filter122",
            "len": 11,
            "nsites": 11,
            "evalue": "1.0e+000",
            "pwm": [
              [0.17409, 0.192126, 0.336117, 0.297667], 
              [0.386421, 0.146427, 0.286242, 0.18091], 
              [0.15209, 0.448495, 0.119288, 0.280126], 
              [0.0244527, 0.813757, 0.148339, 0.0134516], 
              [0.826476, 0.129384, 0.00393677, 0.0402034], 
              [0.173198, 0.22255, 0.00225225, 0.602], 
              [0.738063, 0.0123604, 0.199559, 0.050018], 
              [0.0558649, 0.0474414, 0.0113694, 0.885324], 
              [0.0186036, 0.125432, 0.478423, 0.377541], 
              [0.183405, 0.206892, 0.402811, 0.206892], 
              [0.18719, 0.268657, 0.205723, 0.33843]
            ]
          }, {
            "db": 0,
            "id": "filter123",
            "len": 10,
            "nsites": 10,
            "evalue": "1.0e+000",
            "pwm": [
              [0.254752, 0.153267, 0.225446, 0.366535], 
              [0.0284158, 0.359109, 0.433069, 0.179406], 
              [0.0110882, 0.405999, 0.304623, 0.278289], 
              [0.532277, 0.00247525, 0.171188, 0.294059], 
              [0.397584, 0.0278192, 0.213345, 0.361251], 
              [0.239901, 0.00524752, 0.0815842, 0.673267], 
              [0.0473267, 0.720792, 0.217921, 0.0139604], 
              [0.211365, 0.207999, 0.312939, 0.267696], 
              [0.302079, 0.374455, 0.00881188, 0.314653], 
              [0.364122, 0.366498, 0.0927632, 0.176616]
            ]
          }, {
            "db": 0,
            "id": "filter124",
            "len": 13,
            "nsites": 13,
            "evalue": "1.0e+000",
            "pwm": [
              [0.306794, 0.261041, 0.259751, 0.172414], 
              [0.204748, 0.344374, 0.281359, 0.169519], 
              [0.126934, 0.380458, 0.214154, 0.278453], 
              [0.689023, 0.0586718, 0.187878, 0.0644275], 
              [0.192542, 0.0359466, 0.266473, 0.505038], 
              [0.121489, 0.396275, 0.0318779, 0.450359], 
              [0.43845, 0.00835878, 0.294359, 0.258832], 
              [0.0510305, 0.692298, 0.00558015, 0.251092], 
              [0.159381, 0.0465604, 0.650653, 0.143406], 
              [0.932643, 0.035553, 0.0205668, 0.0112376], 
              [0.12774, 0.597527, 0.0574809, 0.217252], 
              [0.224298, 0.261313, 0.372756, 0.141634], 
              [0.114542, 0.352908, 0.31758, 0.214969]
            ]
          }, {
            "db": 0,
            "id": "filter125",
            "len": 12,
            "nsites": 12,
            "evalue": "1.0e+000",
            "pwm": [
              [0.268942, 0.22838, 0.299587, 0.203091], 
              [0.33119, 0.277344, 0.358956, 0.0325094], 
              [0.256744, 0.106595, 0.163322, 0.473339], 
              [0.0313194, 0.0779263, 0.136829, 0.753925], 
              [0.0758512, 0.282231, 0.577769, 0.0641488], 
              [0.00226448, 0.731362, 0.0100008, 0.256373], 
              [0.28838, 0.0651405, 0.489901, 0.156579], 
              [0.0206116, 0.843455, 0.103223, 0.0327107], 
              [0.751347, 0.0727698, 0.107874, 0.0680099], 
              [0.302264, 0.378628, 0.265769, 0.0533388], 
              [0.19008, 0.253148, 0.409629, 0.147143], 
              [0.140017, 0.380413, 0.251785, 0.227785]
            ]
          }, {
            "db": 0,
            "id": "filter126",
            "len": 12,
            "nsites": 12,
            "evalue": "1.0e+000",
            "pwm": [
              [0.420678, 0.0418347, 0.25486, 0.282628], 
              [0.098354, 0.128698, 0.328711, 0.444237], 
              [0.384777, 0.24643, 0.256843, 0.11195], 
              [0.00236364, 0.848314, 0.144083, 0.00523967], 
              [0.223421, 0.00345455, 0.751223, 0.0219008], 
              [0.169372, 0.604545, 0.00246281, 0.22362], 
              [0.311686, 0.101636, 0.352248, 0.23443], 
              [0.637273, 0.035686, 0.108579, 0.218463], 
              [0.014562, 0.0613719, 0.310298, 0.613769], 
              [0.395488, 0.393504, 0.115124, 0.0958843], 
              [0.382198, 0.216281, 0.136149, 0.265372], 
              [0.240182, 0.301174, 0.144182, 0.314463]
            ]
          }, {
            "db": 0,
            "id": "filter127",
            "len": 11,
            "nsites": 11,
            "evalue": "1.0e+000",
            "pwm": [
              [0.295685, 0.195991, 0.234144, 0.27418], 
              [0.197775, 0.260207, 0.187766, 0.354252], 
              [0.245937, 0.270414, 0.147333, 0.336315], 
              [0.735784, 0.085991, 0.160315, 0.0179099], 
              [0.0456577, 0.0127568, 0.00344144, 0.938144], 
              [0.278441, 0.353757, 0.00354054, 0.364261], 
              [0.125036, 0.0269279, 0.663937, 0.184099], 
              [0.625586, 0.101252, 0.231171, 0.041991], 
              [0.251586, 0.298955, 0.114631, 0.334829], 
              [0.283198, 0.269423, 0.315802, 0.131577], 
              [0.247151, 0.246754, 0.137239, 0.368856]
            ]
          }, {
            "db": 0,
            "id": "filter13",
            "len": 10,
            "nsites": 10,
            "evalue": "1.0e+000",
            "pwm": [
              [0.243093, 0.161798, 0.37479, 0.220319], 
              [0.119505, 0.0950495, 0.272178, 0.513267], 
              [0.0605009, 0.208337, 0.354293, 0.376869], 
              [0.301386, 0.659802, 0.0361386, 0.00267327], 
              [0.563366, 0.0356436, 0.0458416, 0.355149], 
              [0.0110891, 0.228317, 0.743168, 0.0174257], 
              [0.380198, 0.00455446, 0.611881, 0.00336634], 
              [0.00267325, 0.233739, 0.295416, 0.468171], 
              [0.181782, 0.135743, 0.235842, 0.446634], 
              [0.371349, 0.362934, 0.0245522, 0.241164]
            ]
          }, {
            "db": 0,
            "id": "filter14",
            "len": 12,
            "nsites": 12,
            "evalue": "1.0e+000",
            "pwm": [
              [0.388248, 0.260711, 0.348083, 0.00295868], 
              [0.116017, 0.251686, 0.132678, 0.49962], 
              [0.234727, 0.0487769, 0.201802, 0.514694], 
              [0.314562, 0.00206612, 0.547421, 0.13595], 
              [0.044314, 0.695289, 0.149339, 0.111058], 
              [0.333405, 0.00365289, 0.551388, 0.111554], 
              [0.0606777, 0.129107, 0.00206612, 0.808149], 
              [0.550793, 0.444777, 0.00206612, 0.00236364], 
              [0.27519, 0.0925124, 0.624777, 0.00752066], 
              [0.120777, 0.230463, 0.401736, 0.247025], 
              [0.174628, 0.361174, 0.28719, 0.177008], 
              [0.220545, 0.249603, 0.205967, 0.323884]
            ]
          }, {
            "db": 0,
            "id": "filter15",
            "len": 11,
            "nsites": 11,
            "evalue": "1.0e+000",
            "pwm": [
              [0.435514, 0.10591, 0.24445, 0.214126], 
              [0.481841, 0.147843, 0.231392, 0.138924], 
              [0.253791, 0.192839, 0.136644, 0.416726], 
              [0.507409, 0.454793, 0.0200883, 0.0177102], 
              [0.00225225, 0.0590304, 0.0648766, 0.873841], 
              [0.680982, 0.271207, 0.0384234, 0.00938739], 
              [0.00948576, 0.08083, 0.832719, 0.0769655], 
              [0.671964, 0.154468, 0.0420901, 0.131477], 
              [0.0780631, 0.251586, 0.465243, 0.205108], 
              [0.133856, 0.376252, 0.206892, 0.283], 
              [0.273856, 0.221438, 0.262361, 0.242345]
            ]
          }, {
            "db": 0,
            "id": "filter16",
            "len": 13,
            "nsites": 13,
            "evalue": "1.0e+000",
            "pwm": [
              [0.184107, 0.235809, 0.241664, 0.33842], 
              [0.185893, 0.147092, 0.323634, 0.343382], 
              [0.106305, 0.341496, 0.218244, 0.333954], 
              [0.20713, 0.0019084, 0.19284, 0.598122], 
              [0.263099, 0.315298, 0.372954, 0.0486489], 
              [0.934435, 0.0019084, 0.0350534, 0.0286031], 
              [0.236778, 0.307626, 0.302665, 0.152931], 
              [0.0112366, 0.233725, 0.0423969, 0.712641], 
              [0.00200764, 0.481369, 0.155939, 0.360685], 
              [0.330812, 0.195241, 0.0019084, 0.472039], 
              [0.0455725, 0.220527, 0.438252, 0.295649], 
              [0.216678, 0.39691, 0.159909, 0.226503], 
              [0.265878, 0.196115, 0.354992, 0.183015]
            ]
          }, {
            "db": 0,
            "id": "filter17",
            "len": 10,
            "nsites": 10,
            "evalue": "1.0e+000",
            "pwm": [
              [0.416493, 0.33561, 0.245421, 0.00247525], 
              [0.195624, 0.264231, 0.185229, 0.354915], 
              [0.165957, 0.464601, 0.323101, 0.046341], 
              [0.00465347, 0.287921, 0.696634, 0.0107921], 
              [0.00326725, 0.0120782, 0.962676, 0.0219782], 
              [0.315378, 0.308644, 0.168036, 0.207941], 
              [0.55802, 0.0689109, 0.346832, 0.0262376], 
              [0.213762, 0.139109, 0.349604, 0.297525], 
              [0.209505, 0.283069, 0.297525, 0.209901], 
              [0.154059, 0.253267, 0.347426, 0.245248]
            ]
          }, {
            "db": 0,
            "id": "filter18",
            "len": 18,
            "nsites": 18,
            "evalue": "1.0e+000",
            "pwm": [
              [0.290305, 0.215115, 0.295377, 0.199202], 
              [0.198088, 0.20863, 0.399867, 0.193414], 
              [0.0884972, 0.349249, 0.416575, 0.14568], 
              [0.0411602, 0.0429503, 0.268994, 0.646895], 
              [0.041558, 0.0523978, 0.428807, 0.477238], 
              [0.332243, 0.599856, 0.0495138, 0.0183867], 
              [0.0307182, 0.786122, 0.054884, 0.128276], 
              [0.134144, 0.385746, 0.329061, 0.15105], 
              [0.35432, 0.0296243, 0.604232, 0.0118232], 
              [0.0270387, 0.0697017, 0.50011, 0.403149], 
              [0.848674, 0.0986409, 0.0205746, 0.0321105], 
              [0.589414, 0.0606519, 0.049116, 0.300818], 
              [0.495685, 0.253455, 0.125778, 0.125082], 
              [0.156917, 0.240751, 0.087105, 0.515227], 
              [0.0913812, 0.153238, 0.547845, 0.207536], 
              [0.0635421, 0.125405, 0.709518, 0.101535], 
              [0.0700994, 0.262829, 0.35253, 0.314541], 
              [0.28269, 0.410368, 0.157995, 0.148947]
            ]
          }, {
            "db": 0,
            "id": "filter19",
            "len": 13,
            "nsites": 13,
            "evalue": "1.0e+000",
            "pwm": [
              [0.178153, 0.128634, 0.439939, 0.253275], 
              [0.209412, 0.288206, 0.28642, 0.215962], 
              [0.176267, 0.16942, 0.571031, 0.0832824], 
              [0.0724656, 0.570832, 0.354794, 0.0019084], 
              [0.0918168, 0.375534, 0.0856641, 0.446985], 
              [0.43984, 0.00518321, 0.488366, 0.0666107], 
              [0.724153, 0.00359542, 0.149275, 0.122977], 
              [0.101244, 0.0216565, 0.378412, 0.498687], 
              [0.0975725, 0.245237, 0.0265191, 0.630672], 
              [0.00954962, 0.704802, 0.176069, 0.10958], 
              [0.238961, 0.260692, 0.318342, 0.182005], 
              [0.155908, 0.262379, 0.366666, 0.215047], 
              [0.212389, 0.337527, 0.183313, 0.266771]
            ]
          }, {
            "db": 0,
            "id": "filter2",
            "len": 13,
            "nsites": 13,
            "evalue": "1.0e+000",
            "pwm": [
              [0.25774, 0.261214, 0.234023, 0.247023], 
              [0.178334, 0.239854, 0.246502, 0.33531], 
              [0.151557, 0.582344, 0.146893, 0.119206], 
              [0.103229, 0.170908, 0.088542, 0.637321], 
