<!DOCTYPE HTML>
<html>
  <head>
    <meta charset="UTF-8">
    <title>Tomtom Results</title>
    <script>
      // @JSON_VAR data
      var data = {
        "program": "Tomtom",
        "version": "5.3.3",
        "release": "Sun Feb 7 15:39:52 2021 -0800",
        "cmd": [
          "tomtom", "-evalue", "-thresh", "0.1", "-o",
          "results/filters/model-064/trial-5",
          "motifs/filters/model-064/trial-5.txt", "./motif_database.txt"
        ],
        "options": {
          "strands": "both",
          "distance_measure": "ed",
          "threshold_type": "evalue",
          "threshold_value": 0.1,
          "background_source": "--query--"
        },
        "alphabet": {
          "name": "DNA",
          "like": "dna",
          "ncore": 4,
          "symbols": [
            {
              "symbol": "A",
              "name": "Adenine",
              "colour": "CC0000",
              "complement": "T"
            }, {
              "symbol": "C",
              "name": "Cytosine",
              "colour": "0000CC",
              "complement": "G"
            }, {
              "symbol": "G",
              "name": "Guanine",
              "colour": "FFB300",
              "complement": "C"
            }, {
              "symbol": "T",
              "aliases": "U",
              "name": "Thymine",
              "colour": "008000",
              "complement": "A"
            }, {
              "symbol": "N",
              "aliases": "X.",
              "name": "Any base",
              "equals": "ACGT"
            }, {
              "symbol": "V",
              "name": "Not T",
              "equals": "ACG"
            }, {
              "symbol": "H",
              "name": "Not G",
              "equals": "ACT"
            }, {
              "symbol": "D",
              "name": "Not C",
              "equals": "AGT"
            }, {
              "symbol": "B",
              "name": "Not A",
              "equals": "CGT"
            }, {
              "symbol": "M",
              "name": "Amino",
              "equals": "AC"
            }, {
              "symbol": "R",
              "name": "Purine",
              "equals": "AG"
            }, {
              "symbol": "W",
              "name": "Weak",
              "equals": "AT"
            }, {
              "symbol": "S",
              "name": "Strong",
              "equals": "CG"
            }, {
              "symbol": "Y",
              "name": "Pyrimidine",
              "equals": "CT"
            }, {
              "symbol": "K",
              "name": "Keto",
              "equals": "GT"
            }
          ]
        },
        "background": [0.25, 0.25, 0.25, 0.25],
        "query_dbs": [
          {
            "source": "motifs/filters/model-064/trial-5.txt",
            "name": "trial-5.txt",
            "loaded": 64,
            "excluded": 0,
            "last_modified": "Mon Mar 29 21:35:46 2021"
          }
        ],
        "target_dbs": [
          {
            "source": "./motif_database.txt",
            "name": "motif_database.txt",
            "loaded": 1964,
            "excluded": 0,
            "last_modified": "Mon Mar 29 09:53:08 2021"
          }
        ],
        "queries": [
          {
            "db": 0,
            "id": "filter0",
            "len": 14,
            "nsites": 14,
            "evalue": "1.0e+000",
            "pwm": [
              [0.253574, 0.0690922, 0.414823, 0.262511], 
              [0.216837, 0.308284, 0.164113, 0.310766], 
              [0.196502, 0.256877, 0.1257, 0.420921], 
              [0.0701844, 0.0379149, 0.53566, 0.356241], 
              [0.0316626, 0.510888, 0.0925339, 0.364916], 
              [0.290014, 0.688865, 0.0193475, 0.00177305], 
              [0.63273, 0.198587, 0.16691, 0.00177305], 
              [0.0749577, 0.189253, 0.311393, 0.424397], 
              [0.285943, 0.447688, 0.0839858, 0.182383], 
              [0.00197163, 0.541716, 0.0324539, 0.423858], 
              [0.00902128, 0.107319, 0.545489, 0.33817], 
              [0.12508, 0.353426, 0.490632, 0.0308623], 
              [0.380208, 0.477225, 0.0357339, 0.106833], 
              [0.301234, 0.154085, 0.288922, 0.255759]
            ]
          }, {
            "db": 0,
            "id": "filter1",
            "len": 11,
            "nsites": 11,
            "evalue": "1.0e+000",
            "pwm": [
              [0.166261, 0.238108, 0.198171, 0.397459], 
              [0.129099, 0.11255, 0.41282, 0.345532], 
              [0.297241, 0.122249, 0.494924, 0.0855863], 
              [0.511423, 0.00235135, 0.216306, 0.269919], 
              [0.03, 0.31164, 0.63718, 0.0211802], 
              [0.0633903, 0.260677, 0.620668, 0.055265], 
              [0.343847, 0.0790541, 0.0083964, 0.568703], 
              [0.136149, 0.756571, 0.0591408, 0.0481397], 
              [0.0437706, 0.193197, 0.303186, 0.459846], 
              [0.247324, 0.152586, 0.459595, 0.140495], 
              [0.375299, 0.164097, 0.347449, 0.113155]
            ]
          }, {
            "db": 0,
            "id": "filter10",
            "len": 14,
            "nsites": 14,
            "evalue": "1.0e+000",
            "pwm": [
              [0.224582, 0.186553, 0.418695, 0.17017], 
              [0.443463, 0.114579, 0.1825, 0.259458], 
              [0.212787, 0.235626, 0.276141, 0.275446], 
              [0.0105106, 0.0153759, 0.695816, 0.278298], 
              [0.230936, 0.0481418, 0.336879, 0.384043], 
              [0.369149, 0.00197163, 0.19261, 0.43627], 
              [0.396851, 0.468539, 0.0653191, 0.0692908], 
              [0.653518, 0.00584397, 0.058766, 0.281872], 
              [0.0172624, 0.61678, 0.0207376, 0.34522], 
              [0.377825, 0.0947185, 0.2393, 0.288156], 
              [0.130838, 0.582864, 0.0030637, 0.283234], 
              [0.461734, 0.146156, 0.275843, 0.116267], 
              [0.201447, 0.27939, 0.192213, 0.32695], 
              [0.245953, 0.291731, 0.218447, 0.243868]
            ]
          }, {
            "db": 0,
            "id": "filter11",
            "len": 13,
            "nsites": 13,
            "evalue": "1.0e+000",
            "pwm": [
              [0.243847, 0.153244, 0.327504, 0.275405], 
              [0.301176, 0.389389, 0.0938916, 0.215544], 
              [0.162672, 0.152252, 0.222511, 0.462565], 
              [0.676519, 0.0685954, 0.108588, 0.146298], 
              [0.0916273, 0.0764426, 0.757671, 0.0742591], 
              [0.141137, 0.512977, 0.215664, 0.130221], 
              [0.474076, 0.0109389, 0.0019084, 0.513076], 
              [0.277092, 0.635832, 0.00766412, 0.0794122], 
              [0.029, 0.0974733, 0.264191, 0.609336], 
              [0.628985, 0.0192748, 0.0059771, 0.345763], 
              [0.0481527, 0.225389, 0.58016, 0.146298], 
              [0.268431, 0.521063, 0.0751377, 0.135368], 
              [0.104321, 0.23958, 0.182618, 0.473481]
            ]
          }, {
            "db": 0,
            "id": "filter12",
            "len": 12,
            "nsites": 12,
            "evalue": "1.0e+000",
            "pwm": [
              [0.319421, 0.345504, 0.206463, 0.128612], 
              [0.261233, 0.391758, 0.247248, 0.0997618], 
              [0.203983, 0.017438, 0.526793, 0.251785], 
              [0.0712893, 0.593041, 0.266364, 0.0693058], 
              [0.434066, 0.285702, 0.265471, 0.0147603], 
              [0.868545, 0.00226446, 0.109273, 0.0199174], 
              [0.0269612, 0.157784, 0.0488807, 0.766374], 
              [0.00583471, 0.504876, 0.28362, 0.205669], 
              [0.672214, 0.0609693, 0.203864, 0.0629526], 
              [0.098562, 0.504876, 0.031719, 0.364843], 
              [0.257339, 0.203091, 0.231157, 0.308413], 
              [0.186826, 0.218959, 0.391421, 0.202793]
            ]
          }, {
            "db": 0,
            "id": "filter13",
            "len": 11,
            "nsites": 11,
            "evalue": "1.0e+000",
            "pwm": [
              [0.203919, 0.350784, 0.262586, 0.182712], 
              [0.323167, 0.135653, 0.235258, 0.305922], 
              [0.116514, 0.30827, 0.502802, 0.0724144], 
              [0.0293063, 0.886315, 0.00225225, 0.0821261], 
              [0.0588378, 0.764225, 0.00334234, 0.173595], 
              [0.33909, 0.00225225, 0.289838, 0.36882], 
              [0.321054, 0.00225225, 0.635198, 0.0414955], 
              [0.00383768, 0.668627, 0.124033, 0.203502], 
              [0.36, 0.180333, 0.0991712, 0.360495], 
              [0.182315, 0.214423, 0.298955, 0.304306], 
              [0.348703, 0.0362432, 0.411532, 0.203523]
            ]
          }, {
            "db": 0,
            "id": "filter14",
            "len": 15,
            "nsites": 15,
            "evalue": "1.0e+000",
            "pwm": [
              [0.255762, 0.284172, 0.28, 0.180066], 
              [0.227252, 0.367815, 0.214636, 0.190298], 
              [0.451854, 0.161391, 0.344967, 0.0417881], 
              [0.00582781, 0.0114901, 0.0403974, 0.942285], 
              [0.00165563, 0.00165563, 0.0291722, 0.967517], 
              [0.224868, 0.00165563, 0.598079, 0.175397], 
              [0.281419, 0.51727, 0.0843129, 0.116998], 
              [0.174486, 0.166043, 0.655431, 0.0040395], 
              [0.0348344, 0.353311, 0.00165563, 0.610199], 
              [0.519551, 0.340264, 0.138529, 0.00165563], 
              [0.870762, 0.0507285, 0.0749669, 0.00354305], 
              [0.00165563, 0.396325, 0.132384, 0.469636], 
              [0.226281, 0.351956, 0.244064, 0.1777], 
              [0.256184, 0.212273, 0.304765, 0.226777], 
              [0.23053, 0.238874, 0.292616, 0.23798]
            ]
          }, {
            "db": 0,
            "id": "filter15",
            "len": 14,
            "nsites": 14,
            "evalue": "1.0e+000",
            "pwm": [
              [0.29207, 0.300013, 0.199541, 0.208377], 
              [0.353496, 0.227285, 0.158271, 0.260948], 
              [0.326553, 0.308085, 0.220511, 0.144851], 
              [0.019844, 0.00723404, 0.00306383, 0.969858], 
              [0.00475148, 0.173033, 0.237764, 0.584452], 
              [0.126284, 0.503291, 0.223887, 0.146539], 
              [0.00256738, 0.886553, 0.00177305, 0.109106], 
              [0.223092, 0.00217021, 0.769986, 0.00475177], 
              [0.160837, 0.237787, 0.540326, 0.0610496], 
              [0.526426, 0.207106, 0.236099, 0.0303688], 
              [0.960227, 0.00425532, 0.00931915, 0.0261986], 
              [0.170468, 0.20373, 0.418695, 0.207106], 
              [0.235305, 0.183078, 0.223887, 0.35773], 
              [0.162044, 0.124211, 0.468387, 0.245358]
            ]
          }, {
            "db": 0,
            "id": "filter16",
            "len": 13,
            "nsites": 13,
            "evalue": "1.0e+000",
            "pwm": [
              [0.192641, 0.295351, 0.239084, 0.272924], 
              [0.25258, 0.127046, 0.282649, 0.337725], 
              [0.160191, 0.137962, 0.200282, 0.501565], 
              [0.252282, 0.651809, 0.0766336, 0.0192748], 
              [0.0710763, 0.733183, 0.00309924, 0.192641], 
              [0.133992, 0.0113359, 0.681183, 0.173489], 
              [0.0563893, 0.0240382, 0.917168, 0.00240458], 
              [0.064626, 0.0283053, 0.56845, 0.338618], 
              [0.524489, 0.404809, 0.045771, 0.0249313], 
              [0.465694, 0.0288981, 0.474426, 0.0309818], 
              [0.309474, 0.237123, 0.222434, 0.230969], 
              [0.230847, 0.230351, 0.379405, 0.159397], 
              [0.298031, 0.259626, 0.214374, 0.227969]
            ]
          }, {
            "db": 0,
            "id": "filter17",
            "len": 12,
            "nsites": 12,
            "evalue": "1.0e+000",
            "pwm": [
              [0.407488, 0.0975702, 0.43486, 0.0600826], 
              [0.0872647, 0.160065, 0.353374, 0.399296], 
              [0.0440165, 0.197041, 0.356116, 0.402826], 
              [0.00831405, 0.587983, 0.396876, 0.00682645], 
              [0.415322, 0.423653, 0.00950413, 0.151521], 
              [0.229471, 0.102628, 0.664744, 0.00315702], 
              [0.123355, 0.200711, 0.00216529, 0.673769], 
              [0.504876, 0.323091, 0.0222975, 0.149736], 
              [0.538298, 0.0278512, 0.0144628, 0.419388], 
              [0.0781322, 0.183851, 0.400843, 0.337174], 
              [0.347289, 0.0636529, 0.519355, 0.0697025], 
              [0.245835, 0.228083, 0.234628, 0.291455]
            ]
          }, {
            "db": 0,
            "id": "filter18",
            "len": 12,
            "nsites": 12,
            "evalue": "1.0e+000",
            "pwm": [
              [0.322992, 0.206463, 0.282033, 0.188512], 
              [0.352843, 0.191884, 0.385967, 0.0693058], 
              [0.141702, 0.43605, 0.311785, 0.110463], 
              [0.68425, 0.00494244, 0.108788, 0.20202], 
              [0.395785, 0.242364, 0.267058, 0.0947934], 
              [0.00851175, 0.372541, 0.253644, 0.365303], 
              [0.0452066, 0.606628, 0.346099, 0.00206612], 
              [0.00266122, 0.322528, 0.579909, 0.0949018], 
              [0.934292, 0.0103975, 0.0381689, 0.017142], 
              [0.293636, 0.453802, 0.0778347, 0.174727], 
              [0.0212047, 0.301243, 0.333273, 0.34428], 
              [0.130198, 0.207355, 0.187223, 0.475223]
            ]
          }, {
            "db": 0,
            "id": "filter19",
            "len": 11,
            "nsites": 11,
            "evalue": "1.0e+000",
            "pwm": [
              [0.308964, 0.206595, 0.212342, 0.272099], 
              [0.211946, 0.218288, 0.240883, 0.328883], 
              [0.477084, 0.0135507, 0.255872, 0.253494], 
              [0.736503, 0.0413925, 0.219852, 0.00225225], 
              [0.181126, 0.728153, 0.0884685, 0.00225225], 
              [0.00274775, 0.0676577, 0.234838, 0.694757], 
              [0.00225225, 0.446315, 0.0381261, 0.513306], 
              [0.302721, 0.153973, 0.00254955, 0.540757], 
              [0.0670631, 0.337703, 0.467622, 0.127613], 
              [0.30606, 0.318149, 0.173677, 0.202115], 
              [0.262784, 0.301829, 0.232658, 0.20273]
            ]
          }, {
            "db": 0,
            "id": "filter2",
            "len": 14,
            "nsites": 14,
            "evalue": "1.0e+000",
            "pwm": [
              [0.290014, 0.266482, 0.215248, 0.228255], 
              [0.0264965, 0.587589, 0.159447, 0.226468], 
              [0.0405957, 0.738213, 0.0840851, 0.137106], 
              [0.742879, 0.0188511, 0.198865, 0.0394043], 
              [0.00236879, 0.446496, 0.0100142, 0.541121], 
              [0.304113, 0.0235177, 0.00475177, 0.667617], 
              [0.00475177, 0.0323546, 0.0629362, 0.899957], 
              [0.697603, 0.29061, 0.00356028, 0.00822695], 
              [0.100567, 0.288227, 0.00534752, 0.605858], 
              [0.0659149, 0.00236879, 0.621745, 0.309972], 
              [0.00941844, 0.195887, 0.674667, 0.120028], 
              [0.0470496, 0.165305, 0.289418, 0.498227], 
              [0.0806099, 0.387617, 0.178213, 0.35356], 
              [0.323574, 0.226468, 0.0629362, 0.387021]
            ]
          }, {
            "db": 0,
            "id": "filter20",
            "len": 12,
            "nsites": 12,
            "evalue": "1.0e+000",
            "pwm": [
              [0.260612, 0.278264, 0.310992, 0.150132], 
              [0.264579, 0.249207, 0.28114, 0.205074], 
              [0.066337, 0.177819, 0.540335, 0.215509], 
              [0.00256203, 0.36597, 0.0697092, 0.561758], 
              [0.359523, 0.482709, 0.00434734, 0.15342], 
              [0.281736, 0.677934, 0.034, 0.00633058], 
              [0.104116, 0.753901, 0.0461983, 0.0957851], 
              [0.265967, 0.00206612, 0.590264, 0.141702], 
              [0.00692562, 0.268248, 0.55476, 0.170066], 
              [0.31119, 0.227785, 0.458264, 0.00276033], 
              [0.442298, 0.329636, 0.00464463, 0.223421], 
              [0.382595, 0.346198, 0.18762, 0.0835868]
            ]
          }, {
            "db": 0,
            "id": "filter21",
            "len": 10,
            "nsites": 10,
            "evalue": "1.0e+000",
            "pwm": [
              [0.280099, 0.272376, 0.205446, 0.242079], 
              [0.198614, 0.144752, 0.238515, 0.418119], 
              [0.330132, 0.171403, 0.139915, 0.35855], 
              [0.00326733, 0.334356, 0.659406, 0.0029703], 
              [0.146634, 0.00287129, 0.747525, 0.10297], 
              [0.0784234, 0.809685, 0.0196057, 0.0922862], 
              [0.249604, 0.613267, 0.0924752, 0.0446535], 
              [0.552079, 0.153762, 0.123168, 0.17099], 
              [0.104466, 0.159224, 0.201901, 0.53441], 
              [0.124059, 0.256436, 0.406931, 0.212574]
            ]
          }, {
            "db": 0,
            "id": "filter22",
            "len": 15,
            "nsites": 15,
            "evalue": "1.0e+000",
            "pwm": [
              [0.450563, 0.107252, 0.175099, 0.267086], 
              [0.277219, 0.29649, 0.267086, 0.159205], 
              [0.134272, 0.402086, 0.189106, 0.274536], 
              [0.00920605, 0.165977, 0.171242, 0.653575], 
              [0.131192, 0.132483, 0.422053, 0.314272], 
              [0.773411, 0.223278, 0.00165563, 0.00165563], 
              [0.00284768, 0.326391, 0.148278, 0.522483], 
              [0.231646, 0.334272, 0.0725899, 0.361493], 
              [0.624305, 0.00165563, 0.358974, 0.0150662], 
              [0.00165563, 0.0146689, 0.493179, 0.490497], 
              [0.517417, 0.206589, 0.00195364, 0.27404], 
              [0.673775, 0.147881, 0.116987, 0.0613576], 
              [0.268079, 0.331656, 0.204901, 0.195364], 
              [0.181656, 0.308907, 0.260331, 0.249106], 
              [0.241755, 0.243146, 0.251291, 0.263808]
            ]
          }, {
            "db": 0,
            "id": "filter23",
            "len": 14,
            "nsites": 14,
            "evalue": "1.0e+000",
            "pwm": [
              [0.20383, 0.139291, 0.306, 0.350879], 
              [0.47956, 0.183674, 0.0996738, 0.237092], 
              [0.364148, 0.00485076, 0.198151, 0.432851], 
              [0.205716, 0.00892199, 0.0145816, 0.77078], 
              [0.304243, 0.106039, 0.0387129, 0.551005], 
              [0.405986, 0.174043, 0.22756, 0.192411], 
              [0.243943, 0.0749504, 0.0164681, 0.664638], 
              [0.515949, 0.00217017, 0.371694, 0.110188], 
              [0.0572766, 0.14634, 0.480851, 0.315532], 
              [0.51044, 0.00941844, 0.0897447, 0.390397], 
              [0.569915, 0.0545957, 0.355149, 0.0203404], 
              [0.455135, 0.121915, 0.0333475, 0.389603], 
              [0.290213, 0.142865, 0.392085, 0.174837], 
              [0.304243, 0.244762, 0.0613535, 0.389642]
            ]
          }, {
            "db": 0,
            "id": "filter24",
            "len": 11,
            "nsites": 11,
            "evalue": "1.0e+000",
            "pwm": [
              [0.270883, 0.224707, 0.318545, 0.185865], 
              [0.262586, 0.375856, 0.249703, 0.111856], 
              [0.208754, 0.282476, 0.343515, 0.165254], 
              [0.439279, 0.172207, 0.385171, 0.00334234], 
              [0.00928899, 0.0189026, 0.0216776, 0.950131], 
              [0.0907477, 0.771856, 0.133559, 0.00383784], 
              [0.00225225, 0.287658, 0.691586, 0.0185045], 
              [0.64491, 0.164081, 0.0307928, 0.160216], 
              [0.120279, 0.321153, 0.105216, 0.453351], 
              [0.168557, 0.376091, 0.213057, 0.242294], 
              [0.285378, 0.262982, 0.241378, 0.210261]
            ]
          }, {
            "db": 0,
            "id": "filter25",
            "len": 11,
            "nsites": 11,
            "evalue": "1.0e+000",
            "pwm": [
              [0.469802, 0.0228649, 0.152189, 0.355144], 
              [0.141671, 0.243534, 0.399303, 0.215492], 
              [0.168045, 0.0750901, 0.465441, 0.291423], 
              [0.00472948, 0.653565, 0.309429, 0.0322763], 
              [0.0321802, 0.245144, 0.00354054, 0.719135], 
              [0.0276216, 0.16864, 0.615378, 0.18836], 
              [0.647818, 0.087469, 0.0412934, 0.223419], 
              [0.0364414, 0.0234595, 0.693468, 0.246631], 
              [0.112638, 0.296151, 0.492645, 0.0985669], 
              [0.278937, 0.36555, 0.315009, 0.0405045], 
              [0.209667, 0.361982, 0.301631, 0.126721]
            ]
          }, {
            "db": 0,
            "id": "filter26",
            "len": 14,
            "nsites": 14,
            "evalue": "1.0e+000",
            "pwm": [
              [0.24583, 0.24583, 0.269262, 0.239078], 
              [0.125589, 0.145447, 0.399333, 0.329631], 
              [0.0699858, 0.686085, 0.0303688, 0.21356], 
              [0.0267918, 0.0356278, 0.0818927, 0.855688], 
              [0.759957, 0.141773, 0.096, 0.0022695], 
              [0.165206, 0.465957, 0.11417, 0.254667], 
              [0.291632, 0.193821, 0.0303717, 0.484176], 
              [0.0247092, 0.943645, 0.00177305, 0.0298723], 
              [0.166695, 0.706936, 0.0142837, 0.112085], 
              [0.00276606, 0.640376, 0.0652262, 0.291632], 
              [0.643454, 0.107429, 0.198984, 0.0501325], 
              [0.184965, 0.226071, 0.433191, 0.155773], 
              [0.28644, 0.382652, 0.200553, 0.130355], 
              [0.221901, 0.268766, 0.25834, 0.250993]
            ]
          }, {
            "db": 0,
            "id": "filter27",
            "len": 15,
            "nsites": 15,
            "evalue": "1.0e+000",
            "pwm": [
              [0.254246, 0.251266, 0.251763, 0.242724], 
              [0.184536, 0.240563, 0.267384, 0.307517], 
              [0.166656, 0.388974, 0.226358, 0.218013], 
              [0.448829, 0.165348, 0.384167, 0.00165563], 
              [0.163477, 0.281887, 0.352517, 0.202119], 
              [0.168824, 0.560871, 0.186207, 0.0840977], 
              [0.0521192, 0.839371, 0.00304636, 0.105464], 
              [0.467503, 0.208853, 0.111413, 0.212231], 
              [0.729901, 0.108146, 0.0187417, 0.143212], 
              [0.210563, 0.0199338, 0.261523, 0.50798], 
              [0.552483, 0.018245, 0.077053, 0.352219], 
              [0.0898675, 0.0129801, 0.619636, 0.277517], 
              [0.168344, 0.282682, 0.460894, 0.0880795], 
              [0.170828, 0.194073, 0.436159, 0.19894], 
              [0.0818212, 0.356589, 0.275232, 0.286358]
            ]
          }, {
            "db": 0,
            "id": "filter28",
            "len": 10,
            "nsites": 10,
            "evalue": "1.0e+000",
            "pwm": [
              [0.242574, 0.240396, 0.316733, 0.200297], 
              [0.183979, 0.187741, 0.236855, 0.391425], 
              [0.126819, 0.234333, 0.254925, 0.383922], 
              [0.577962, 0.106722, 0.00277225, 0.312543], 
              [0.00623725, 0.980991, 0.00663325, 0.00613825], 
              [0.00247525, 0.43505, 0.00514851, 0.557327], 
              [0.0452475, 0.39198, 0.558614, 0.00415842], 
              [0.272475, 0.0975248, 0.452871, 0.177129], 
              [0.226436, 0.18703, 0.324158, 0.262376], 
              [0.242475, 0.253663, 0.265842, 0.23802]
            ]
          }, {
            "db": 0,
            "id": "filter29",
            "len": 8,
            "nsites": 8,
            "evalue": "1.0e+000",
            "pwm": [
              [0.112716, 0.392914, 0.250889, 0.243481], 
              [0.0215556, 0.364173, 0.254642, 0.35963], 
              [0.136815, 0.601901, 0.196272, 0.0650123], 
              [0.734346, 0.104321, 0.0125679, 0.148765], 
              [0.00308642, 0.107294, 0.883273, 0.006346], 
              [0.433901, 0.211877, 0.152815, 0.201407], 
              [0.235162, 0.381419, 0.380036, 0.00338269], 
              [0.216935, 0.260692, 0.103541, 0.418832]
            ]
          }, {
            "db": 0,
            "id": "filter3",
            "len": 15,
            "nsites": 15,
            "evalue": "1.0e+000",
            "pwm": [
              [0.232815, 0.231623, 0.295894, 0.239669], 
              [0.175397, 0.142616, 0.324305, 0.357682], 
              [0.0714901, 0.830033, 0.0269868, 0.0714901], 
              [0.0139747, 0.309534, 0.127728, 0.548763], 
              [0.604994, 0.318773, 0.070901, 0.00533149], 
              [0.218013, 0.0411921, 0.0047351, 0.73606], 
              [0.264974, 0.037513, 0.508525, 0.188988], 
              [0.618605, 0.00781519, 0.132099, 0.241481], 
              [0.438742, 0.0665232, 0.0511258, 0.443609], 
              [0.0214238, 0.00225166, 0.0369205, 0.939404], 
              [0.441126, 0.175397, 0.376854, 0.00662252], 
              [0.0517219, 0.0152649, 0.92947, 0.00354305], 
              [0.0714901, 0.457815, 0.0783444, 0.392351], 
              [0.101798, 0.496804, 0.226678, 0.174719], 
              [0.294702, 0.227252, 0.245232, 0.232815]
            ]
          }, {
            "db": 0,
            "id": "filter30",
            "len": 11,
            "nsites": 11,
            "evalue": "1.0e+000",
            "pwm": [
              [0.244772, 0.281145, 0.261521, 0.212562], 
              [0.142761, 0.374431, 0.305267, 0.177541], 
              [0.52064, 0.240883, 0.0259369, 0.212541], 
              [0.0224685, 0.302423, 0.0485315, 0.626577], 
              [0.00225225, 0.937847, 0.00225225, 0.0576486], 
              [0.381703, 0.00284685, 0.613198, 0.00225225], 
              [0.930117, 0.00433333, 0.0619099, 0.00363964], 
              [0.237018, 0.00889189, 0.169135, 0.584955], 
              [0.154766, 0.421342, 0.273486, 0.150405], 
              [0.190026, 0.324688, 0.253443, 0.231842], 
              [0.19282, 0.254459, 0.297667, 0.255054]
            ]
          }, {
            "db": 0,
            "id": "filter31",
            "len": 13,
            "nsites": 13,
            "evalue": "1.0e+000",
            "pwm": [
              [0.307656, 0.140641, 0.252282, 0.29942], 
              [0.241267, 0.245038, 0.197702, 0.315992], 
              [0.425153, 0.123275, 0.133595, 0.317977], 
              [0.0128244, 0.318176, 0.0752443, 0.593756], 
              [0.0144122, 0.170313, 0.115931, 0.699344], 
              [0.415527, 0.423466, 0.151954, 0.00905344], 
              [0.522008, 0.279672, 0.0499389, 0.148382], 
              [0.109779, 0.0957863, 0.284733, 0.509702], 
              [0.0463664, 0.328198, 0.623527, 0.0019084], 
              [0.325023, 0.00240458, 0.667687, 0.0048855], 
              [0.596137, 0.130618, 0.163962, 0.109282], 
              [0.302496, 0.168527, 0.0424962, 0.486481], 
              [0.353405, 0.271038, 0.10442, 0.271137]
            ]
          }, {
            "db": 0,
            "id": "filter32",
            "len": 13,
            "nsites": 13,
            "evalue": "1.0e+000",
            "pwm": [
              [0.293763, 0.273916, 0.163466, 0.268855], 
              [0.522749, 0.0566815, 0.289269, 0.1313], 
              [0.280168, 0.123672, 0.220031, 0.37613], 
              [0.261611, 0.130916, 0.595145, 0.0123282], 
              [0.0747481, 0.0394198, 0.130916, 0.754916], 
              [0.0209599, 0.415882, 0.560753, 0.00240453], 
              [0.596038, 0.37345, 0.0019084, 0.0286031], 
              [0.00280153, 0.147191, 0.701924, 0.148084], 
              [0.0019084, 0.0860611, 0.758985, 0.153046], 
              [0.66213, 0.0784198, 0.0222519, 0.237198], 
              [0.220924, 0.182916, 0.516847, 0.079313], 
              [0.110969, 0.101443, 0.582939, 0.204649], 
              [0.132219, 0.207349, 0.120012, 0.54042]
            ]
          }, {
            "db": 0,
            "id": "filter33",
            "len": 10,
            "nsites": 10,
            "evalue": "1.0e+000",
            "pwm": [
              [0.125545, 0.418911, 0.325347, 0.130198], 
              [0.24297, 0.294257, 0.367129, 0.0956436], 
              [0.282574, 0.00990099, 0.31396, 0.393564], 
              [0.0060396, 0.358119, 0.61901, 0.0168317], 
              [0.336733, 0.00247525, 0.00247525, 0.658317], 
              [0.63198, 0.00465347, 0.00247525, 0.360891], 
              [0.00257426, 0.679703, 0.31495, 0.00277228], 
              [0.305019, 0.362538, 0.0531632, 0.279279], 
              [0.254059, 0.316634, 0.252277, 0.17703], 
              [0.322772, 0.231485, 0.299505, 0.146238]
            ]
          }, {
            "db": 0,
            "id": "filter34",
            "len": 13,
            "nsites": 13,
            "evalue": "1.0e+000",
            "pwm": [
              [0.260394, 0.301375, 0.282422, 0.155809], 
              [0.292899, 0.236924, 0.295579, 0.174597], 
              [0.311924, 0.224099, 0.200282, 0.263695], 
              [0.161183, 0.0138168, 0.243947, 0.581053], 
              [0.200779, 0.303389, 0.190061, 0.305771], 
              [0.592267, 0.00538168, 0.379206, 0.023145], 
              [0.413285, 0.177873, 0.247246, 0.161596], 
              [0.144908, 0.136672, 0.716511, 0.0019084], 
              [0.00200763, 0.0554962, 0.598618, 0.343878], 
              [0.627595, 0.122481, 0.245435, 0.00448855], 
              [0.0019084, 0.441979, 0.221398, 0.334715], 
              [0.0694885, 0.244145, 0.520221, 0.166145], 
              [0.0816947, 0.337031, 0.336435, 0.24484]
            ]
          }, {
            "db": 0,
            "id": "filter35",
            "len": 10,
            "nsites": 10,
            "evalue": "1.0e+000",
            "pwm": [
              [0.281188, 0.263267, 0.150693, 0.304851], 
              [0.470693, 0.0928713, 0.375941, 0.060495], 
              [0.540342, 0.126819, 0.0249482, 0.30789], 
              [0.039703, 0.830792, 0.126832, 0.00267327], 
              [0.615545, 0.161386, 0.112277, 0.110792], 
              [0.0115832, 0.0413822, 0.0819722, 0.865062], 
              [0.00316832, 0.412475, 0.559208, 0.0251485], 
              [0.452529, 0.101772, 0.202455, 0.243243], 
              [0.171881, 0.234158, 0.0855446, 0.508416], 
              [0.197208, 0.0711812, 0.553707, 0.177903]
            ]
          }, {
            "db": 0,
            "id": "filter36",
            "len": 17,
            "nsites": 17,
            "evalue": "1.0e+000",
            "pwm": [
              [0.24744, 0.238193, 0.238492, 0.275875], 
              [0.154179, 0.160045, 0.370429, 0.315347], 
              [0.320951, 0.345305, 0.138045, 0.1957], 
              [0.100877, 0.671222, 0.109327, 0.118573], 
              [0.174942, 0.433421, 0.351205, 0.0404327], 
              [0.350409, 0.0209474, 0.498538, 0.130105], 
              [0.151082, 0.0355614, 0.656111, 0.157246], 
              [0.264588, 0.0332717, 0.53338, 0.168761], 
              [0.0360585, 0.0467953, 0.206953, 0.710193], 
              [0.322474, 0.425269, 0.00146199, 0.250795], 
              [0.195719, 0.211029, 0.197211, 0.396041], 
              [0.0347694, 0.378383, 0.560828, 0.02602], 
              [0.135772, 0.0137895, 0.734749, 0.11569], 
              [0.288175, 0.0350643, 0.652532, 0.0242281], 
              [0.370429, 0.49988, 0.0624096, 0.0672814], 
              [0.537761, 0.097805, 0.0885584, 0.275875], 
              [0.255667, 0.249503, 0.204368, 0.290462]
            ]
          }, {
            "db": 0,
            "id": "filter37",
            "len": 14,
            "nsites": 14,
            "evalue": "1.0e+000",
            "pwm": [
              [0.108025, 0.136822, 0.499766, 0.255387], 
              [0.347404, 0.228553, 0.295475, 0.128567], 
              [0.273929, 0.491475, 0.199064, 0.0355319], 
              [0.0189521, 0.581193, 0.38984, 0.010015], 
              [0.0964965, 0.149121, 0.0633333, 0.69105], 
              [0.155758, 0.0672984, 0.60828, 0.168664], 
              [0.59573, 0.339759, 0.0531064, 0.0114043], 
              [0.0149787, 0.014383, 0.0153759, 0.955262], 
              [0.204723, 0.651333, 0.0312624, 0.112681], 
              [0.248113, 0.297064, 0.190128, 0.264695], 
              [0.0746525, 0.27522, 0.615291, 0.0348369], 
              [0.121915, 0.492468, 0.261716, 0.123901], 
              [0.0759507, 0.344758, 0.147447, 0.431844], 
              [0.162028, 0.449376, 0.207702, 0.180894]
            ]
          }, {
            "db": 0,
            "id": "filter38",
            "len": 12,
            "nsites": 12,
            "evalue": "1.0e+000",
            "pwm": [
              [0.184762, 0.3624, 0.282755, 0.170083], 
              [0.365835, 0.153107, 0.300777, 0.180281], 
              [0.384876, 0.188512, 0.308116, 0.118496], 
              [0.475322, 0.44924, 0.0710909, 0.00434711], 
              [0.341472, 0.473188, 0.0311269, 0.154214], 
              [0.463124, 0.255752, 0.0234876, 0.257636], 
              [0.162711, 0.0120816, 0.242042, 0.583165], 
              [0.0639566, 0.00295877, 0.791666, 0.141419], 
              [0.00206612, 0.00613182, 0.76037, 0.231432], 
              [0.318132, 0.262893, 0.115322, 0.303653], 
              [0.0260685, 0.353176, 0.21908, 0.401676], 
              [0.179091, 0.338463, 0.243554, 0.238893]
            ]
          }, {
            "db": 0,
            "id": "filter39",
            "len": 12,
            "nsites": 12,
            "evalue": "1.0e+000",
            "pwm": [
              [0.421868, 0.234331, 0.0864628, 0.257339], 
              [0.153504, 0.128314, 0.162033, 0.556149], 
              [0.101537, 0.0826942, 0.376843, 0.438926], 
              [0.506264, 0.00206612, 0.488413, 0.0032562], 
              [0.384182, 0.526992, 0.0858678, 0.00295868], 
              [0.338528, 0.0070243, 0.0691007, 0.585347], 
              [0.141008, 0.01, 0.552678, 0.296314], 
              [0.0254711, 0.435851, 0.00206612, 0.536612], 
              [0.140003, 0.352114, 0.0100984, 0.497785], 
              [0.424645, 0.276083, 0.0857686, 0.213504], 
              [0.284116, 0.267752, 0.119785, 0.328347], 
              [0.318529, 0.171851, 0.111058, 0.398562]
            ]
          }, {
            "db": 0,
            "id": "filter4",
            "len": 9,
            "nsites": 9,
            "evalue": "1.0e+000",
            "pwm": [
              [0.31033, 0.152582, 0.210143, 0.326945], 
              [0.166824, 0.340989, 0.125088, 0.367099], 
              [0.185418, 0.340297, 0.284022, 0.190264], 
              [0.184743, 0.788793, 0.00284616, 0.0236175], 
              [0.0149121, 0.41022, 0.572121, 0.00274725], 
              [0.00343949, 0.00304393, 0.902954, 0.0905626], 
              [0.187297, 0.00284615, 0.405176, 0.404681], 
              [0.525341, 0.102341, 0.26078, 0.111538], 
              [0.458582, 0.20411, 0.134385, 0.202923]
            ]
          }, {
            "db": 0,
            "id": "filter40",
            "len": 13,
            "nsites": 13,
            "evalue": "1.0e+000",
            "pwm": [
              [0.179227, 0.254937, 0.214551, 0.351286], 
              [0.290956, 0.190439, 0.309908, 0.208697], 
              [0.340206, 0.13816, 0.211695, 0.309939], 
              [0.013818, 0.380832, 0.0882529, 0.517097], 
              [0.686542, 0.00667176, 0.165153, 0.141634], 
              [0.0019084, 0.990206, 0.00577863, 0.00210687], 
              [0.40342, 0.0624427, 0.242756, 0.291382], 
              [0.544092, 0.0648307, 0.223724, 0.167352], 
              [0.127046, 0.564878, 0.273023, 0.0350534], 
              [0.0845643, 0.135765, 0.716638, 0.0630321], 
              [0.196889, 0.194408, 0.217826, 0.390877], 
              [0.323336, 0.256947, 0.238885, 0.180832], 
              [0.50231, 0.132914, 0.0824966, 0.28228]
            ]
          }, {
            "db": 0,
            "id": "filter41",
            "len": 13,
            "nsites": 13,
            "evalue": "1.0e+000",
            "pwm": [
              [0.275405, 0.255855, 0.206038, 0.262702], 
              [0.249405, 0.252183, 0.215069, 0.283344], 
              [0.330977, 0.207626, 0.329389, 0.132008], 
              [0.0019084, 0.490947, 0.0070687, 0.500076], 
              [0.73544, 0.0571887, 0.161695, 0.0456761], 
              [0.217053, 0.537588, 0.232733, 0.012626], 
              [0.323435, 0.0019084, 0.562992, 0.111664], 
              [0.00240458, 0.463458, 0.0207634, 0.513374], 
              [0.324527, 0.0019084, 0.60755, 0.0660153], 
              [0.027313, 0.603282, 0.205145, 0.16426], 
              [0.185676, 0.344042, 0.242434, 0.227848], 
              [0.363391, 0.250074, 0.176845, 0.209689], 
              [0.213183, 0.22142, 0.32026, 0.245137]
            ]
          }, {
            "db": 0,
            "id": "filter42",
            "len": 13,
            "nsites": 13,
            "evalue": "1.0e+000",
            "pwm": [
              [0.10571, 0.433389, 0.291382, 0.169519], 
              [0.187562, 0.48673, 0.217627, 0.108081], 
              [0.418901, 0.227076, 0.10313, 0.250893], 
              [0.0465604, 0.107287, 0.0328671, 0.813285], 
              [0.125942, 0.00548056, 0.139337, 0.72924], 
              [0.209292, 0.185379, 0.127827, 0.477502], 
              [0.770298, 0.182718, 0.00627481, 0.0407099], 
              [0.477847, 0.123573, 0.0502366, 0.348344], 
              [0.371366, 0.117321, 0.26558, 0.245733], 
              [0.00220614, 0.0110391, 0.733653, 0.253101], 
              [0.151458, 0.133695, 0.52558, 0.189267], 
              [0.146496, 0.296939, 0.171802, 0.384763], 
              [0.28245, 0.132107, 0.169718, 0.415725]
            ]
          }, {
            "db": 0,
            "id": "filter43",
            "len": 11,
            "nsites": 11,
            "evalue": "1.0e+000",
            "pwm": [
              [0.293236, 0.169251, 0.262314, 0.275198], 
              [0.358414, 0.27418, 0.334234, 0.0331712], 
              [0.35227, 0.143568, 0.12355, 0.380613], 
              [0.0255382, 0.527029, 0.445181, 0.00225225], 
              [0.23355, 0.499234, 0.00304505, 0.264171], 
              [0.172108, 0.727559, 0.00264865, 0.0976847], 
              [0.277649, 0.0960991, 0.45573, 0.170523], 
              [0.284316, 0.00294602, 0.142987, 0.56975], 
              [0.00225225, 0.481694, 0.250198, 0.265856], 
              [0.157541, 0.223937, 0.266351, 0.352171], 
              [0.0961982, 0.296279, 0.227306, 0.380216]
            ]
          }, {
            "db": 0,
            "id": "filter44",
            "len": 12,
            "nsites": 12,
            "evalue": "1.0e+000",
            "pwm": [
              [0.381145, 0.257662, 0.234354, 0.126839], 
              [0.303355, 0.223521, 0.178893, 0.294231], 
              [0.30514, 0.251091, 0.348083, 0.095686], 
              [0.28022, 0.604485, 0.00276026, 0.112534], 
              [0.455686, 0.0328099, 0.507752, 0.00375207], 
              [0.622793, 0.128017, 0.193967, 0.0552231], 
              [0.118595, 0.166793, 0.290661, 0.42395], 
              [0.00206612, 0.30762, 0.00206612, 0.688248], 
              [0.178099, 0.00206612, 0.680711, 0.139124], 
              [0.056314, 0.151818, 0.329636, 0.462231], 
              [0.150048, 0.320842, 0.254686, 0.274424], 
              [0.161438, 0.316744, 0.353339, 0.168479]
            ]
          }, {
            "db": 0,
            "id": "filter45",
            "len": 13,
            "nsites": 13,
            "evalue": "1.0e+000",
            "pwm": [
              [0.14342, 0.346855, 0.378313, 0.131412], 
              [0.236305, 0.217649, 0.335443, 0.210603], 
              [0.127852, 0.635002, 0.0830921, 0.154053], 
              [0.06493, 0.555803, 0.027117, 0.35215], 
              [0.58413, 0.179939, 0.230649, 0.00528244], 
              [0.154336, 0.0764351, 0.00964885, 0.75958], 
              [0.104916, 0.132901, 0.505931, 0.256252], 
              [0.488219, 0.00478597, 0.269424, 0.237572], 
              [0.1216, 0.509058, 0.116737, 0.252605], 
