<!DOCTYPE HTML>
<html>
  <head>
    <meta charset="UTF-8">
    <title>Tomtom Results</title>
    <script>
      // @JSON_VAR data
      var data = {
        "program": "Tomtom",
        "version": "5.3.3",
        "release": "Sun Feb 7 15:39:52 2021 -0800",
        "cmd": [
          "tomtom", "-evalue", "-thresh", "0.1", "-o",
          "results/filters/model-128/trial-2",
          "motifs/filters/model-128/trial-2.txt", "./motif_database.txt"
        ],
        "options": {
          "strands": "both",
          "distance_measure": "ed",
          "threshold_type": "evalue",
          "threshold_value": 0.1,
          "background_source": "--query--"
        },
        "alphabet": {
          "name": "DNA",
          "like": "dna",
          "ncore": 4,
          "symbols": [
            {
              "symbol": "A",
              "name": "Adenine",
              "colour": "CC0000",
              "complement": "T"
            }, {
              "symbol": "C",
              "name": "Cytosine",
              "colour": "0000CC",
              "complement": "G"
            }, {
              "symbol": "G",
              "name": "Guanine",
              "colour": "FFB300",
              "complement": "C"
            }, {
              "symbol": "T",
              "aliases": "U",
              "name": "Thymine",
              "colour": "008000",
              "complement": "A"
            }, {
              "symbol": "N",
              "aliases": "X.",
              "name": "Any base",
              "equals": "ACGT"
            }, {
              "symbol": "V",
              "name": "Not T",
              "equals": "ACG"
            }, {
              "symbol": "H",
              "name": "Not G",
              "equals": "ACT"
            }, {
              "symbol": "D",
              "name": "Not C",
              "equals": "AGT"
            }, {
              "symbol": "B",
              "name": "Not A",
              "equals": "CGT"
            }, {
              "symbol": "M",
              "name": "Amino",
              "equals": "AC"
            }, {
              "symbol": "R",
              "name": "Purine",
              "equals": "AG"
            }, {
              "symbol": "W",
              "name": "Weak",
              "equals": "AT"
            }, {
              "symbol": "S",
              "name": "Strong",
              "equals": "CG"
            }, {
              "symbol": "Y",
              "name": "Pyrimidine",
              "equals": "CT"
            }, {
              "symbol": "K",
              "name": "Keto",
              "equals": "GT"
            }
          ]
        },
        "background": [0.25, 0.25, 0.25, 0.25],
        "query_dbs": [
          {
            "source": "motifs/filters/model-128/trial-2.txt",
            "name": "trial-2.txt",
            "loaded": 128,
            "excluded": 0,
            "last_modified": "Tue Mar 30 09:40:51 2021"
          }
        ],
        "target_dbs": [
          {
            "source": "./motif_database.txt",
            "name": "motif_database.txt",
            "loaded": 1964,
            "excluded": 0,
            "last_modified": "Mon Mar 29 09:53:08 2021"
          }
        ],
        "queries": [
          {
            "db": 0,
            "id": "filter0",
            "len": 12,
            "nsites": 12,
            "evalue": "1.0e+000",
            "pwm": [
              [0.251587, 0.251884, 0.213802, 0.282727], 
              [0.4474, 0.18625, 0.335818, 0.0305318], 
              [0.268843, 0.041438, 0.334397, 0.355322], 
              [0.0949917, 0.765901, 0.0211074, 0.118], 
              [0.240479, 0.451818, 0.0131736, 0.294529], 
              [0.418339, 0.111267, 0.360614, 0.109779], 
              [0.305041, 0.00861157, 0.586992, 0.0993554], 
              [0.620711, 0.0514545, 0.0444132, 0.283421], 
              [0.0661322, 0.057405, 0.826198, 0.0502645], 
              [0.139818, 0.201702, 0.584512, 0.0739669], 
              [0.0832893, 0.257736, 0.386562, 0.272413], 
              [0.256545, 0.165107, 0.358298, 0.22005]
            ]
          }, {
            "db": 0,
            "id": "filter1",
            "len": 13,
            "nsites": 13,
            "evalue": "1.0e+000",
            "pwm": [
              [0.240969, 0.157015, 0.353305, 0.24871], 
              [0.100937, 0.334219, 0.374009, 0.190836], 
              [0.208697, 0.426599, 0.0990514, 0.265653], 
              [0.607252, 0.248115, 0.141931, 0.00270229], 
              [0.451053, 0.230847, 0.116328, 0.201771], 
              [0.278652, 0.282422, 0.21465, 0.224275], 
              [0.391412, 0.045771, 0.203855, 0.358962], 
              [0.00240458, 0.0990611, 0.693092, 0.205443], 
              [0.023639, 0.0294934, 0.888797, 0.0580707], 
              [0.0119313, 0.585122, 0.0209618, 0.381985], 
              [0.391373, 0.135071, 0.411616, 0.0619406], 
              [0.329191, 0.190458, 0.340901, 0.13945], 
              [0.31242, 0.288603, 0.227176, 0.171802]
            ]
          }, {
            "db": 0,
            "id": "filter10",
            "len": 10,
            "nsites": 10,
            "evalue": "1.0e+000",
            "pwm": [
              [0.189109, 0.179802, 0.263168, 0.367921], 
              [0.121881, 0.134158, 0.329406, 0.414554], 
              [0.250074, 0.163647, 0.314721, 0.271557], 
              [0.0228713, 0.15, 0.143564, 0.683564], 
              [0.396634, 0.0050495, 0.452376, 0.145941], 
              [0.649208, 0.00336634, 0.34297, 0.00445545], 
              [0.535697, 0.223091, 0.237944, 0.00326741], 
              [0.0070297, 0.190792, 0.359901, 0.442277], 
              [0.00247525, 0.266139, 0.374356, 0.35703], 
              [0.223938, 0.329769, 0.00247525, 0.443817]
            ]
          }, {
            "db": 0,
            "id": "filter100",
            "len": 14,
            "nsites": 14,
            "evalue": "1.0e+000",
            "pwm": [
              [0.443915, 0.13234, 0.214454, 0.209291], 
              [0.281149, 0.131335, 0.339626, 0.24789], 
              [0.177734, 0.0943213, 0.270878, 0.457067], 
              [0.445801, 0.0282837, 0.495844, 0.0300709], 
              [0.11278, 0.0479433, 0.552539, 0.286738], 
              [0.155093, 0.276637, 0.248734, 0.319535], 
              [0.193106, 0.0333475, 0.00197163, 0.771574], 
              [0.219121, 0.523348, 0.226369, 0.0311631], 
              [0.0350355, 0.690652, 0.00177305, 0.272539], 
              [0.264298, 0.455035, 0.202142, 0.0785248], 
              [0.12369, 0.0219271, 0.752634, 0.101749], 
              [0.393018, 0.147944, 0.34724, 0.111798], 
              [0.172355, 0.183277, 0.126979, 0.51739], 
              [0.570411, 0.0973901, 0.141177, 0.191021]
            ]
          }, {
            "db": 0,
            "id": "filter101",
            "len": 11,
            "nsites": 11,
            "evalue": "1.0e+000",
            "pwm": [
              [0.263775, 0.287856, 0.22027, 0.228099], 
              [0.188044, 0.422291, 0.254533, 0.135131], 
              [0.260207, 0.170126, 0.264865, 0.304802], 
              [0.077964, 0.106405, 0.0607207, 0.75491], 
              [0.297241, 0.437254, 0.0143411, 0.251164], 
              [0.442098, 0.380849, 0.133869, 0.0431843], 
              [0.116799, 0.689733, 0.0349517, 0.158516], 
              [0.0582432, 0.012955, 0.897216, 0.0315856], 
              [0.0875766, 0.20709, 0.210856, 0.494477], 
              [0.234045, 0.172306, 0.548189, 0.0454595], 
              [0.00225225, 0.191928, 0.404991, 0.400829]
            ]
          }, {
            "db": 0,
            "id": "filter102",
            "len": 11,
            "nsites": 11,
            "evalue": "1.0e+000",
            "pwm": [
              [0.290432, 0.0420901, 0.249604, 0.417874], 
              [0.183784, 0.0267273, 0.441118, 0.348371], 
              [0.0934325, 0.109786, 0.263801, 0.532981], 
              [0.0143423, 0.859757, 0.123649, 0.00225225], 
              [0.244153, 0.594865, 0.00284685, 0.158135], 
              [0.0928379, 0.0112712, 0.698493, 0.197398], 
              [0.00918919, 0.0267297, 0.959748, 0.00433333], 
              [0.471288, 0.00314414, 0.506667, 0.0189009], 
              [0.508153, 0.0783604, 0.192225, 0.221261], 
              [0.384935, 0.242048, 0.170803, 0.202214], 
              [0.226987, 0.226392, 0.124231, 0.42239]
            ]
          }, {
            "db": 0,
            "id": "filter103",
            "len": 11,
            "nsites": 11,
            "evalue": "1.0e+000",
            "pwm": [
              [0.254955, 0.328387, 0.191631, 0.225027], 
              [0.246655, 0.199479, 0.376785, 0.177081], 
              [0.228297, 0.307874, 0.230973, 0.232856], 
              [0.108101, 0.00254958, 0.415339, 0.474011], 
              [0.235357, 0.39631, 0.267864, 0.100469], 
              [0.356234, 0.00235135, 0.598432, 0.042982], 
              [0.0317867, 0.227329, 0.718414, 0.0224705], 
              [0.0343571, 0.200034, 0.0196919, 0.745917], 
              [0.00433333, 0.238604, 0.414306, 0.342757], 
              [0.44027, 0.205901, 0.0131532, 0.340676], 
              [0.0474414, 0.283793, 0.338991, 0.329775]
            ]
          }, {
            "db": 0,
            "id": "filter104",
            "len": 14,
            "nsites": 14,
            "evalue": "1.0e+000",
            "pwm": [
              [0.46139, 0.185163, 0.185064, 0.168383], 
              [0.267078, 0.0432766, 0.366667, 0.322979], 
              [0.339461, 0.362695, 0.128667, 0.169177], 
              [0.275716, 0.0837872, 0.0469504, 0.593546], 
              [0.548667, 0.0185532, 0.428128, 0.00465248], 
              [0.210681, 0.0691915, 0.309972, 0.410156], 
              [0.182798, 0.683472, 0.0528136, 0.0809157], 
              [0.022922, 0.342043, 0.00643972, 0.628596], 
              [0.318411, 0.0341418, 0.445206, 0.202241], 
              [0.0123972, 0.0715745, 0.626014, 0.290014], 
              [0.455586, 0.501851, 0.00207089, 0.0404926], 
              [0.105234, 0.107716, 0.35078, 0.43627], 
              [0.25, 0.241957, 0.28644, 0.221603], 
              [0.213858, 0.32, 0.045461, 0.420681]
            ]
          }, {
            "db": 0,
            "id": "filter105",
            "len": 14,
            "nsites": 14,
            "evalue": "1.0e+000",
            "pwm": [
              [0.209887, 0.15061, 0.342142, 0.297362], 
              [0.229149, 0.351872, 0.291007, 0.127972], 
              [0.518482, 0.19122, 0.124099, 0.166199], 
              [0.022227, 0.52295, 0.368553, 0.0862695], 
              [0.616681, 0.14366, 0.0265957, 0.213064], 
              [0.00286514, 0.634192, 0.00445363, 0.358489], 
              [0.401577, 0.00236873, 0.442084, 0.153971], 
              [0.311293, 0.00256746, 0.447335, 0.238804], 
              [0.00435435, 0.310636, 0.664076, 0.0209343], 
              [0.302922, 0.23461, 0.0567801, 0.405688], 
              [0.022922, 0.383248, 0.0794184, 0.514411], 
              [0.23739, 0.198667, 0.0682979, 0.495645], 
              [0.367424, 0.21751, 0.186634, 0.228431], 
              [0.21078, 0.285149, 0.184965, 0.319106]
            ]
          }, {
            "db": 0,
            "id": "filter106",
            "len": 14,
            "nsites": 14,
            "evalue": "1.0e+000",
            "pwm": [
              [0.350085, 0.219716, 0.208993, 0.221206], 
              [0.295446, 0.167374, 0.322649, 0.214532], 
              [0.114071, 0.168582, 0.120624, 0.596723], 
              [0.0668085, 0.0480426, 0.178312, 0.706837], 
              [0.261319, 0.647163, 0.0897447, 0.00177305], 
              [0.0749577, 0.298285, 0.583377, 0.04338], 
              [0.0693901, 0.402014, 0.462681, 0.0659149], 
              [0.022622, 0.475243, 0.432751, 0.0693833], 
              [0.00177305, 0.199938, 0.531933, 0.266357], 
              [0.401816, 0.414723, 0.0674043, 0.116057], 
              [0.703788, 0.142653, 0.0827862, 0.0707732], 
              [0.199977, 0.219639, 0.347836, 0.232548], 
              [0.199878, 0.240889, 0.299874, 0.259359], 
              [0.195986, 0.306199, 0.234113, 0.263702]
            ]
          }, {
            "db": 0,
            "id": "filter107",
            "len": 13,
            "nsites": 13,
            "evalue": "1.0e+000",
            "pwm": [
              [0.141223, 0.250273, 0.288277, 0.320228], 
              [0.16636, 0.257171, 0.0544098, 0.52206], 
              [0.316953, 0.114828, 0.504492, 0.0637266], 
              [0.447183, 0.0653206, 0.473183, 0.014313], 
              [0.0124264, 0.377482, 0.0224483, 0.587644], 
              [0.332664, 0.586015, 0.0019084, 0.0794122], 
              [0.0467634, 0.0182824, 0.638214, 0.29674], 
              [0.0773282, 0.389031, 0.346458, 0.187183], 
              [0.0515267, 0.392305, 0.196809, 0.359359], 
              [0.0470611, 0.631664, 0.14858, 0.172695], 
              [0.155924, 0.378412, 0.18887, 0.276794], 
              [0.282053, 0.320359, 0.257542, 0.140046], 
              [0.354362, 0.228145, 0.19808, 0.219413]
            ]
          }, {
            "db": 0,
            "id": "filter108",
            "len": 15,
            "nsites": 15,
            "evalue": "1.0e+000",
            "pwm": [
              [0.470132, 0.13457, 0.25755, 0.137748], 
              [0.255662, 0.434172, 0.15553, 0.154636], 
              [0.306225, 0.186523, 0.41043, 0.0968212], 
              [0.0895695, 0.0462583, 0.0571854, 0.806987], 
              [0.0284768, 0.00622517, 0.195166, 0.770132], 
              [0.199238, 0.00980132, 0.656788, 0.134172], 
              [0.127318, 0.729205, 0.00254967, 0.140927], 
              [0.0753642, 0.298079, 0.624901, 0.00165563], 
              [0.256133, 0.276198, 0.0499289, 0.41774], 
              [0.49293, 0.443256, 0.00344389, 0.0603701], 
              [0.742318, 0.0249007, 0.217914, 0.0148675], 
              [0.00662252, 0.286656, 0.0349338, 0.671788], 
              [0.35043, 0.207384, 0.332649, 0.109536], 
              [0.105453, 0.389531, 0.156011, 0.349005], 
              [0.192384, 0.136457, 0.256556, 0.414603]
            ]
          }, {
            "db": 0,
            "id": "filter109",
            "len": 15,
            "nsites": 15,
            "evalue": "1.0e+000",
            "pwm": [
              [0.139238, 0.278609, 0.378245, 0.203907], 
              [0.0802318, 0.301954, 0.276821, 0.340993], 
              [0.134073, 0.431291, 0.309801, 0.124834], 
              [0.497599, 0.0649274, 0.412972, 0.024501], 
              [0.0528146, 0.639007, 0.180563, 0.127616], 
              [0.437748, 0.0665232, 0.184834, 0.310894], 
              [0.0860927, 0.14351, 0.28894, 0.481457], 
              [0.0651325, 0.826755, 0.0404967, 0.0676159], 
              [0.738046, 0.245828, 0.0139735, 0.00215232], 
              [0.372719, 0.0991157, 0.253303, 0.274862], 
              [0.0342384, 0.372384, 0.178079, 0.415298], 
              [0.039106, 0.163477, 0.127119, 0.670298], 
              [0.024501, 0.221766, 0.224249, 0.529484], 
              [0.0433775, 0.253974, 0.233311, 0.469338], 
              [0.14869, 0.286783, 0.312316, 0.25221]
            ]
          }, {
            "db": 0,
            "id": "filter11",
            "len": 11,
            "nsites": 11,
            "evalue": "1.0e+000",
            "pwm": [
              [0.284586, 0.197577, 0.187568, 0.33027], 
              [0.238703, 0.117505, 0.354649, 0.289144], 
              [0.444631, 0.394387, 0.124838, 0.0361441], 
              [0.323564, 0.159142, 0.00591929, 0.511375], 
              [0.296378, 0.183505, 0.454441, 0.0656757], 
              [0.100261, 0.880468, 0.00998198, 0.00928829], 
              [0.144162, 0.162495, 0.645802, 0.0475405], 
              [0.0320841, 0.133869, 0.00889256, 0.825154], 
              [0.00611712, 0.465838, 0.212541, 0.315505], 
              [0.488681, 0.368684, 0.0583367, 0.0842981], 
              [0.0829189, 0.233946, 0.486054, 0.197081]
            ]
          }, {
            "db": 0,
            "id": "filter110",
            "len": 12,
            "nsites": 12,
            "evalue": "1.0e+000",
            "pwm": [
              [0.316775, 0.118408, 0.247347, 0.31747], 
              [0.158677, 0.114937, 0.431531, 0.294856], 
              [0.415917, 0.297207, 0.191289, 0.0955868], 
              [0.0951901, 0.00603306, 0.0966777, 0.802099], 
              [0.17314, 0.0965785, 0.604446, 0.125835], 
              [0.283223, 0.0354876, 0.245934, 0.435355], 
              [0.00404959, 0.658893, 0.332314, 0.0047438], 
              [0.0835868, 0.559124, 0.134661, 0.222628], 
              [0.079719, 0.143091, 0.741504, 0.035686], 
              [0.131884, 0.452512, 0.26319, 0.152413], 
              [0.522874, 0.0812979, 0.253248, 0.142581], 
              [0.249802, 0.119983, 0.254165, 0.37605]
            ]
          }, {
            "db": 0,
            "id": "filter111",
            "len": 13,
            "nsites": 13,
            "evalue": "1.0e+000",
            "pwm": [
              [0.244244, 0.258634, 0.347252, 0.14987], 
              [0.350924, 0.0852672, 0.304084, 0.259725], 
              [0.124863, 0.544137, 0.285527, 0.0454733], 
              [0.0882356, 0.835909, 0.00280144, 0.073054], 
              [0.739435, 0.153046, 0.0921145, 0.0154046], 
              [0.512183, 0.136969, 0.0406107, 0.310237], 
              [0.425153, 0.0298931, 0.143023, 0.401931], 
              [0.0135191, 0.0243359, 0.097771, 0.864374], 
              [0.0300888, 0.0491403, 0.647775, 0.272996], 
              [0.111366, 0.112359, 0.662824, 0.11345], 
              [0.183096, 0.275774, 0.285498, 0.255631], 
              [0.0740534, 0.26816, 0.391115, 0.266672], 
              [0.257344, 0.270443, 0.403817, 0.0683969]
            ]
          }, {
            "db": 0,
            "id": "filter112",
            "len": 12,
            "nsites": 12,
            "evalue": "1.0e+000",
            "pwm": [
              [0.322694, 0.25486, 0.148446, 0.274], 
              [0.318628, 0.397967, 0.0776364, 0.205769], 
              [0.21638, 0.14805, 0.413736, 0.221835], 
              [0.0148595, 0.503785, 0.362165, 0.11919], 
              [0.503388, 0.00226446, 0.0423306, 0.452017], 
              [0.530416, 0.326297, 0.00226448, 0.141022], 
              [0.141306, 0.00523967, 0.608314, 0.24514], 
              [0.279752, 0.0571074, 0.00206612, 0.661074], 
              [0.00791736, 0.298198, 0.653835, 0.0400496], 
              [0.210628, 0.447554, 0.0115868, 0.330231], 
              [0.0663242, 0.308779, 0.111146, 0.51375], 
              [0.433273, 0.224413, 0.0853719, 0.256942]
            ]
          }, {
            "db": 0,
            "id": "filter113",
            "len": 11,
            "nsites": 11,
            "evalue": "1.0e+000",
            "pwm": [
              [0.168441, 0.219973, 0.0394144, 0.572171], 
              [0.112252, 0.318577, 0.0780631, 0.491108], 
              [0.268505, 0.210141, 0.293574, 0.227779], 
              [0.0374324, 0.77027, 0.14555, 0.0467477], 
              [0.662252, 0.0435766, 0.248811, 0.0453604], 
              [0.0597297, 0.195495, 0.595856, 0.148919], 
              [0.739748, 0.196883, 0.0607207, 0.00264865], 
              [0.507559, 0.100757, 0.375261, 0.0164234], 
              [0.276388, 0.404338, 0.159836, 0.159439], 
              [0.401681, 0.24185, 0.0296009, 0.326868], 
              [0.309757, 0.145847, 0.122559, 0.421838]
            ]
          }, {
            "db": 0,
            "id": "filter114",
            "len": 16,
            "nsites": 16,
            "evalue": "1.0e+000",
            "pwm": [
              [0.311416, 0.295019, 0.223267, 0.170298], 
              [0.38287, 0.157478, 0.332783, 0.12687], 
              [0.174191, 0.17121, 0.545707, 0.108893], 
              [0.0127826, 0.222273, 0.0527329, 0.712211], 
              [0.0261018, 0.16455, 0.117241, 0.692106], 
              [0.346398, 0.351963, 0.297205, 0.00443478], 
              [0.0327578, 0.590969, 0.0749938, 0.30128], 
              [0.0558137, 0.0015528, 0.747391, 0.195242], 
              [0.0689249, 0.317149, 0.59876, 0.0151663], 
              [0.266298, 0.349776, 0.372832, 0.0110932], 
              [0.517381, 0.198144, 0.0232196, 0.261256], 
              [0.395391, 0.312807, 0.109478, 0.182323], 
              [0.085528, 0.577255, 0.0305714, 0.306646], 
              [0.197448, 0.273481, 0.350109, 0.178962], 
              [0.218696, 0.272062, 0.302472, 0.20677], 
              [0.328609, 0.20846, 0.266795, 0.196137]
            ]
          }, {
            "db": 0,
            "id": "filter115",
            "len": 10,
            "nsites": 10,
            "evalue": "1.0e+000",
            "pwm": [
              [0.102475, 0.309802, 0.285149, 0.302574], 
              [0.574257, 0.120792, 0.242871, 0.0620792], 
              [0.521188, 0.080495, 0.141386, 0.256931], 
              [0.0180198, 0.348218, 0.548812, 0.0849505], 
              [0.225963, 0.00534682, 0.021091, 0.747599], 
              [0.268119, 0.0282178, 0.049901, 0.653762], 
              [0.00376238, 0.933465, 0.0589109, 0.00386139], 
              [0.326733, 0.154851, 0.404752, 0.113663], 
              [0.247401, 0.388278, 0.198396, 0.165924], 
              [0.256337, 0.18505, 0.431287, 0.127327]
            ]
          }, {
            "db": 0,
            "id": "filter116",
            "len": 14,
            "nsites": 14,
            "evalue": "1.0e+000",
            "pwm": [
              [0.150724, 0.168896, 0.375243, 0.305137], 
              [0.374809, 0.0505248, 0.291007, 0.28366], 
              [0.393932, 0.114258, 0.283234, 0.208575], 
              [0.0878495, 0.720467, 0.159828, 0.0318551], 
              [0.0336454, 0.433092, 0.180298, 0.352965], 
              [0.353362, 0.321986, 0.13522, 0.189433], 
              [0.746876, 0.00177305, 0.249082, 0.00226945], 
              [0.00266667, 0.00902128, 0.59027, 0.398043], 
              [0.841177, 0.0267943, 0.0806099, 0.0514184], 
              [0.636241, 0.00316312, 0.288723, 0.0718723], 
              [0.0514135, 0.0541933, 0.888947, 0.00544644], 
              [0.0792199, 0.295972, 0.233121, 0.391688], 
              [0.0969929, 0.258241, 0.345617, 0.299149], 
              [0.192629, 0.463621, 0.25638, 0.0873703]
            ]
          }, {
            "db": 0,
            "id": "filter117",
            "len": 14,
            "nsites": 14,
            "evalue": "1.0e+000",
            "pwm": [
              [0.353362, 0.0303688, 0.482043, 0.134227], 
              [0.353327, 0.176706, 0.258315, 0.211653], 
              [0.133433, 0.35078, 0.111092, 0.404695], 
              [0.00256738, 0.0459574, 0.00475177, 0.946723], 
              [0.0926241, 0.0354326, 0.0114043, 0.860539], 
              [0.158652, 0.491674, 0.0808085, 0.268865], 
              [0.20236, 0.63263, 0.097201, 0.067808], 
              [0.28522, 0.276384, 0.290283, 0.148113], 
              [0.28356, 0.0644255, 0.340752, 0.311262], 
              [0.00643972, 0.029078, 0.81556, 0.148922], 
              [0.62373, 0.19817, 0.00306383, 0.175035], 
              [0.285645, 0.263801, 0.416411, 0.0341418], 
              [0.279759, 0.407137, 0.162012, 0.151091], 
              [0.127078, 0.527418, 0.108213, 0.237291]
            ]
          }, {
            "db": 0,
            "id": "filter118",
            "len": 13,
            "nsites": 13,
            "evalue": "1.0e+000",
            "pwm": [
              [0.169718, 0.331473, 0.153939, 0.34487], 
              [0.24345, 0.305771, 0.366702, 0.0840763], 
              [0.211418, 0.120508, 0.575851, 0.0922228], 
              [0.0549061, 0.675296, 0.19663, 0.0731674], 
              [0.00498473, 0.678107, 0.156122, 0.160786], 
              [0.672351, 0.0599618, 0.0248321, 0.242855], 
              [0.095687, 0.0239389, 0.153542, 0.726832], 
              [0.151756, 0.326015, 0.0089542, 0.513275], 
              [0.189981, 0.0992693, 0.392444, 0.318306], 
              [0.867351, 0.017687, 0.0445802, 0.0703817], 
              [0.279672, 0.0515267, 0.0934046, 0.575397], 
              [0.294656, 0.180435, 0.432099, 0.0928092], 
              [0.0715656, 0.151344, 0.496653, 0.280438]
            ]
          }, {
            "db": 0,
            "id": "filter119",
            "len": 17,
            "nsites": 17,
            "evalue": "1.0e+000",
            "pwm": [
              [0.232304, 0.278135, 0.350211, 0.139351], 
              [0.17297, 0.266927, 0.329764, 0.230339], 
              [0.151166, 0.352561, 0.311905, 0.184368], 
              [0.614594, 0.0348622, 0.287153, 0.0633915], 
              [0.378842, 0.310345, 0.272965, 0.037848], 
              [0.370057, 0.0256175, 0.16061, 0.443716], 
              [0.00424534, 0.103452, 0.0928154, 0.799487], 
              [0.574789, 0.297719, 0.105351, 0.0221404], 
              [0.0124971, 0.545661, 0.314819, 0.127023], 
              [0.114409, 0.00911772, 0.628636, 0.247838], 
              [0.49655, 0.360251, 0.0743333, 0.0688655], 
              [0.50838, 0.153368, 0.146608, 0.191643], 
              [0.147205, 0.128614, 0.699754, 0.0244269], 
              [0.0238304, 0.449427, 0.0716491, 0.455094], 
              [0.313626, 0.210135, 0.314421, 0.161819], 
              [0.312464, 0.293871, 0.21284, 0.180825], 
              [0.231708, 0.268094, 0.198901, 0.301298]
            ]
          }, {
            "db": 0,
            "id": "filter12",
            "len": 14,
            "nsites": 14,
            "evalue": "1.0e+000",
            "pwm": [
              [0.379872, 0.175333, 0.366468, 0.0783262], 
              [0.25556, 0.206709, 0.426638, 0.111092], 
              [0.190922, 0.307887, 0.349688, 0.151504], 
              [0.0718723, 0.522454, 0.0472482, 0.358426], 
              [0.244762, 0.417644, 0.294412, 0.0431814], 
              [0.11834, 0.509844, 0.293787, 0.0780284], 
              [0.0547943, 0.00435461, 0.569816, 0.371035], 
              [0.232899, 0.0886438, 0.255039, 0.423419], 
              [0.36534, 0.460649, 0.166083, 0.00792846], 
              [0.00256738, 0.46556, 0.447589, 0.0842837], 
              [0.0283803, 0.210263, 0.0178565, 0.7435], 
              [0.140085, 0.317617, 0.32417, 0.218128], 
              [0.270355, 0.438057, 0.180496, 0.111092], 
              [0.27095, 0.275716, 0.132142, 0.321191]
            ]
          }, {
            "db": 0,
            "id": "filter120",
            "len": 14,
            "nsites": 14,
            "evalue": "1.0e+000",
            "pwm": [
              [0.213936, 0.384401, 0.248982, 0.15268], 
              [0.321259, 0.098274, 0.407335, 0.173132], 
              [0.193702, 0.298752, 0.200057, 0.307489], 
              [0.204823, 0.0123972, 0.160142, 0.622638], 
              [0.165719, 0.0115045, 0.473253, 0.349524], 
              [0.267277, 0.524043, 0.206908, 0.00177305], 
              [0.329532, 0.415418, 0.175035, 0.0800142], 
              [0.221106, 0.355745, 0.301929, 0.12122], 
              [0.00564539, 0.0381135, 0.93044, 0.0258014], 
              [0.00266667, 0.0189504, 0.886255, 0.0921277], 
              [0.662851, 0.232426, 0.0453617, 0.0593617], 
              [0.545544, 0.183493, 0.0593675, 0.211595], 
              [0.150595, 0.316791, 0.32106, 0.211553], 
              [0.234511, 0.354255, 0.112284, 0.29895]
            ]
          }, {
            "db": 0,
            "id": "filter121",
            "len": 11,
            "nsites": 11,
            "evalue": "1.0e+000",
            "pwm": [
              [0.414505, 0.0935225, 0.378432, 0.113541], 
              [0.447153, 0.0775751, 0.109686, 0.365586], 
              [0.178748, 0.522721, 0.27864, 0.0198919], 
              [0.304505, 0.583369, 0.0634955, 0.0486306], 
              [0.0374324, 0.0084955, 0.83409, 0.119982], 
              [0.0982793, 0.174189, 0.643324, 0.0842072], 
              [0.322342, 0.100459, 0.0248468, 0.552351], 
              [0.0216757, 0.401523, 0.0082973, 0.568505], 
              [0.297369, 0.0816306, 0.533523, 0.0874775], 
              [0.120874, 0.257036, 0.197081, 0.425009], 
              [0.195793, 0.270216, 0.420054, 0.113937]
            ]
          }, {
            "db": 0,
            "id": "filter122",
            "len": 15,
            "nsites": 15,
            "evalue": "1.0e+000",
            "pwm": [
              [0.289238, 0.154139, 0.395232, 0.161391], 
              [0.227748, 0.122649, 0.247219, 0.402384], 
              [0.0601714, 0.184654, 0.304765, 0.450409], 
              [0.0297682, 0.646656, 0.301258, 0.0223179], 
              [0.77095, 0.200311, 0.0134756, 0.0152635], 
              [0.0951325, 0.339702, 0.202318, 0.362848], 
              [0.367454, 0.180382, 0.352552, 0.0996124], 
              [0.00165563, 0.00195364, 0.246921, 0.74947], 
              [0.375824, 0.12075, 0.434427, 0.0689999], 
              [0.41947, 0.260629, 0.0883775, 0.231523], 
              [0.0341391, 0.465364, 0.418675, 0.0818212], 
              [0.0430795, 0.515728, 0.403974, 0.0372185], 
              [0.259139, 0.272152, 0.322219, 0.14649], 
              [0.352715, 0.230828, 0.266987, 0.14947], 
              [0.479518, 0.124847, 0.159718, 0.235917]
            ]
          }, {
            "db": 0,
            "id": "filter123",
            "len": 15,
            "nsites": 15,
            "evalue": "1.0e+000",
            "pwm": [
              [0.0359272, 0.51106, 0.223079, 0.229934], 
              [0.122848, 0.507384, 0.105166, 0.264603], 
              [0.462285, 0.0829139, 0.276623, 0.178179], 
              [0.0431788, 0.683709, 0.0908609, 0.182252], 
              [0.288472, 0.0842136, 0.0592773, 0.568037], 
              [0.191391, 0.0331457, 0.117384, 0.658079], 
              [0.542152, 0.27096, 0.170728, 0.0161589], 
              [0.185927, 0.284371, 0.166159, 0.363543], 
              [0.0921523, 0.0334437, 0.568477, 0.305927], 
              [0.0502318, 0.626093, 0.294603, 0.0290728], 
              [0.0327483, 0.320728, 0.45543, 0.191093], 
              [0.0116887, 0.524868, 0.133675, 0.329768], 
              [0.317979, 0.466603, 0.0545086, 0.16091], 
              [0.230331, 0.313675, 0.0887748, 0.367219], 
              [0.171821, 0.294603, 0.0976159, 0.43596]
            ]
          }, {
            "db": 0,
            "id": "filter124",
            "len": 12,
            "nsites": 12,
            "evalue": "1.0e+000",
            "pwm": [
              [0.167868, 0.213086, 0.272386, 0.34666], 
              [0.357341, 0.28216, 0.299914, 0.0605844], 
              [0.264876, 0.469868, 0.0227934, 0.242463], 
              [0.126826, 0.00365289, 0.169669, 0.699851], 
              [0.311388, 0.378926, 0.296413, 0.0132727], 
              [0.606568, 0.0931975, 0.220623, 0.0796121], 
              [0.0149587, 0.0787273, 0.0253719, 0.880942], 
              [0.575091, 0.159455, 0.256645, 0.00880992], 
              [0.233041, 0.0678182, 0.691521, 0.00761983], 
              [0.222331, 0.471256, 0.0787273, 0.227686], 
              [0.342098, 0.220325, 0.249579, 0.187998], 
              [0.143488, 0.108083, 0.460744, 0.287686]
            ]
          }, {
            "db": 0,
            "id": "filter125",
            "len": 15,
            "nsites": 15,
            "evalue": "1.0e+000",
            "pwm": [
              [0.407807, 0.103367, 0.202993, 0.285833], 
              [0.288841, 0.165662, 0.0945364, 0.45096], 
              [0.342086, 0.271258, 0.172417, 0.214238], 
              [0.13894, 0.287053, 0.0152649, 0.558742], 
              [0.188013, 0.377748, 0.366821, 0.0674172], 
              [0.389509, 0.2842, 0.208696, 0.117594], 
              [0.0772592, 0.0904725, 0.729377, 0.102891], 
              [0.0337449, 0.0143721, 0.488559, 0.463324], 
              [0.894205, 0.0927483, 0.00602649, 0.00701987], 
              [0.108642, 0.208576, 0.406556, 0.276225], 
              [0.292616, 0.0152649, 0.423742, 0.268377], 
              [0.0318513, 0.647684, 0.0510216, 0.269443], 
              [0.438841, 0.142715, 0.114801, 0.303642], 
              [0.0825166, 0.148974, 0.384702, 0.383808], 
              [0.345662, 0.190894, 0.216325, 0.247119]
            ]
          }, {
            "db": 0,
            "id": "filter126",
            "len": 14,
            "nsites": 14,
            "evalue": "1.0e+000",
            "pwm": [
              [0.335225, 0.166314, 0.288752, 0.209709], 
              [0.311759, 0.271546, 0.245234, 0.171461], 
              [0.173745, 0.495348, 0.243248, 0.0876596], 
              [0.116851, 0.74983, 0.0609504, 0.0723688], 
              [0.308749, 0.140468, 0.345384, 0.205398], 
              [0.723915, 0.0737589, 0.101759, 0.100567], 
              [0.0271915, 0.195688, 0.119532, 0.657589], 
              [0.0425816, 0.570113, 0.00246809, 0.384837], 
              [0.351177, 0.00217021, 0.633759, 0.0128936], 
              [0.479858, 0.0815035, 0.421674, 0.0169645], 
              [0.0507283, 0.296597, 0.0121996, 0.640475], 
              [0.355645, 0.278298, 0.231135, 0.134922], 
              [0.184468, 0.274426, 0.331716, 0.20939], 
              [0.221106, 0.275617, 0.248213, 0.255064]
            ]
          }, {
            "db": 0,
            "id": "filter127",
            "len": 13,
            "nsites": 13,
            "evalue": "1.0e+000",
            "pwm": [
              [0.189069, 0.151855, 0.313015, 0.346061], 
              [0.149359, 0.24809, 0.366666, 0.235885], 
              [0.0200687, 0.436267, 0.161382, 0.382282], 
              [0.271607, 0.631303, 0.0928001, 0.00428984], 
              [0.00438931, 0.414832, 0.131214, 0.449565], 
              [0.116924, 0.0295954, 0.830435, 0.0230458], 
              [0.00438956, 0.00438956, 0.465985, 0.525236], 
              [0.0926107, 0.0572824, 0.587405, 0.262702], 
              [0.492783, 0.265554, 0.118797, 0.122866], 
              [0.843038, 0.0857634, 0.0124275, 0.058771], 
              [0.188889, 0.128845, 0.250323, 0.431944], 
              [0.364321, 0.242557, 0.144511, 0.248611], 
              [0.304779, 0.210702, 0.331672, 0.152847]
            ]
          }, {
            "db": 0,
            "id": "filter13",
            "len": 13,
            "nsites": 13,
            "evalue": "1.0e+000",
            "pwm": [
              [0.211496, 0.302397, 0.193634, 0.292473], 
              [0.265084, 0.371863, 0.361145, 0.0019084], 
              [0.216182, 0.153557, 0.190278, 0.439983], 
              [0.470802, 0.524885, 0.00210687, 0.00220611], 
              [0.228939, 0.499431, 0.256921, 0.0147086], 
              [0.428427, 0.130718, 0.29416, 0.146695], 
              [0.00220608, 0.0423929, 0.158587, 0.796814], 
              [0.159084, 0.233404, 0.143108, 0.464404], 
              [0.033965, 0.17291, 0.162787, 0.630338], 
              [0.0580763, 0.326313, 0.026916, 0.588695], 
              [0.270244, 0.263198, 0.284137, 0.18242], 
              [0.256252, 0.21884, 0.234916, 0.289992], 
              [0.249107, 0.256649, 0.23174, 0.262504]
            ]
          }, {
            "db": 0,
            "id": "filter14",
            "len": 13,
            "nsites": 13,
            "evalue": "1.0e+000",
            "pwm": [
              [0.303786, 0.211397, 0.222908, 0.261908], 
              [0.384069, 0.168924, 0.282252, 0.164756], 
              [0.341496, 0.386153, 0.270443, 0.0019084], 
              [0.100351, 0.0546031, 0.232634, 0.612412], 
              [0.049646, 0.790621, 0.104926, 0.0548068], 
              [0.0325725, 0.910618, 0.0264198, 0.0303893], 
              [0.0457754, 0.173307, 0.544688, 0.23623], 
              [0.122965, 0.333028, 0.492188, 0.0518194], 
              [0.393039, 0.0890469, 0.416858, 0.101056], 
              [0.712046, 0.0976718, 0.12516, 0.0651221], 
              [0.0641298, 0.368588, 0.364618, 0.202664], 
              [0.14264, 0.301633, 0.27563, 0.280097], 
              [0.198794, 0.306664, 0.289198, 0.205344]
            ]
          }, {
            "db": 0,
            "id": "filter15",
            "len": 11,
            "nsites": 11,
            "evalue": "1.0e+000",
            "pwm": [
              [0.308072, 0.114234, 0.300045, 0.277649], 
              [0.10373, 0.511423, 0.190441, 0.194405], 
              [0.0433784, 0.466234, 0.106505, 0.383883], 
              [0.868589, 0.0180074, 0.0839017, 0.0295018], 
              [0.386658, 0.00344144, 0.340775, 0.269126], 
              [0.364621, 0.0036395, 0.318248, 0.313491], 
              [0.112847, 0.43482, 0.401721, 0.0506126], 
              [0.0359459, 0.710811, 0.106207, 0.147036], 
              [0.062009, 0.526486, 0.072018, 0.339486], 
              [0.227581, 0.148409, 0.585987, 0.0380234], 
              [0.0909548, 0.203047, 0.562714, 0.143284]
            ]
          }, {
            "db": 0,
            "id": "filter16",
            "len": 10,
            "nsites": 10,
            "evalue": "1.0e+000",
            "pwm": [
              [0.252277, 0.206832, 0.251782, 0.289109], 
              [0.234135, 0.0362342, 0.33165, 0.39798], 
              [0.237426, 0.0583168, 0.373168, 0.331089], 
              [0.0540646, 0.756511, 0.00257427, 0.18685], 
              [0.867141, 0.0143552, 0.0423722, 0.0761312], 
              [0.215644, 0.634851, 0.00376238, 0.145743], 
              [0.0508959, 0.00247525, 0.940787, 0.00584192], 
              [0.431089, 0.0632673, 0.175842, 0.329802], 
              [0.137228, 0.22901, 0.462574, 0.171188], 
              [0.142786, 0.393504, 0.325775, 0.137934]
            ]
          }, {
            "db": 0,
            "id": "filter17",
            "len": 12,
            "nsites": 12,
            "evalue": "1.0e+000",
            "pwm": [
              [0.48023, 0.191705, 0.169587, 0.158478], 
              [0.343917, 0.166397, 0.051157, 0.438529], 
              [0.294826, 0.45757, 0.245537, 0.00206612], 
              [0.00206612, 0.174529, 0.063157, 0.760248], 
              [0.406992, 0.0278512, 0.458463, 0.106694], 
              [0.0026611, 0.973076, 0.00206612, 0.0221963], 
              [0.180678, 0.0795207, 0.468579, 0.271223], 
              [0.142992, 0.522132, 0.26805, 0.0668264], 
              [0.198132, 0.0352893, 0.748843, 0.0177355], 
              [0.198132, 0.398165, 0.212215, 0.191488], 
              [0.222926, 0.215686, 0.272116, 0.289273], 
              [0.242066, 0.16719, 0.269537, 0.321207]
            ]
          }, {
            "db": 0,
            "id": "filter18",
            "len": 14,
            "nsites": 14,
            "evalue": "1.0e+000",
            "pwm": [
              [0.0729645, 0.206113, 0.140879, 0.580043], 
              [0.162442, 0.0523171, 0.567291, 0.217951], 
              [0.323939, 0.507907, 0.121506, 0.046648], 
              [0.0385106, 0.687674, 0.071773, 0.202043], 
              [0.0889591, 0.233938, 0.0221297, 0.654973], 
              [0.11438, 0.100577, 0.0088234, 0.776219], 
              [0.32705, 0.0044539, 0.486312, 0.182184], 
              [0.537645, 0.155177, 0.187745, 0.119433], 
              [0.472312, 0.247915, 0.164014, 0.115759], 
              [0.104241, 0.238879, 0.137504, 0.519376], 
              [0.125489, 0.706241, 0.120326, 0.0479433], 
              [0.407931, 0.311331, 0.106514, 0.174224], 
              [0.151702, 0.304709, 0.220809, 0.32278], 
              [0.277575, 0.285021, 0.307459, 0.129945]
            ]
          }, {
            "db": 0,
            "id": "filter19",
            "len": 10,
            "nsites": 10,
            "evalue": "1.0e+000",
            "pwm": [
              [0.186337, 0.40198, 0.19495, 0.216733], 
              [0.180099, 0.0369307, 0.216634, 0.566337], 
              [0.28894, 0.364591, 0.01614, 0.33033], 
              [0.0940594, 0.857426, 0.0364356, 0.0120792], 
