<!DOCTYPE HTML>
<html>
  <head>
    <meta charset="UTF-8">
    <title>Tomtom Results</title>
    <script>
      // @JSON_VAR data
      var data = {
        "program": "Tomtom",
        "version": "5.3.3",
        "release": "Sun Feb 7 15:39:52 2021 -0800",
        "cmd": [
          "tomtom", "-evalue", "-thresh", "0.1", "-o",
          "results/filters/model-256/trial-5",
          "motifs/filters/model-256/trial-5.txt", "./motif_database.txt"
        ],
        "options": {
          "strands": "both",
          "distance_measure": "ed",
          "threshold_type": "evalue",
          "threshold_value": 0.1,
          "background_source": "--query--"
        },
        "alphabet": {
          "name": "DNA",
          "like": "dna",
          "ncore": 4,
          "symbols": [
            {
              "symbol": "A",
              "name": "Adenine",
              "colour": "CC0000",
              "complement": "T"
            }, {
              "symbol": "C",
              "name": "Cytosine",
              "colour": "0000CC",
              "complement": "G"
            }, {
              "symbol": "G",
              "name": "Guanine",
              "colour": "FFB300",
              "complement": "C"
            }, {
              "symbol": "T",
              "aliases": "U",
              "name": "Thymine",
              "colour": "008000",
              "complement": "A"
            }, {
              "symbol": "N",
              "aliases": "X.",
              "name": "Any base",
              "equals": "ACGT"
            }, {
              "symbol": "V",
              "name": "Not T",
              "equals": "ACG"
            }, {
              "symbol": "H",
              "name": "Not G",
              "equals": "ACT"
            }, {
              "symbol": "D",
              "name": "Not C",
              "equals": "AGT"
            }, {
              "symbol": "B",
              "name": "Not A",
              "equals": "CGT"
            }, {
              "symbol": "M",
              "name": "Amino",
              "equals": "AC"
            }, {
              "symbol": "R",
              "name": "Purine",
              "equals": "AG"
            }, {
              "symbol": "W",
              "name": "Weak",
              "equals": "AT"
            }, {
              "symbol": "S",
              "name": "Strong",
              "equals": "CG"
            }, {
              "symbol": "Y",
              "name": "Pyrimidine",
              "equals": "CT"
            }, {
              "symbol": "K",
              "name": "Keto",
              "equals": "GT"
            }
          ]
        },
        "background": [0.25, 0.25, 0.25, 0.25],
        "query_dbs": [
          {
            "source": "motifs/filters/model-256/trial-5.txt",
            "name": "trial-5.txt",
            "loaded": 256,
            "excluded": 0,
            "last_modified": "Sat Apr  3 14:15:14 2021"
          }
        ],
        "target_dbs": [
          {
            "source": "./motif_database.txt",
            "name": "motif_database.txt",
            "loaded": 1964,
            "excluded": 0,
            "last_modified": "Mon Mar 29 09:53:08 2021"
          }
        ],
        "queries": [
          {
            "db": 0,
            "id": "filter0",
            "len": 20,
            "nsites": 20,
            "evalue": "1.0e+000",
            "pwm": [
              [0.270073, 0.232365, 0.248781, 0.248781], 
              [0.211613, 0.356404, 0.0159716, 0.416012], 
              [0.570043, 0.278828, 0.0291017, 0.122028], 
              [0.191412, 0.284854, 0.32854, 0.195194], 
              [0.02801, 0.307811, 0.298458, 0.365721], 
              [0.499005, 0.146602, 0.144414, 0.209979], 
              [0.210518, 0.261867, 0.510548, 0.0170663], 
              [0.0427363, 0.0334826, 0.71597, 0.207811], 
              [0.599612, 0.114887, 0.24495, 0.0405512], 
              [0.0132824, 0.470053, 0.146602, 0.370063], 
              [0.0361726, 0.326351, 0.272813, 0.364663], 
              [0.188706, 0.615373, 0.156468, 0.0394527], 
              [0.162438, 0.143333, 0.00283582, 0.691393], 
              [0.667313, 0.146617, 0.0821393, 0.10393], 
              [0.125323, 0.278259, 0.238955, 0.357463], 
              [0.135088, 0.276097, 0.322569, 0.266245], 
              [0.11377, 0.0619342, 0.191971, 0.632325], 
              [0.216546, 0.439409, 0.154263, 0.189782], 
              [0.0339801, 0.501741, 0.0176617, 0.446617], 
              [0.255348, 0.379912, 0.337827, 0.0269129]
            ]
          }, {
            "db": 0,
            "id": "filter1",
            "len": 11,
            "nsites": 11,
            "evalue": "1.0e+000",
            "pwm": [
              [0.25929, 0.253344, 0.222131, 0.265235], 
              [0.107694, 0.456919, 0.358811, 0.0765766], 
              [0.71091, 0.0854955, 0.00225225, 0.201342], 
              [0.0200901, 0.00225225, 0.128505, 0.849153], 
              [0.00522523, 0.333541, 0.0111712, 0.650063], 
              [0.810505, 0.00522523, 0.180532, 0.00373874], 
              [0.954595, 0.0409009, 0.00225225, 0.00225225], 
              [0.253344, 0.0423834, 0.0245473, 0.679725], 
              [0.0929189, 0.443496, 0.177541, 0.286044], 
              [0.192423, 0.220667, 0.415297, 0.171613], 
              [0.238505, 0.409351, 0.232559, 0.119586]
            ]
          }, {
            "db": 0,
            "id": "filter10",
            "len": 14,
            "nsites": 14,
            "evalue": "1.0e+000",
            "pwm": [
              [0.275193, 0.257918, 0.237764, 0.229126], 
              [0.220489, 0.220489, 0.260797, 0.298226], 
              [0.00177305, 0.801778, 0.0967848, 0.099664], 
              [0.00177305, 0.145645, 0.0132908, 0.839291], 
              [0.00177305, 0.257943, 0.706837, 0.0334468], 
              [0.994681, 0.00177305, 0.00177305, 0.00177305], 
              [0.00177305, 0.00177305, 0.00177305, 0.994681], 
              [0.00177305, 0.00177305, 0.00177305, 0.994681], 
              [0.00177305, 0.00177305, 0.994681, 0.00177305], 
              [0.00177305, 0.00177305, 0.994681, 0.00177305], 
              [0.0392057, 0.43061, 0.00177305, 0.528411], 
              [0.0161702, 0.42773, 0.134128, 0.421972], 
              [0.165785, 0.467996, 0.278072, 0.0881474], 
              [0.470875, 0.157148, 0.28383, 0.0881474]
            ]
          }, {
            "db": 0,
            "id": "filter100",
            "len": 16,
            "nsites": 16,
            "evalue": "1.0e+000",
            "pwm": [
              [0.162165, 0.320094, 0.261554, 0.256187], 
              [0.204405, 0.294253, 0.280637, 0.220705], 
              [0.0995404, 0.110472, 0.352758, 0.43723], 
              [0.0301739, 0.908186, 0.0015528, 0.060087], 
              [0.0015528, 0.0165575, 0.0260969, 0.955793], 
              [0.991267, 0.0015528, 0.00562733, 0.0015528], 
              [0.257453, 0.105006, 0.016559, 0.620981], 
              [0.443988, 0.0029441, 0.0015528, 0.551516], 
              [0.574671, 0.0015528, 0.0247081, 0.399068], 
              [0.687665, 0.0369317, 0.00701863, 0.268385], 
              [0.0015528, 0.0015528, 0.0015528, 0.995342], 
              [0.968112, 0.0029441, 0.00701863, 0.0219255], 
              [0.0519379, 0.00423602, 0.919118, 0.0247081], 
              [0.428981, 0.407217, 0.0982484, 0.0655528], 
              [0.268358, 0.287437, 0.201682, 0.242522], 
              [0.279317, 0.230224, 0.264311, 0.226149]
            ]
          }, {
            "db": 0,
            "id": "filter101",
            "len": 17,
            "nsites": 17,
            "evalue": "1.0e+000",
            "pwm": [
              [0.233298, 0.261333, 0.240456, 0.264912], 
              [0.124637, 0.11917, 0.0557427, 0.70045], 
              [0.00414647, 0.113713, 0.367247, 0.514893], 
              [0.0105088, 0.978415, 0.0087193, 0.00235673], 
              [0.22962, 0.681462, 0.00146199, 0.0874561], 
              [0.0567368, 0.153567, 0.287579, 0.502117], 
              [0.62625, 0.0294999, 0.247738, 0.0965124], 
              [0.228725, 0.0241287, 0.42338, 0.323766], 
              [0.358164, 0.210632, 0.225146, 0.206058], 
              [0.525678, 0.124637, 0.330129, 0.0195556], 
              [0.456034, 0.231432, 0.0458056, 0.266728], 
              [0.249528, 0.467766, 0.248633, 0.0340734], 
              [0.264018, 0.236877, 0.183491, 0.315614], 
              [0.0865614, 0.252287, 0.0222398, 0.638912], 
              [0.608094, 0.0612105, 0.140942, 0.189754], 
              [0.296626, 0.0874561, 0.313825, 0.302094], 
              [0.149988, 0.27217, 0.114596, 0.463246]
            ]
          }, {
            "db": 0,
            "id": "filter102",
            "len": 20,
            "nsites": 20,
            "evalue": "1.0e+000",
            "pwm": [
              [0.244925, 0.260647, 0.248706, 0.245721], 
              [0.051189, 0.186101, 0.462591, 0.300119], 
              [0.3627, 0.142125, 0.458114, 0.0370611], 
              [0.0302956, 0.435031, 0.464083, 0.0705901], 
              [0.140647, 0.24791, 0.352289, 0.259154], 
              [0.09218, 0.190578, 0.277037, 0.440205], 
              [0.0832338, 0.160746, 0.496866, 0.259154], 
              [0.156269, 0.00273632, 0.736169, 0.104826], 
              [0.356766, 0.230796, 0.332886, 0.0795522], 
              [0.00124378, 0.692189, 0.245721, 0.0608458], 
              [0.0928856, 0.272587, 0.577363, 0.0571642], 
              [0.278529, 0.119043, 0.222615, 0.379813], 
              [0.0392537, 0.0459204, 0.397761, 0.517065], 
              [0.669104, 0.130896, 0.197264, 0.00273632], 
              [0.0168657, 0.108607, 0.673582, 0.200945], 
              [0.426816, 0.189104, 0.381343, 0.00273632], 
              [0.123433, 0.0251244, 0.219652, 0.631791], 
              [0.0601493, 0.0183582, 0.768209, 0.153284], 
              [0.384328, 0.157065, 0.320249, 0.138358], 
              [0.270325, 0.176386, 0.335904, 0.217385]
            ]
          }, {
            "db": 0,
            "id": "filter103",
            "len": 16,
            "nsites": 16,
            "evalue": "1.0e+000",
            "pwm": [
              [0.376012, 0.135814, 0.262124, 0.22605], 
              [0.215913, 0.192161, 0.244037, 0.347888], 
              [0.293727, 0.250894, 0.233901, 0.221478], 
              [0.0647578, 0.131242, 0.127863, 0.676137], 
              [0.124497, 0.124497, 0.350109, 0.400897], 
              [0.0274907, 0.158373, 0.039913, 0.774224], 
              [0.00602484, 0.645627, 0.106497, 0.241851], 
              [0.168509, 0.828385, 0.0015528, 0.0015528], 
              [0.0218281, 0.218121, 0.00493201, 0.755119], 
              [0.606174, 0.00602484, 0.354646, 0.0331553], 
              [0.00264585, 0.0162594, 0.726847, 0.254248], 
              [0.359118, 0.0557143, 0.540783, 0.0443851], 
              [0.858809, 0.0015528, 0.126758, 0.0128809], 
              [0.601702, 0.236186, 0.143665, 0.0184472], 
              [0.525034, 0.160575, 0.172999, 0.141393], 
              [0.170795, 0.353453, 0.132435, 0.343317]
            ]
          }, {
            "db": 0,
            "id": "filter104",
            "len": 15,
            "nsites": 15,
            "evalue": "1.0e+000",
            "pwm": [
              [0.280497, 0.230728, 0.154735, 0.33404], 
              [0.188491, 0.284243, 0.449525, 0.0777407], 
              [0.390364, 0.0701987, 0.21106, 0.328377], 
              [0.00254976, 0.00254976, 0.510614, 0.484287], 
              [0.00920454, 0.0589678, 0.00821126, 0.923616], 
              [0.277715, 0.71053, 0.00165563, 0.0100993], 
              [0.0364204, 0.628811, 0.171606, 0.163163], 
              [0.207285, 0.200728, 0.158411, 0.433576], 
              [0.394139, 0.00165563, 0.562219, 0.0419868], 
              [0.00165563, 0.202616, 0.484238, 0.31149], 
              [0.686093, 0.138742, 0.0092053, 0.16596], 
              [0.944371, 0.0514238, 0.00254967, 0.00165563], 
              [0.373477, 0.0880795, 0.182848, 0.355596], 
              [0.100209, 0.444846, 0.112428, 0.342518], 
              [0.229812, 0.273019, 0.207264, 0.289905]
            ]
          }, {
            "db": 0,
            "id": "filter105",
            "len": 17,
            "nsites": 17,
            "evalue": "1.0e+000",
            "pwm": [
              [0.217094, 0.299211, 0.229222, 0.254474], 
              [0.226018, 0.580696, 0.0852606, 0.108024], 
              [0.69213, 0.0413235, 0.234965, 0.0315818], 
              [0.00553801, 0.721427, 0.0486842, 0.224351], 
              [0.300801, 0.070655, 0.00961404, 0.61893], 
              [0.10556, 0.0942257, 0.0697671, 0.730447], 
              [0.0168729, 0.718218, 0.197528, 0.0673809], 
              [0.281344, 0.251218, 0.0477941, 0.419644], 
              [0.081201, 0.180427, 0.632812, 0.10556], 
              [0.00961404, 0.303287, 0.582345, 0.104754], 
              [0.0356608, 0.26014, 0.317105, 0.387094], 
              [0.077117, 0.182099, 0.342357, 0.398427], 
              [0.20405, 0.116176, 0.178006, 0.501769], 
              [0.743472, 0.0209493, 0.143839, 0.09174], 
              [0.227632, 0.264216, 0.39445, 0.113702], 
              [0.240631, 0.296795, 0.0926166, 0.369957], 
              [0.181304, 0.535123, 0.099883, 0.18369]
            ]
          }, {
            "db": 0,
            "id": "filter106",
            "len": 18,
            "nsites": 18,
            "evalue": "1.0e+000",
            "pwm": [
              [0.246221, 0.174619, 0.201072, 0.378088], 
              [0.0352928, 0.344177, 0.272575, 0.347956], 
              [0.268796, 0.140807, 0.163381, 0.427017], 
              [0.0540884, 0.0390718, 0.758575, 0.148265], 
              [0.148265, 0.604133, 0.0540884, 0.193514], 
              [0.268796, 0.25, 0.351735, 0.12947], 
              [0.095558, 0.0201768, 0.792486, 0.091779], 
              [0.155823, 0.837635, 0.00138122, 0.00516022], 
              [0.0466298, 0.890343, 0.0127182, 0.0503094], 
              [0.943055, 0.00138122, 0.0466253, 0.00893847], 
              [0.257558, 0.00138122, 0.00138122, 0.73968], 
              [0.167144, 0.419516, 0.185937, 0.227403], 
              [0.329094, 0.0277374, 0.00138122, 0.641788], 
              [0.00138122, 0.0729834, 0.00138122, 0.924254], 
              [0.0692044, 0.0578674, 0.784928, 0.088], 
              [0.0315138, 0.103116, 0.649282, 0.216088], 
              [0.197273, 0.389387, 0.118121, 0.295219], 
              [0.347956, 0.242442, 0.178398, 0.231204]
            ]
          }, {
            "db": 0,
            "id": "filter107",
            "len": 20,
            "nsites": 20,
            "evalue": "1.0e+000",
            "pwm": [
              [0.23209, 0.240846, 0.24602, 0.281045], 
              [0.181343, 0.195373, 0.365025, 0.258259], 
              [0.0187562, 0.685025, 0.0414428, 0.254776], 
              [0.0379602, 0.450697, 0.21806, 0.293284], 
              [0.118446, 0.0116905, 0.200627, 0.669237], 
              [0.321276, 0.111404, 0.562593, 0.00472672], 
              [0.357996, 0.169121, 0.391233, 0.0816498], 
              [0.170896, 0.00472637, 0.515373, 0.309005], 
              [0.3824, 0.401701, 0.0152722, 0.200627], 
              [0.24602, 0.151592, 0.0485075, 0.553881], 
              [0.160348, 0.378955, 0.186617, 0.27408], 
              [0.00303483, 0.0921891, 0.518856, 0.38592], 
              [0.0589552, 0.657065, 0.272289, 0.0116915], 
              [0.163847, 0.646582, 0.0134838, 0.176087], 
              [0.497861, 0.247811, 0.216368, 0.0379602], 
              [0.0589552, 0.0134826, 0.802139, 0.125423], 
              [0.546816, 0.177861, 0.118458, 0.156866], 
              [0.207612, 0.209303, 0.240846, 0.342239], 
              [0.05199, 0.698955, 0.158657, 0.090398], 
              [0.0536816, 0.310796, 0.592289, 0.0432338]
            ]
          }, {
            "db": 0,
            "id": "filter108",
            "len": 15,
            "nsites": 15,
            "evalue": "1.0e+000",
            "pwm": [
              [0.285095, 0.232142, 0.253303, 0.22946], 
              [0.293042, 0.208299, 0.237408, 0.261251], 
              [0.25596, 0.128808, 0.579106, 0.0361258], 
              [0.104967, 0.00165563, 0.812252, 0.0811258], 
              [0.205596, 0.00165563, 0.791093, 0.00165563], 
              [0.00165563, 0.00165563, 0.995033, 0.00165563], 
              [0.00165563, 0.00165563, 0.995033, 0.00165563], 
              [0.295695, 0.518212, 0.00165563, 0.184437], 
              [0.00165563, 0.00165563, 0.995033, 0.00165563], 
              [0.00165563, 0.00165563, 0.995033, 0.00165563], 
              [0.210939, 0.00433748, 0.783068, 0.00165563], 
              [0.200331, 0.0361258, 0.761887, 0.00165563], 
              [0.189721, 0.507633, 0.205616, 0.0970294], 
              [0.274536, 0.21096, 0.293013, 0.22149], 
              [0.192384, 0.343377, 0.208278, 0.25596]
            ]
          }, {
            "db": 0,
            "id": "filter109",
            "len": 18,
            "nsites": 18,
            "evalue": "1.0e+000",
            "pwm": [
              [0.242068, 0.232222, 0.247041, 0.278669], 
              [0.213901, 0.39758, 0.317425, 0.0710939], 
              [0.392707, 0.25547, 0.247713, 0.10411], 
              [0.553171, 0.342023, 0.0809472, 0.0238586], 
              [0.174519, 0.00207735, 0.0689061, 0.754497], 
              [0.0569724, 0.642519, 0.280133, 0.0203757], 
              [0.587624, 0.155525, 0.0295249, 0.227326], 
              [0.00416575, 0.139315, 0.326575, 0.529945], 
              [0.0527904, 0.236452, 0.12528, 0.585478], 
              [0.168171, 0.460974, 0.241372, 0.129482], 
              [0.395492, 0.0935691, 0.142895, 0.368044], 
              [0.119624, 0.472961, 0.247017, 0.160398], 
              [0.0921677, 0.116828, 0.40112, 0.389884], 
              [0.00774586, 0.185757, 0.679812, 0.126685], 
              [0.657337, 0.00983425, 0.014011, 0.318818], 
              [0.237171, 0.0696022, 0.0985414, 0.594685], 
              [0.180884, 0.305392, 0.0914807, 0.422243], 
              [0.0752707, 0.199182, 0.50389, 0.221657]
            ]
          }, {
            "db": 0,
            "id": "filter11",
            "len": 14,
            "nsites": 14,
            "evalue": "1.0e+000",
            "pwm": [
              [0.327546, 0.222199, 0.257348, 0.192908], 
              [0.440638, 0.124695, 0.198766, 0.235901], 
              [0.116851, 0.13244, 0.487504, 0.263206], 
              [0.0427801, 0.686482, 0.116851, 0.153887], 
              [0.00177305, 0.813277, 0.00177305, 0.183177], 
              [0.202738, 0.793716, 0.00177305, 0.00177305], 
              [0.0583631, 0.936105, 0.00375867, 0.00177305], 
              [0.103248, 0.00177305, 0.657191, 0.237787], 
              [0.00763121, 0.932227, 0.00177305, 0.0583688], 
              [0.20661, 0.764525, 0.0270922, 0.00177305], 
              [0.00177305, 0.571404, 0.00177305, 0.42505], 
              [0.354851, 0.581135, 0.00177305, 0.0622411], 
              [0.370477, 0.331451, 0.044671, 0.253401], 
              [0.200732, 0.136398, 0.311926, 0.350944]
            ]
          }, {
            "db": 0,
            "id": "filter110",
            "len": 20,
            "nsites": 20,
            "evalue": "1.0e+000",
            "pwm": [
              [0.262464, 0.24903, 0.254801, 0.233705], 
              [0.61597, 0.0636318, 0.101144, 0.219254], 
              [0.298955, 0.205821, 0.374876, 0.120348], 
              [0.00313433, 0.870498, 0.109801, 0.0165672], 
              [0.774378, 0.070398, 0.151095, 0.00412935], 
              [0.0540796, 0.666816, 0.233682, 0.0454229], 
              [0.27209, 0.138557, 0.480547, 0.108806], 
              [0.0780674, 0.21828, 0.00313452, 0.700518], 
              [0.195274, 0.00890547, 0.648607, 0.147214], 
              [0.117463, 0.766716, 0.0771642, 0.0386567], 
              [0.0992439, 0.369068, 0.245199, 0.286489], 
              [0.256741, 0.333549, 0.339319, 0.0703911], 
              [0.104925, 0.3499, 0.39408, 0.151095], 
              [0.103035, 0.17796, 0.215473, 0.503532], 
              [0.380609, 0.311462, 0.176052, 0.131877], 
              [0.265323, 0.303831, 0.122239, 0.308607], 
              [0.0742713, 0.120336, 0.101134, 0.704258], 
              [0.522736, 0.238458, 0.117463, 0.121343], 
              [0.197184, 0.0694098, 0.171211, 0.562195], 
              [0.389265, 0.278828, 0.210576, 0.121331]
            ]
          }, {
            "db": 0,
            "id": "filter111",
            "len": 15,
            "nsites": 15,
            "evalue": "1.0e+000",
            "pwm": [
              [0.250497, 0.315662, 0.124636, 0.309205], 
              [0.199954, 0.0631518, 0.454284, 0.282611], 
              [0.419371, 0.410232, 0.123742, 0.0466556], 
              [0.140331, 0.612185, 0.207285, 0.0401987], 
              [0.0650268, 0.607555, 0.125617, 0.201801], 
              [0.638808, 0.220199, 0.0934437, 0.0475497], 
              [0.129292, 0.198126, 0.0687019, 0.60388], 
              [0.379002, 0.0585705, 0.0384069, 0.524021], 
              [0.00900736, 0.0980229, 0.00622562, 0.886744], 
              [0.877517, 0.0503311, 0.0704967, 0.00165563], 
              [0.0713977, 0.00344389, 0.015465, 0.909693], 
              [0.60851, 0.00711921, 0.37904, 0.00533113], 
              [0.162301, 0.295427, 0.385436, 0.156837], 
              [0.101689, 0.0429801, 0.30553, 0.549801], 
              [0.173328, 0.367056, 0.302778, 0.156837]
            ]
          }, {
            "db": 0,
            "id": "filter112",
            "len": 20,
            "nsites": 20,
            "evalue": "1.0e+000",
            "pwm": [
              [0.263705, 0.265595, 0.222117, 0.248582], 
              [0.203234, 0.603532, 0.107015, 0.0862189], 
              [0.537463, 0.12204, 0.324129, 0.0163682], 
              [0.265622, 0.0710945, 0.0635323, 0.599751], 
              [0.39016, 0.252363, 0.0277088, 0.329768], 
              [0.00691542, 0.66393, 0.309005, 0.0201493], 
              [0.0352736, 0.212687, 0.0597512, 0.692289], 
              [0.069204, 0.658259, 0.110796, 0.161741], 
              [0.229701, 0.554478, 0.0427363, 0.173085], 
              [0.397761, 0.324129, 0.120149, 0.15796], 
              [0.108905, 0.133383, 0.409104, 0.348607], 
              [0.33733, 0.256144, 0.397722, 0.00880521], 
              [0.288209, 0.486517, 0.0937811, 0.131493], 
              [0.174975, 0.0937811, 0.12393, 0.607313], 
              [0.229701, 0.333582, 0.286318, 0.150398], 
              [0.0616418, 0.0465174, 0.803731, 0.0881095], 
              [0.0182587, 0.518557, 0.0559701, 0.407214], 
              [0.265622, 0.127711, 0.303333, 0.303333], 
              [0.0446269, 0.0994527, 0.850896, 0.00502488], 
              [0.0559701, 0.101343, 0.509104, 0.333582]
            ]
          }, {
            "db": 0,
            "id": "filter113",
            "len": 15,
            "nsites": 15,
            "evalue": "1.0e+000",
            "pwm": [
              [0.0949431, 0.391099, 0.052919, 0.461039], 
              [0.0669205, 0.26053, 0.330464, 0.342086], 
              [0.39106, 0.209172, 0.398113, 0.00165563], 
              [0.519356, 0.00165563, 0.367752, 0.111236], 
              [0.0203311, 0.964735, 0.00165563, 0.0132781], 
              [0.00165563, 0.995033, 0.00165563, 0.00165563], 
              [0.941485, 0.00394063, 0.00632497, 0.0482497], 
              [0.978742, 0.00165563, 0.00860927, 0.0109934], 
              [0.00165563, 0.00165563, 0.00165563, 0.995033], 
              [0.160199, 0.533311, 0.304834, 0.00165563], 
              [0.726894, 0.0250023, 0.0972281, 0.150876], 
              [0.162567, 0.132272, 0.694169, 0.0109924], 
              [0.213841, 0.227848, 0.288444, 0.269868], 
              [0.211556, 0.176589, 0.248808, 0.363046], 
              [0.185846, 0.279134, 0.171938, 0.363083]
            ]
          }, {
            "db": 0,
            "id": "filter114",
            "len": 19,
            "nsites": 19,
            "evalue": "1.0e+000",
            "pwm": [
              [0.184961, 0.332101, 0.0707504, 0.412188], 
              [0.257958, 0.523958, 0.116702, 0.101382], 
              [0.37922, 0.273277, 0.219063, 0.12844], 
              [0.419168, 0.0119518, 0.0601931, 0.508687], 
              [0.680534, 0.0295602, 0.0825812, 0.207325], 
              [0.28034, 0.0342356, 0.0578115, 0.627613], 
              [0.452236, 0.253283, 0.126052, 0.168429], 
              [0.498094, 0.0378168, 0.0307539, 0.433335], 
              [0.0213037, 0.0872565, 0.88655, 0.00489005], 
              [0.0955037, 0.542804, 0.210885, 0.150807], 
              [0.0248848, 0.0307539, 0.282628, 0.661733], 
              [0.0448752, 0.480439, 0.458059, 0.0166267], 
              [0.67231, 0.0130459, 0.0260761, 0.288568], 
              [0.272084, 0.328586, 0.189618, 0.209712], 
              [0.126052, 0.24622, 0.142565, 0.485162], 
              [0.0402042, 0.435723, 0.196681, 0.327393], 
              [0.0825812, 0.17201, 0.0424921, 0.702916], 
              [0.528733, 0.00956545, 0.157885, 0.303817], 
              [0.109628, 0.217947, 0.0860544, 0.586371]
            ]
          }, {
            "db": 0,
            "id": "filter115",
            "len": 16,
            "nsites": 16,
            "evalue": "1.0e+000",
            "pwm": [
              [0.260733, 0.349876, 0.160062, 0.229329], 
              [0.38128, 0.184807, 0.207863, 0.22605], 
              [0.245826, 0.168311, 0.179839, 0.406025], 
              [0.122087, 0.780705, 0.0956552, 0.0015528], 
              [0.179839, 0.468733, 0.0015528, 0.349876], 
              [0.491888, 0.0130807, 0.493478, 0.0015528], 
              [0.394437, 0.0015528, 0.505057, 0.0989538], 
              [0.995342, 0.0015528, 0.0015528, 0.0015528], 
              [0.988783, 0.0081118, 0.0015528, 0.0015528], 
              [0.572783, 0.0015528, 0.424112, 0.0015528], 
              [0.0015528, 0.254174, 0.0015528, 0.74272], 
              [0.571093, 0.0262981, 0.321851, 0.0807578], 
              [0.0989441, 0.188087, 0.711416, 0.0015528], 
              [0.27723, 0.414273, 0.0890062, 0.219491], 
              [0.221081, 0.250795, 0.321851, 0.206273], 
              [0.268981, 0.280509, 0.262422, 0.188087]
            ]
          }, {
            "db": 0,
            "id": "filter116",
            "len": 15,
            "nsites": 15,
            "evalue": "1.0e+000",
            "pwm": [
              [0.342583, 0.0385099, 0.0951325, 0.523775], 
              [0.171325, 0.42702, 0.283576, 0.118079], 
              [0.0951325, 0.119669, 0.159007, 0.626192], 
              [0.507334, 0.00413882, 0.393405, 0.0951231], 
              [0.321293, 0.249975, 0.300831, 0.127901], 
              [0.0893709, 0.442616, 0.227848, 0.240166], 
              [0.0729801, 0.560629, 0.305728, 0.0606623], 
              [0.0533061, 0.384366, 0.0262889, 0.536039], 
              [0.0450706, 0.822963, 0.0606682, 0.0712984], 
              [0.077053, 0.632748, 0.216424, 0.0737748], 
              [0.315532, 0.405721, 0.0984009, 0.180346], 
              [0.371291, 0.00165563, 0.368013, 0.25904], 
              [0.192583, 0.677848, 0.0180464, 0.111523], 
              [0.783465, 0.0033442, 0.131179, 0.0820118], 
              [0.240936, 0.261497, 0.0623449, 0.435222]
            ]
          }, {
            "db": 0,
            "id": "filter117",
            "len": 20,
            "nsites": 20,
            "evalue": "1.0e+000",
            "pwm": [
              [0.248209, 0.261144, 0.256766, 0.233881], 
              [0.347711, 0.406418, 0.191692, 0.0541791], 
              [0.00263682, 0.169502, 0.203134, 0.624726], 
              [0.257537, 0.354144, 0.173067, 0.215252], 
              [0.299055, 0.178756, 0.287612, 0.234577], 
              [0.52592, 0.0742786, 0.344129, 0.0556716], 
              [0.112189, 0.61398, 0.0778607, 0.19597], 
              [0.00552239, 0.243234, 0.52592, 0.225323], 
              [0.11576, 0.0742713, 0.279723, 0.530246], 
              [0.147299, 0.545269, 0.0635261, 0.243906], 
              [0.27398, 0.0355721, 0.236766, 0.453682], 
              [0.039158, 0.105732, 0.347746, 0.507364], 
              [0.410697, 0.200945, 0.0742786, 0.31408], 
              [0.205224, 0.460149, 0.00482587, 0.329801], 
              [0.229579, 0.454333, 0.00701435, 0.309074], 
              [0.17446, 0.184509, 0.533827, 0.107203], 
              [0.623271, 0.110089, 0.256044, 0.0105961], 
              [0.0398546, 0.241765, 0.0907055, 0.627675], 
              [0.693483, 0.0019403, 0.126517, 0.17806], 
              [0.38204, 0.00412935, 0.01199, 0.601841]
            ]
          }, {
            "db": 0,
            "id": "filter118",
            "len": 20,
            "nsites": 20,
            "evalue": "1.0e+000",
            "pwm": [
              [0.286787, 0.237738, 0.243011, 0.232464], 
              [0.1099, 0.0362687, 0.0415423, 0.812289], 
              [0.108109, 0.0240299, 0.516269, 0.351592], 
              [0.384964, 0.0169667, 0.274505, 0.323565], 
              [0.237738, 0.29206, 0.286787, 0.183415], 
              [0.00124378, 0.0327861, 0.216667, 0.749303], 
              [0.353383, 0.547811, 0.0835323, 0.0152736], 
              [0.50403, 0.404129, 0.00124378, 0.090597], 
              [0.038056, 0.295543, 0.228982, 0.437419], 
              [0.01179, 0.57054, 0.167695, 0.249975], 
              [0.0222367, 0.136156, 0.101134, 0.740473], 
              [0.202736, 0.1501, 0.00124378, 0.64592], 
              [0.0380597, 0.500547, 0.435672, 0.0257214], 
              [0.0993532, 0.665224, 0.178159, 0.0572637], 
              [0.243035, 0.0800498, 0.139652, 0.537264], 
              [0.108109, 0.176468, 0.440945, 0.274478], 
              [0.123831, 0.200945, 0.3499, 0.325323], 
              [0.584569, 0.339319, 0.038056, 0.038056], 
              [0.525025, 0.125622, 0.16592, 0.183433], 
              [0.304328, 0.0433333, 0.355075, 0.297264]
            ]
          }, {
            "db": 0,
            "id": "filter119",
            "len": 14,
            "nsites": 14,
            "evalue": "1.0e+000",
            "pwm": [
              [0.526227, 0.0893475, 0.247121, 0.137305], 
              [0.515754, 0.165321, 0.153604, 0.165321], 
              [0.0637243, 0.291475, 0.474846, 0.169955], 
              [0.00177305, 0.839291, 0.0380142, 0.120922], 
              [0.54966, 0.292596, 0.00177305, 0.155972], 
              [0.00177305, 0.959631, 0.0216312, 0.0169645], 
              [0.0169645, 0.588184, 0.391887, 0.00296454], 
              [0.0589645, 0.00177305, 0.34522, 0.594043], 
              [0.00177305, 0.664076, 0.331187, 0.00296442], 
              [0.00524823, 0.914057, 0.0672057, 0.0134894], 
              [0.0473475, 0.550752, 0.0753475, 0.326553], 
              [0.163005, 0.460848, 0.16648, 0.209667], 
              [0.243546, 0.431603, 0.0532057, 0.271645], 
              [0.227262, 0.223688, 0.287929, 0.261121]
            ]
          }, {
            "db": 0,
            "id": "filter12",
            "len": 15,
            "nsites": 15,
            "evalue": "1.0e+000",
            "pwm": [
              [0.213522, 0.126312, 0.3793, 0.280866], 
              [0.285861, 0.0951325, 0.184834, 0.434172], 
              [0.0814238, 0.197351, 0.577517, 0.143709], 
              [0.593709, 0.268377, 0.0303642, 0.10755], 
              [0.0390104, 0.239693, 0.0789481, 0.642349], 
              [0.0589735, 0.350629, 0.108841, 0.481556], 
              [0.413013, 0.00791391, 0.567483, 0.0115894], 
              [0.159901, 0.00165563, 0.803113, 0.0353311], 
              [0.0153642, 0.81553, 0.00165563, 0.16745], 
              [0.0228146, 0.628576, 0.331954, 0.0166556], 
              [0.768146, 0.0690066, 0.146192, 0.0166556], 
              [0.452848, 0.429205, 0.116291, 0.00165563], 
              [0.0427815, 0.0365232, 0.213543, 0.707152], 
              [0.191093, 0.386788, 0.290828, 0.131291], 
              [0.435408, 0.131304, 0.182369, 0.250919]
            ]
          }, {
            "db": 0,
            "id": "filter120",
            "len": 15,
            "nsites": 15,
            "evalue": "1.0e+000",
            "pwm": [
              [0.109536, 0.510861, 0.297682, 0.0819205], 
              [0.518411, 0.262517, 0.117086, 0.101987], 
              [0.184735, 0.335331, 0.468245, 0.0116887], 
              [0.031755, 0.0518212, 0.0970199, 0.819404], 
              [0.0393009, 0.912194, 0.0116877, 0.0368177], 
              [0.985, 0.00165563, 0.0092053, 0.00413907], 
              [0.0442715, 0.00672185, 0.85457, 0.0944371], 
              [0.0442715, 0.862119, 0.0919536, 0.00165563], 
              [0.786743, 0.147171, 0.0167535, 0.049333], 
              [0.453146, 0.327781, 0.0568874, 0.162185], 
              [0.224868, 0.167252, 0.0217219, 0.586159], 
              [0.355397, 0.0944371, 0.00165563, 0.54851], 
              [0.212351, 0.0819205, 0.0192384, 0.68649], 
              [0.219879, 0.34533, 0.139622, 0.295169], 
              [0.177285, 0.470728, 0.13457, 0.217417]
            ]
          }, {
            "db": 0,
            "id": "filter121",
            "len": 20,
            "nsites": 20,
            "evalue": "1.0e+000",
            "pwm": [
              [0.273709, 0.255697, 0.23052, 0.240074], 
              [0.177662, 0.00363184, 0.632587, 0.186119], 
              [0.133284, 0.622935, 0.145323, 0.0984577], 
              [0.292886, 0.165721, 0.0432338, 0.498159], 
              [0.253309, 0.295303, 0.348144, 0.103244], 
              [0.534179, 0.0348756, 0.0984577, 0.332488], 
              [0.14403, 0.295274, 0.280945, 0.279751], 
              [0.158473, 0.36735, 0.220868, 0.253309], 
              [0.0888967, 0.386479, 0.165705, 0.358919], 
              [0.516169, 0.0697015, 0.236468, 0.177662], 
              [0.00482623, 0.831874, 0.0816498, 0.0816498], 
              [0.00960283, 0.46935, 0.00840868, 0.512638], 
              [0.0708955, 0.309701, 0.266517, 0.352886], 
              [0.300149, 0.504129, 0.0324876, 0.163234], 
              [0.00243769, 0.795791, 0.129689, 0.0720825], 
              [0.078052, 0.205303, 0.680579, 0.0360662], 
              [0.0493035, 0.447711, 0.303731, 0.199254], 
              [0.169303, 0.559353, 0.0996517, 0.171692], 
              [0.00243781, 0.507711, 0.0504975, 0.439353], 
              [0.0696946, 0.224505, 0.0492987, 0.656502]
            ]
          }, {
            "db": 0,
            "id": "filter122",
            "len": 20,
            "nsites": 20,
            "evalue": "1.0e+000",
            "pwm": [
              [0.251692, 0.236965, 0.26194, 0.249403], 
              [0.325356, 0.473828, 0.0567717, 0.144044], 
              [0.0148743, 0.562183, 0.306089, 0.116854], 
              [0.324229, 0.408109, 0.0340796, 0.233582], 
              [0.1735, 0.569062, 0.0714996, 0.185939], 
              [0.125908, 0.632424, 0.0466124, 0.195055], 
              [0.472687, 0.285721, 0.111194, 0.130398], 
              [0.0714855, 0.896478, 0.0114915, 0.0205453], 
              [0.256243, 0.570142, 0.149687, 0.0239281], 
              [0.0205453, 0.457915, 0.0726794, 0.448861], 
              [0.0397474, 0.887424, 0.0522835, 0.0205453], 
              [0.0250249, 0.665323, 0.102139, 0.207512], 
              [0.324229, 0.332189, 0.0839303, 0.259652], 
              [0.284556, 0.476117, 0.115683, 0.123644], 
              [0.0748756, 0.672189, 0.115672, 0.137264], 
              [0.422794, 0.201821, 0.0466124, 0.328773], 
              [0.257363, 0.295871, 0.210896, 0.235871], 
              [0.255075, 0.497662, 0.131592, 0.115672], 
              [0.0114925, 0.502139, 0.428507, 0.0578607], 
              [0.133867, 0.174659, 0.175754, 0.51572]
            ]
          }, {
            "db": 0,
            "id": "filter123",
            "len": 16,
            "nsites": 16,
            "evalue": "1.0e+000",
            "pwm": [
              [0.238075, 0.249106, 0.261925, 0.250894], 
              [0.113056, 0.236385, 0.525677, 0.124882], 
              [0.208282, 0.618459, 0.0287853, 0.144474], 
              [0.0160621, 0.123193, 0.247416, 0.613329], 
              [0.448261, 0.286571, 0.223665, 0.0415031], 
              [0.0942733, 0.0526335, 0.255068, 0.598025], 
              [0.65073, 0.0211285, 0.00244712, 0.325694], 
              [0.152112, 0.540981, 0.00582609, 0.301081], 
              [0.386983, 0.00831123, 0.107104, 0.497602], 
              [0.044977, 0.110461, 0.135999, 0.708563], 
              [0.65159, 0.255963, 0.0407081, 0.0517391], 
              [0.126658, 0.0891962, 0.734101, 0.0500448], 
              [0.232112, 0.746, 0.0177516, 0.00413665], 
              [0.104509, 0.141975, 0.215118, 0.538398], 
              [0.168294, 0.384421, 0.299362, 0.147923], 
              [0.188783, 0.261031, 0.324832, 0.225354]
            ]
          }, {
            "db": 0,
            "id": "filter124",
            "len": 16,
            "nsites": 16,
            "evalue": "1.0e+000",
            "pwm": [
              [0.249304, 0.260634, 0.223665, 0.266398], 
              [0.0983478, 0.716286, 0.0955652, 0.0898012], 
              [0.0243106, 0.149627, 0.0499503, 0.776112], 
              [0.0101002, 0.263542, 0.613788, 0.11257], 
              [0.986795, 0.0015528, 0.0100994, 0.0015528], 
              [0.0015528, 0.0015528, 0.0015528, 0.995342], 
              [0.0015528, 0.0015528, 0.0015528, 0.995342], 
              [0.0015528, 0.0015528, 0.995342, 0.0015528], 
              [0.0015528, 0.0870186, 0.909876, 0.0015528], 
              [0.0300717, 0.340401, 0.106884, 0.522644], 
              [0.0015528, 0.428683, 0.0385217, 0.531242], 
              [0.317645, 0.380248, 0.272035, 0.0300717], 
              [0.568211, 0.129652, 0.280609, 0.021528], 
              [0.135416, 0.163839, 0.334671, 0.366075], 
              [0.146745, 0.141081, 0.340435, 0.371739], 
              [0.0699186, 0.23507, 0.23507, 0.459942]
            ]
          }, {
            "db": 0,
            "id": "filter125",
            "len": 14,
            "nsites": 14,
            "evalue": "1.0e+000",
            "pwm": [
              [0.287333, 0.234014, 0.297163, 0.181489], 
              [0.302525, 0.124397, 0.131943, 0.441135], 
              [0.397745, 0.242355, 0.170766, 0.189135], 
              [0.335291, 0.00256738, 0.0535035, 0.608638], 
              [0.327645, 0.561475, 0.0428794, 0.068], 
              [0.299447, 0.0436738, 0.00177305, 0.655106], 
              [0.00177305, 0.00177305, 0.951291, 0.0451631], 
              [0.0847801, 0.757872, 0.0436738, 0.113674], 
              [0.575872, 0.00405674, 0.00941844, 0.410652], 
              [0.377887, 0.0208369, 0.51878, 0.0824965], 
              [0.832539, 0.00782979, 0.0200426, 0.139589], 
              [0.221084, 0.195966, 0.240047, 0.342902], 
              [0.390099, 0.0832908, 0.10305, 0.42356], 
              [0.265986, 0.119035, 0.355844, 0.259135]
            ]
          }, {
            "db": 0,
            "id": "filter126",
            "len": 20,
            "nsites": 20,
            "evalue": "1.0e+000",
            "pwm": [
              [0.252562, 0.301015, 0.200229, 0.246194], 
              [0.0146753, 0.0165656, 0.321411, 0.647348], 
              [0.563831, 0.010796, 0.422239, 0.00313433], 
              [0.104538, 0.00124378, 0.228331, 0.665887], 
              [0.353284, 0.0478109, 0.288308, 0.310597], 
              [0.470697, 0.260846, 0.121144, 0.147313], 
              [0.348209, 0.0229353, 0.0854229, 0.543433], 
              [0.00502488, 0.467512, 0.0554726, 0.47199], 
              [0.799771, 0.106507, 0.02552, 0.0682023], 
              [0.161327, 0.0612378, 0.611631, 0.165804], 
