<!DOCTYPE HTML>
<html>
  <head>
    <meta charset="UTF-8">
    <title>Tomtom Results</title>
    <script>
      // @JSON_VAR data
      var data = {
        "program": "Tomtom",
        "version": "5.3.3",
        "release": "Sun Feb 7 15:39:52 2021 -0800",
        "cmd": [
          "tomtom", "-evalue", "-thresh", "0.1", "-o",
          "results/filters/model-128/trial-3",
          "motifs/filters/model-128/trial-3.txt", "./motif_database.txt"
        ],
        "options": {
          "strands": "both",
          "distance_measure": "ed",
          "threshold_type": "evalue",
          "threshold_value": 0.1,
          "background_source": "--query--"
        },
        "alphabet": {
          "name": "DNA",
          "like": "dna",
          "ncore": 4,
          "symbols": [
            {
              "symbol": "A",
              "name": "Adenine",
              "colour": "CC0000",
              "complement": "T"
            }, {
              "symbol": "C",
              "name": "Cytosine",
              "colour": "0000CC",
              "complement": "G"
            }, {
              "symbol": "G",
              "name": "Guanine",
              "colour": "FFB300",
              "complement": "C"
            }, {
              "symbol": "T",
              "aliases": "U",
              "name": "Thymine",
              "colour": "008000",
              "complement": "A"
            }, {
              "symbol": "N",
              "aliases": "X.",
              "name": "Any base",
              "equals": "ACGT"
            }, {
              "symbol": "V",
              "name": "Not T",
              "equals": "ACG"
            }, {
              "symbol": "H",
              "name": "Not G",
              "equals": "ACT"
            }, {
              "symbol": "D",
              "name": "Not C",
              "equals": "AGT"
            }, {
              "symbol": "B",
              "name": "Not A",
              "equals": "CGT"
            }, {
              "symbol": "M",
              "name": "Amino",
              "equals": "AC"
            }, {
              "symbol": "R",
              "name": "Purine",
              "equals": "AG"
            }, {
              "symbol": "W",
              "name": "Weak",
              "equals": "AT"
            }, {
              "symbol": "S",
              "name": "Strong",
              "equals": "CG"
            }, {
              "symbol": "Y",
              "name": "Pyrimidine",
              "equals": "CT"
            }, {
              "symbol": "K",
              "name": "Keto",
              "equals": "GT"
            }
          ]
        },
        "background": [0.25, 0.25, 0.25, 0.25],
        "query_dbs": [
          {
            "source": "motifs/filters/model-128/trial-3.txt",
            "name": "trial-3.txt",
            "loaded": 128,
            "excluded": 0,
            "last_modified": "Tue Mar 30 09:49:17 2021"
          }
        ],
        "target_dbs": [
          {
            "source": "./motif_database.txt",
            "name": "motif_database.txt",
            "loaded": 1964,
            "excluded": 0,
            "last_modified": "Mon Mar 29 09:53:08 2021"
          }
        ],
        "queries": [
          {
            "db": 0,
            "id": "filter0",
            "len": 11,
            "nsites": 11,
            "evalue": "1.0e+000",
            "pwm": [
              [0.203225, 0.34018, 0.326901, 0.129694], 
              [0.384676, 0.318378, 0.134054, 0.162892], 
              [0.31273, 0.507856, 0.109775, 0.0696396], 
              [0.35227, 0.0217748, 0.612108, 0.0138468], 
              [0.114532, 0.619937, 0.238505, 0.027027], 
              [0.377243, 0.301036, 0.265856, 0.0558649], 
              [0.25882, 0.0478378, 0.352072, 0.34127], 
              [0.0531892, 0.0112703, 0.238108, 0.697432], 
              [0.383151, 0.0812263, 0.10154, 0.434083], 
              [0.355937, 0.443441, 0.102144, 0.0984775], 
              [0.587036, 0.203324, 0.0864865, 0.123153]
            ]
          }, {
            "db": 0,
            "id": "filter1",
            "len": 12,
            "nsites": 12,
            "evalue": "1.0e+000",
            "pwm": [
              [0.42038, 0.0773388, 0.17086, 0.331421], 
              [0.291653, 0.21281, 0.226099, 0.269438], 
              [0.109471, 0.412545, 0.094, 0.383983], 
              [0.331389, 0.534178, 0.105196, 0.029237], 
              [0.826281, 0.110374, 0.0551293, 0.00821549], 
              [0.0559174, 0.256843, 0.0708926, 0.616347], 
              [0.0375667, 0.397332, 0.493521, 0.0715798], 
              [0.790496, 0.0032562, 0.0211074, 0.18514], 
              [0.0328099, 0.016843, 0.825901, 0.124446], 
              [0.128512, 0.408975, 0.0387603, 0.423752], 
              [0.15924, 0.234208, 0.0737614, 0.53279], 
              [0.32233, 0.116325, 0.0918272, 0.469518]
            ]
          }, {
            "db": 0,
            "id": "filter10",
            "len": 13,
            "nsites": 13,
            "evalue": "1.0e+000",
            "pwm": [
              [0.280366, 0.383176, 0.214374, 0.122084], 
              [0.0607557, 0.268954, 0.446191, 0.224099], 
              [0.440987, 0.122072, 0.417371, 0.0195708], 
              [0.79471, 0.00587786, 0.193733, 0.00567939], 
              [0.0758471, 0.632422, 0.227794, 0.0639375], 
              [0.0902378, 0.148595, 0.600167, 0.161001], 
              [0.305473, 0.287313, 0.0019084, 0.405305], 
              [0.294756, 0.0299924, 0.666397, 0.00885496], 
              [0.0272137, 0.0324733, 0.39429, 0.546023], 
              [0.167749, 0.684526, 0.0872604, 0.0604639], 
              [0.534611, 0.0662137, 0.295252, 0.103924], 
              [0.0865573, 0.315893, 0.518733, 0.0788168], 
              [0.299549, 0.340736, 0.0966889, 0.263026]
            ]
          }, {
            "db": 0,
            "id": "filter100",
            "len": 11,
            "nsites": 11,
            "evalue": "1.0e+000",
            "pwm": [
              [0.231072, 0.259414, 0.199459, 0.310054], 
              [0.162198, 0.230279, 0.416189, 0.191333], 
              [0.32733, 0.167863, 0.185207, 0.319599], 
              [0.452063, 0.0351532, 0.507757, 0.00502703], 
              [0.039018, 0.881261, 0.0703333, 0.00938739], 
              [0.506616, 0.218564, 0.272468, 0.00235134], 
              [0.00245045, 0.265757, 0.470694, 0.261099], 
              [0.0211802, 0.00354054, 0.742225, 0.233054], 
              [0.203919, 0.165369, 0.238405, 0.392306], 
              [0.309391, 0.307805, 0.174107, 0.208696], 
              [0.343054, 0.190739, 0.122162, 0.344045]
            ]
          }, {
            "db": 0,
            "id": "filter101",
            "len": 12,
            "nsites": 12,
            "evalue": "1.0e+000",
            "pwm": [
              [0.378467, 0.226221, 0.330165, 0.0651468], 
              [0.206264, 0.305934, 0.275289, 0.212512], 
              [0.124359, 0.172265, 0.48023, 0.223146], 
              [0.330826, 0.00950413, 0.53314, 0.126529], 
              [0.0239813, 0.345569, 0.453657, 0.176792], 
              [0.0212066, 0.968215, 0.00206612, 0.0085124], 
              [0.185339, 0.00464463, 0.658694, 0.151322], 
              [0.109163, 0.0955774, 0.479737, 0.315522], 
              [0.039157, 0.0469917, 0.10957, 0.804281], 
              [0.19357, 0.330826, 0.270331, 0.205273], 
              [0.419347, 0.262668, 0.149522, 0.168463], 
              [0.182959, 0.411851, 0.242959, 0.162231]
            ]
          }, {
            "db": 0,
            "id": "filter102",
            "len": 16,
            "nsites": 16,
            "evalue": "1.0e+000",
            "pwm": [
              [0.06218, 0.27676, 0.367502, 0.293557], 
              [0.245751, 0.0775852, 0.182142, 0.494521], 
              [0.145056, 0.215615, 0.27713, 0.362199], 
              [0.305484, 0.653941, 0.0374322, 0.00314302], 
              [0.0500448, 0.555634, 0.00334144, 0.39098], 
              [0.315689, 0.0406087, 0.034646, 0.609056], 
              [0.544261, 0.00175155, 0.451739, 0.00224845], 
              [0.00175155, 0.00344099, 0.611043, 0.383764], 
              [0.365415, 0.341065, 0.219811, 0.0737091], 
              [0.367466, 0.107193, 0.143963, 0.381379], 
              [0.128062, 0.34928, 0.42282, 0.0998385], 
              [0.18777, 0.190056, 0.434404, 0.18777], 
              [0.08494, 0.39553, 0.0183495, 0.50118], 
              [0.218795, 0.275342, 0.172484, 0.333379], 
              [0.258547, 0.220484, 0.134522, 0.386447], 
              [0.269379, 0.343317, 0.103019, 0.284286]
            ]
          }, {
            "db": 0,
            "id": "filter103",
            "len": 15,
            "nsites": 15,
            "evalue": "1.0e+000",
            "pwm": [
              [0.24543, 0.239669, 0.255265, 0.259636], 
              [0.233632, 0.18078, 0.396364, 0.189224], 
              [0.252384, 0.366921, 0.122947, 0.257748], 
              [0.0677152, 0.531126, 0.355397, 0.0457616], 
              [0.0744702, 0.474702, 0.363543, 0.0872848], 
              [0.372483, 0.0156623, 0.385993, 0.225861], 
              [0.0491391, 0.0236093, 0.592417, 0.334834], 
              [0.32043, 0.0927483, 0.258444, 0.328377], 
              [0.00165563, 0.260132, 0.276026, 0.462185], 
              [0.263212, 0.627384, 0.0214238, 0.0879801], 
              [0.851873, 0.0216245, 0.0269893, 0.0995131], 
              [0.00334437, 0.809868, 0.183245, 0.00354305], 
              [0.278907, 0.205894, 0.377351, 0.137848], 
              [0.260854, 0.100507, 0.317979, 0.320661], 
              [0.13498, 0.182468, 0.533364, 0.149187]
            ]
          }, {
            "db": 0,
            "id": "filter104",
            "len": 12,
            "nsites": 12,
            "evalue": "1.0e+000",
            "pwm": [
              [0.239388, 0.0771405, 0.225306, 0.458165], 
              [0.434109, 0.29555, 0.243776, 0.0265644], 
              [0.176909, 0.414231, 0.0397521, 0.369107], 
              [0.111256, 0.709372, 0.105603, 0.0737686], 
              [0.498926, 0.0611736, 0.26805, 0.171851], 
              [0.573306, 0.183355, 0.206264, 0.0370744], 
              [0.00672681, 0.0741581, 0.0362776, 0.882838], 
              [0.215906, 0.602027, 0.177323, 0.00474407], 
              [0.444424, 0.00603345, 0.509786, 0.0397558], 
              [0.190099, 0.458661, 0.201008, 0.150231], 
              [0.115917, 0.227587, 0.223818, 0.432678], 
              [0.502893, 0.0707934, 0.156777, 0.269537]
            ]
          }, {
            "db": 0,
            "id": "filter105",
            "len": 11,
            "nsites": 11,
            "evalue": "1.0e+000",
            "pwm": [
              [0.140396, 0.0882703, 0.230577, 0.540757], 
              [0.0557658, 0.311838, 0.149514, 0.482883], 
              [0.384676, 0.436802, 0.16636, 0.0121622], 
              [0.703279, 0.267441, 0.0267297, 0.00254955], 
              [0.574946, 0.0751892, 0.0475405, 0.302324], 
              [0.586739, 0.129198, 0.0829189, 0.201144], 
              [0.00572037, 0.191711, 0.246012, 0.556557], 
              [0.0365405, 0.409649, 0.525793, 0.028018], 
              [0.231446, 0.269, 0.347479, 0.152075], 
              [0.164874, 0.277351, 0.135541, 0.422234], 
              [0.209171, 0.0895586, 0.334532, 0.366739]
            ]
          }, {
            "db": 0,
            "id": "filter106",
            "len": 9,
            "nsites": 9,
            "evalue": "1.0e+000",
            "pwm": [
              [0.180967, 0.244659, 0.228736, 0.345637], 
              [0.293714, 0.00581319, 0.46956, 0.230912], 
              [0.0381538, 0.231604, 0.234473, 0.495769], 
              [0.768835, 0.160593, 0.0666374, 0.00393407], 
              [0.947949, 0.00304393, 0.0380514, 0.0109552], 
              [0.27406, 0.174457, 0.548736, 0.00274725], 
              [0.102242, 0.273044, 0.0742527, 0.550462], 
              [0.0867143, 0.31122, 0.240209, 0.361857], 
              [0.463033, 0.294604, 0.151, 0.0913626]
            ]
          }, {
            "db": 0,
            "id": "filter107",
            "len": 16,
            "nsites": 16,
            "evalue": "1.0e+000",
            "pwm": [
              [0.245404, 0.23189, 0.229903, 0.292803], 
              [0.14287, 0.165826, 0.396385, 0.294919], 
              [0.216907, 0.18113, 0.385553, 0.21641], 
              [0.0502484, 0.632112, 0.266, 0.0516398], 
              [0.121503, 0.256062, 0.277627, 0.344807], 
              [0.503267, 0.1674, 0.254944, 0.0743902], 
              [0.210667, 0.0015528, 0.239191, 0.548589], 
              [0.372074, 0.0303756, 0.0730134, 0.524537], 
              [0.27882, 0.487416, 0.00513043, 0.228634], 
              [0.469329, 0.277627, 0.0407081, 0.212335], 
              [0.00403702, 0.122783, 0.0116884, 0.861492], 
              [0.256062, 0.237081, 0.486522, 0.0203354], 
              [0.068236, 0.283988, 0.63887, 0.00890683], 
              [0.282398, 0.299988, 0.226248, 0.191366], 
              [0.347257, 0.412145, 0.151202, 0.0893949], 
              [0.301707, 0.282724, 0.22478, 0.190789]
            ]
          }, {
            "db": 0,
            "id": "filter108",
            "len": 11,
            "nsites": 11,
            "evalue": "1.0e+000",
            "pwm": [
              [0.349892, 0.130387, 0.261396, 0.258324], 
              [0.301997, 0.0248446, 0.284359, 0.388799], 
              [0.21385, 0.532287, 0.162016, 0.0918468], 
              [0.085, 0.596351, 0.0428829, 0.275766], 
              [0.00710762, 0.00235134, 0.985415, 0.00512584], 
              [0.0311892, 0.778297, 0.0112703, 0.179243], 
              [0.267342, 0.475946, 0.00324324, 0.253468], 
              [0.55538, 0.00264869, 0.399878, 0.0420941], 
              [0.188856, 0.186477, 0.257928, 0.366739], 
              [0.189828, 0.246606, 0.198647, 0.364919], 
              [0.194703, 0.23018, 0.158333, 0.416784]
            ]
          }, {
            "db": 0,
            "id": "filter109",
            "len": 11,
            "nsites": 11,
            "evalue": "1.0e+000",
            "pwm": [
              [0.0888735, 0.347251, 0.31395, 0.249926], 
              [0.357423, 0.13891, 0.448198, 0.0554685], 
              [0.0076036, 0.18509, 0.403009, 0.404297], 
              [0.430106, 0.430205, 0.0145418, 0.125147], 
              [0.164378, 0.0115676, 0.66473, 0.159324], 
              [0.0801519, 0.0984871, 0.381344, 0.440017], 
              [0.0407065, 0.701367, 0.0127578, 0.245168], 
              [0.00304505, 0.487243, 0.397459, 0.112252], 
              [0.383784, 0.184198, 0.360694, 0.0713243], 
              [0.357883, 0.0604176, 0.507904, 0.0737946], 
              [0.400928, 0.161207, 0.373279, 0.0645856]
            ]
          }, {
            "db": 0,
            "id": "filter11",
            "len": 8,
            "nsites": 8,
            "evalue": "1.0e+000",
            "pwm": [
              [0.448178, 0.0312318, 0.129592, 0.390998], 
              [0.305141, 0.474146, 0.0420039, 0.178709], 
              [0.362198, 0.112222, 0.415235, 0.110346], 
              [0.0059509, 0.00743253, 0.0615614, 0.925055], 
              [0.00308642, 0.26521, 0.728617, 0.00308642], 
              [0.464716, 0.0208642, 0.353506, 0.160914], 
              [0.162379, 0.334708, 0.169687, 0.333226], 
              [0.240692, 0.286712, 0.105496, 0.367099]
            ]
          }, {
            "db": 0,
            "id": "filter110",
            "len": 11,
            "nsites": 11,
            "evalue": "1.0e+000",
            "pwm": [
              [0.275738, 0.229563, 0.327562, 0.167137], 
              [0.254459, 0.262685, 0.334432, 0.148423], 
              [0.45637, 0.209192, 0.264594, 0.0698446], 
              [0.00641441, 0.0175135, 0.0189009, 0.957171], 
              [0.060027, 0.362378, 0.189649, 0.387946], 
              [0.270712, 0.00512613, 0.53164, 0.192523], 
              [0.0342613, 0.0973874, 0.866099, 0.00225225], 
              [0.727459, 0.0225676, 0.0665676, 0.183405], 
              [0.00225225, 0.337306, 0.205802, 0.45464], 
              [0.23858, 0.199142, 0.309726, 0.252552], 
              [0.0783604, 0.325018, 0.216703, 0.379919]
            ]
          }, {
            "db": 0,
            "id": "filter111",
            "len": 14,
            "nsites": 14,
            "evalue": "1.0e+000",
            "pwm": [
              [0.329035, 0.198567, 0.235702, 0.236695], 
              [0.234709, 0.282865, 0.166298, 0.316128], 
              [0.0854752, 0.190326, 0.387319, 0.336879], 
              [0.00733333, 0.134128, 0.0647234, 0.793816], 
              [0.0387092, 0.583121, 0.0144823, 0.363688], 
              [0.139078, 0.500361, 0.182365, 0.178195], 
              [0.0327518, 0.736723, 0.127574, 0.10295], 
              [0.173926, 0.0077299, 0.740423, 0.0779215], 
              [0.0498298, 0.193007, 0.672085, 0.085078], 
              [0.815163, 0.165305, 0.0116028, 0.00792908], 
              [0.622043, 0.263603, 0.0231206, 0.091234], 
              [0.434879, 0.334199, 0.0945106, 0.136411], 
              [0.25211, 0.381995, 0.11726, 0.248635], 
              [0.288624, 0.225177, 0.204922, 0.281277]
            ]
          }, {
            "db": 0,
            "id": "filter112",
            "len": 13,
            "nsites": 13,
            "evalue": "1.0e+000",
            "pwm": [
              [0.221519, 0.306962, 0.25387, 0.217649], 
              [0.24474, 0.181824, 0.298031, 0.275405], 
              [0.341298, 0.228664, 0.213282, 0.216756], 
              [0.436962, 0.426641, 0.130618, 0.00577863], 
              [0.177738, 0.186669, 0.229832, 0.405761], 
              [0.462863, 0.259824, 0.217947, 0.0593664], 
              [0.057288, 0.00309936, 0.847291, 0.092322], 
              [0.0366412, 0.325321, 0.578771, 0.0592672], 
              [0.204351, 0.00230534, 0.0019084, 0.791435], 
              [0.496206, 0.00865649, 0.0019084, 0.493229], 
              [0.0781221, 0.346359, 0.371069, 0.20445], 
              [0.408183, 0.272328, 0.039916, 0.279573], 
              [0.249702, 0.201076, 0.369878, 0.179344]
            ]
          }, {
            "db": 0,
            "id": "filter113",
            "len": 20,
            "nsites": 20,
            "evalue": "1.0e+000",
            "pwm": [
              [0.257139, 0.253955, 0.250771, 0.238136], 
              [0.17, 0.388607, 0.206418, 0.234975], 
              [0.412388, 0.220647, 0.171592, 0.195373], 
              [0.717363, 0.00920398, 0.149403, 0.12403], 
              [0.365622, 0.210398, 0.029005, 0.394975], 
              [0.165224, 0.0828358, 0.305423, 0.446517], 
              [0.0860199, 0.0250249, 0.0344776, 0.854478], 
              [0.0194527, 0.479751, 0.499552, 0.00124378], 
              [0.264229, 0.723731, 0.00363184, 0.00840796], 
              [0.00363184, 0.00124378, 0.712687, 0.282438], 
              [0.00761194, 0.201642, 0.731692, 0.0590547], 
              [0.668308, 0.0796517, 0.108209, 0.143831], 
              [0.200866, 0.386257, 0.12245, 0.290427], 
              [0.466272, 0.111382, 0.164412, 0.257935], 
              [0.0852323, 0.307046, 0.0970743, 0.510648], 
              [0.268182, 0.0725799, 0.379912, 0.279325], 
              [0.109801, 0.104229, 0.709502, 0.0764677], 
              [0.159652, 0.256368, 0.41398, 0.17], 
              [0.134378, 0.281642, 0.317363, 0.266617], 
              [0.285622, 0.232587, 0.295174, 0.186617]
            ]
          }, {
            "db": 0,
            "id": "filter114",
            "len": 14,
            "nsites": 14,
            "evalue": "1.0e+000",
            "pwm": [
              [0.161333, 0.157858, 0.257348, 0.423461], 
              [0.299218, 0.286411, 0.184847, 0.229523], 
              [0.216539, 0.27383, 0.133433, 0.376199], 
              [0.639915, 0.0748511, 0.263801, 0.0214326], 
              [0.181011, 0.261444, 0.081015, 0.47653], 
              [0.155674, 0.449972, 0.00207092, 0.392284], 
              [0.735035, 0.0958014, 0.00276596, 0.166397], 
              [0.113376, 0.535064, 0.00246809, 0.349092], 
              [0.0788304, 0.00395767, 0.436313, 0.480899], 
              [0.668511, 0.00604255, 0.00514894, 0.320298], 
              [0.210085, 0.0427801, 0.648851, 0.0982837], 
              [0.294681, 0.365376, 0.109106, 0.230837], 
              [0.173645, 0.182681, 0.153887, 0.489787], 
              [0.246823, 0.391787, 0.126582, 0.234809]
            ]
          }, {
            "db": 0,
            "id": "filter115",
            "len": 13,
            "nsites": 13,
            "evalue": "1.0e+000",
            "pwm": [
              [0.324328, 0.153344, 0.384069, 0.13826], 
              [0.139734, 0.458351, 0.329853, 0.0720617], 
              [0.226282, 0.436466, 0.171305, 0.165947], 
              [0.14987, 0.71929, 0.121092, 0.00974809], 
              [0.316588, 0.414634, 0.0112366, 0.257542], 
              [0.235908, 0.348542, 0.29555, 0.12], 
              [0.108995, 0.132318, 0.00379408, 0.754892], 
              [0.051229, 0.00230534, 0.412053, 0.534412], 
              [0.140244, 0.167634, 0.684656, 0.00746565], 
              [0.0239389, 0.555351, 0.393298, 0.0274122], 
              [0.11613, 0.32016, 0.327603, 0.236107], 
              [0.159198, 0.479733, 0.185198, 0.17587], 
              [0.373351, 0.288901, 0.233328, 0.10442]
            ]
          }, {
            "db": 0,
            "id": "filter116",
            "len": 9,
            "nsites": 9,
            "evalue": "1.0e+000",
            "pwm": [
              [0.285209, 0.00274725, 0.339604, 0.37244], 
              [0.362513, 0.351833, 0.281719, 0.00393395], 
              [0.556791, 0.0489341, 0.303505, 0.0907692], 
              [0.0143198, 0.591564, 0.255564, 0.138552], 
              [0.00492329, 0.0173861, 0.00274725, 0.974943], 
              [0.00274725, 0.297967, 0.140714, 0.558571], 
              [0.353451, 0.366209, 0.00284615, 0.277495], 
              [0.144473, 0.384901, 0.203022, 0.267604], 
              [0.300143, 0.140319, 0.297275, 0.262264]
            ]
          }, {
            "db": 0,
            "id": "filter117",
            "len": 12,
            "nsites": 12,
            "evalue": "1.0e+000",
            "pwm": [
              [0.310168, 0.344577, 0.193055, 0.1522], 
              [0.217868, 0.13724, 0.268347, 0.376545], 
              [0.12255, 0.543103, 0.224093, 0.110254], 
              [0.0201157, 0.0198182, 0.0358843, 0.924182], 
              [0.784744, 0.138331, 0.0737686, 0.00315702], 
              [0.211599, 0.195534, 0.0733648, 0.519502], 
              [0.0540279, 0.352907, 0.468929, 0.124137], 
              [0.0925124, 0.583521, 0.13476, 0.189207], 
              [0.09877, 0.489156, 0.0270604, 0.385014], 
              [0.0168415, 0.313737, 0.345668, 0.323753], 
              [0.542959, 0.160248, 0.252281, 0.0445124], 
              [0.286595, 0.157273, 0.362463, 0.193669]
            ]
          }, {
            "db": 0,
            "id": "filter118",
            "len": 15,
            "nsites": 15,
            "evalue": "1.0e+000",
            "pwm": [
              [0.183642, 0.546325, 0.180166, 0.0898675], 
              [0.217892, 0.507135, 0.159488, 0.115485], 
              [0.340199, 0.0223179, 0.363245, 0.274238], 
              [0.0270861, 0.523377, 0.00831126, 0.441225], 
              [0.36199, 0.034043, 0.570421, 0.0335462], 
              [0.00165563, 0.526854, 0.0543046, 0.417185], 
              [0.508179, 0.0228146, 0.293311, 0.175695], 
              [0.289636, 0.250894, 0.00443709, 0.455033], 
              [0.207583, 0.15255, 0.467152, 0.172715], 
              [0.621722, 0.032351, 0.263411, 0.0825166], 
              [0.0991157, 0.111634, 0.42587, 0.363381], 
              [0.161605, 0.587708, 0.0287775, 0.221909], 
              [0.524272, 0.142318, 0.115497, 0.217914], 
              [0.373713, 0.080637, 0.22946, 0.31619], 
              [0.207562, 0.280866, 0.160679, 0.350892]
            ]
          }, {
            "db": 0,
            "id": "filter119",
            "len": 12,
            "nsites": 12,
            "evalue": "1.0e+000",
            "pwm": [
              [0.444876, 0.0240826, 0.165107, 0.365934], 
              [0.185835, 0.150926, 0.240083, 0.423157], 
              [0.294996, 0.0700924, 0.415678, 0.219234], 
              [0.058, 0.0228926, 0.873504, 0.0456033], 
              [0.636876, 0.0746612, 0.00642975, 0.282033], 
              [0.0927198, 0.134774, 0.101646, 0.67086], 
              [0.388446, 0.123851, 0.0344959, 0.453207], 
              [0.17324, 0.367223, 0.454992, 0.00454545], 
              [0.0178347, 0.648678, 0.0159504, 0.317537], 
              [0.323587, 0.0674215, 0.323388, 0.285603], 
              [0.123665, 0.421711, 0.253298, 0.201326], 
              [0.185339, 0.208446, 0.388248, 0.217967]
            ]
          }, {
            "db": 0,
            "id": "filter12",
            "len": 10,
            "nsites": 10,
            "evalue": "1.0e+000",
            "pwm": [
              [0.233465, 0.316436, 0.254752, 0.195347], 
              [0.199109, 0.333663, 0.39604, 0.0711881], 
              [0.323168, 0.247129, 0.0910891, 0.338614], 
              [0.0925743, 0.197921, 0.700396, 0.00910891], 
              [0.0192062, 0.0626672, 0.00970225, 0.908424], 
              [0.00267327, 0.690198, 0.117822, 0.189307], 
              [0.884653, 0.00267327, 0.0416832, 0.0709901], 
              [0.224851, 0.174554, 0.172178, 0.428416], 
              [0.19, 0.312079, 0.210594, 0.287327], 
              [0.182178, 0.239802, 0.286634, 0.291386]
            ]
          }, {
            "db": 0,
            "id": "filter120",
            "len": 14,
            "nsites": 14,
            "evalue": "1.0e+000",
            "pwm": [
              [0.303518, 0.234511, 0.256652, 0.205319], 
              [0.404099, 0.104738, 0.298255, 0.192908], 
              [0.43895, 0.190227, 0.188837, 0.181986], 
              [0.202063, 0.0528136, 0.0878668, 0.657257], 
              [0.032156, 0.0433759, 0.0351348, 0.889333], 
              [0.156651, 0.479016, 0.350447, 0.0138853], 
              [0.425943, 0.562567, 0.00177305, 0.00971631], 
              [0.0176612, 0.0336486, 0.676124, 0.272566], 
              [0.023617, 0.536851, 0.197972, 0.24156], 
              [0.866099, 0.0191489, 0.0109078, 0.103844], 
              [0.799972, 0.0861702, 0.0342411, 0.079617], 
              [0.30034, 0.0799149, 0.242156, 0.377589], 
              [0.192312, 0.309475, 0.112383, 0.38583], 
              [0.274056, 0.211198, 0.332742, 0.182004]
            ]
          }, {
            "db": 0,
            "id": "filter121",
            "len": 10,
            "nsites": 10,
            "evalue": "1.0e+000",
            "pwm": [
              [0.256956, 0.329637, 0.228141, 0.185266], 
              [0.138501, 0.203445, 0.421146, 0.236907], 
              [0.197228, 0.395644, 0.113366, 0.293762], 
              [0.0749505, 0.0288119, 0.848416, 0.0478218], 
              [0.17424, 0.742005, 0.0384122, 0.0453422], 
              [0.404415, 0.0701912, 0.195129, 0.330264], 
              [0.0766337, 0.125743, 0.747129, 0.050495], 
              [0.310198, 0.377327, 0.0175248, 0.29495], 
              [0.224775, 0.532528, 0.173978, 0.0687195], 
              [0.587088, 0.26468, 0.0597087, 0.0885235]
            ]
          }, {
            "db": 0,
            "id": "filter122",
            "len": 13,
            "nsites": 13,
            "evalue": "1.0e+000",
            "pwm": [
              [0.30726, 0.334351, 0.263893, 0.0944962], 
              [0.277489, 0.17587, 0.141931, 0.40471], 
              [0.329952, 0.0269135, 0.329456, 0.313679], 
              [0.0924213, 0.416858, 0.473925, 0.0167954], 
              [0.166526, 0.639837, 0.0179831, 0.175654], 
              [0.473481, 0.0019084, 0.473878, 0.0507328], 
              [0.0372331, 0.855754, 0.0830759, 0.0239367], 
              [0.465198, 0.352576, 0.150252, 0.0319741], 
              [0.527565, 0.0019084, 0.0108397, 0.459687], 
              [0.00280153, 0.12, 0.694183, 0.183015], 
              [0.100947, 0.359756, 0.240275, 0.299023], 
              [0.111069, 0.305374, 0.157809, 0.425748], 
              [0.109878, 0.346458, 0.138061, 0.405603]
            ]
          }, {
            "db": 0,
            "id": "filter123",
            "len": 13,
            "nsites": 13,
            "evalue": "1.0e+000",
            "pwm": [
              [0.158091, 0.250967, 0.434735, 0.156206], 
              [0.171802, 0.274809, 0.38516, 0.168229], 
              [0.456511, 0.340802, 0.0521221, 0.150565], 
              [0.115435, 0.553664, 0.326511, 0.00438931], 
              [0.156122, 0.671855, 0.159695, 0.0123282], 
              [0.722664, 0.0048855, 0.258534, 0.013916], 
              [0.382779, 0.410863, 0.197702, 0.00865649], 
              [0.19421, 0.289567, 0.323502, 0.192721], 
              [0.00716741, 0.345332, 0.296413, 0.351087], 
              [0.139847, 0.151756, 0.633649, 0.0747481], 
              [0.103824, 0.256252, 0.449366, 0.190557], 
              [0.28642, 0.201076, 0.295847, 0.216656], 
              [0.279672, 0.257145, 0.273221, 0.189962]
            ]
          }, {
            "db": 0,
            "id": "filter124",
            "len": 17,
            "nsites": 17,
            "evalue": "1.0e+000",
            "pwm": [
              [0.255368, 0.259047, 0.250497, 0.235088], 
              [0.0898421, 0.289368, 0.346234, 0.274556], 
              [0.0655848, 0.540591, 0.207053, 0.186772], 
              [0.763205, 0.0212436, 0.191028, 0.024524], 
              [0.330129, 0.447637, 0.191047, 0.0311871], 
              [0.438547, 0.0598129, 0.173334, 0.328306], 
              [0.0424211, 0.121754, 0.202579, 0.633246], 
              [0.475919, 0.512408, 0.0078252, 0.00384819], 
              [0.00265497, 0.365322, 0.567035, 0.0649883], 
              [0.0549474, 0.00633333, 0.503211, 0.435509], 
              [0.683351, 0.151181, 0.105947, 0.0595205], 
              [0.308288, 0.151793, 0.163326, 0.376593], 
              [0.0633977, 0.165199, 0.484123, 0.287281], 
              [0.0540474, 0.296099, 0.0595147, 0.590339], 
              [0.260538, 0.107737, 0.450719, 0.181006], 
              [0.267199, 0.310942, 0.22445, 0.197409], 
              [0.230515, 0.386, 0.123842, 0.259643]
            ]
          }, {
            "db": 0,
            "id": "filter125",
            "len": 14,
            "nsites": 14,
            "evalue": "1.0e+000",
            "pwm": [
              [0.128753, 0.2741, 0.291574, 0.305572], 
              [0.108411, 0.420582, 0.185262, 0.285745], 
              [0.00733278, 0.287503, 0.252259, 0.452905], 
              [0.700482, 0.148326, 0.146241, 0.00495035], 
              [0.15268, 0.209469, 0.0489315, 0.58892], 
              [0.28922, 0.106326, 0.35217, 0.252284], 
              [0.342241, 0.00177305, 0.53278, 0.123206], 
              [0.0224255, 0.28227, 0.684199, 0.0111064], 
              [0.00177305, 0.099078, 0.101362, 0.797787], 
              [0.385333, 0.565348, 0.00326241, 0.0460567], 
              [0.187329, 0.0332451, 0.736551, 0.0428753], 
              [0.149121, 0.196383, 0.591262, 0.063234], 
              [0.358028, 0.18705, 0.29766, 0.157262], 
              [0.222276, 0.181769, 0.369311, 0.226644]
            ]
          }, {
            "db": 0,
            "id": "filter126",
            "len": 12,
            "nsites": 12,
            "evalue": "1.0e+000",
            "pwm": [
              [0.147256, 0.26081, 0.342727, 0.249207], 
              [0.323488, 0.114231, 0.432579, 0.129702], 
              [0.56924, 0.159752, 0.175521, 0.0954876], 
              [0.190694, 0.0879504, 0.035686, 0.685669], 
              [0.223521, 0.164116, 0.610298, 0.00206612], 
              [0.0684066, 0.550243, 0.0398475, 0.341503], 
              [0.256347, 0.712645, 0.0149587, 0.0160496], 
              [0.112545, 0.560413, 0.0858678, 0.241174], 
              [0.0768355, 0.0897268, 0.206839, 0.626599], 
              [0.210508, 0.295095, 0.0470864, 0.447311], 
              [0.0108934, 0.483602, 0.255182, 0.250322], 
              [0.17919, 0.242463, 0.223917, 0.35443]
            ]
          }, {
            "db": 0,
            "id": "filter127",
            "len": 15,
            "nsites": 15,
            "evalue": "1.0e+000",
            "pwm": [
              [0.327384, 0.168046, 0.394338, 0.110232], 
              [0.221369, 0.541304, 0.150349, 0.0869782], 
              [0.412914, 0.321821, 0.157119, 0.108146], 
              [0.222207, 0.0978242, 0.0630525, 0.616916], 
              [0.0816225, 0.0410927, 0.176788, 0.700497], 
              [0.247616, 0.224967, 0.481159, 0.0462583], 
              [0.139848, 0.501871, 0.0818292, 0.276451], 
              [0.261696, 0.357845, 0.290898, 0.0895607], 
              [0.196835, 0.606761, 0.0200313, 0.176373], 
              [0.373874, 0.0127815, 0.444702, 0.168642], 
              [0.805795, 0.00443709, 0.100199, 0.0895695], 
              [0.016755, 0.0793377, 0.0528146, 0.851093], 
              [0.288742, 0.287947, 0.266788, 0.156523], 
              [0.500182, 0.172732, 0.219426, 0.10766], 
              [0.196358, 0.172119, 0.542649, 0.0888742]
            ]
          }, {
            "db": 0,
            "id": "filter13",
            "len": 13,
            "nsites": 13,
            "evalue": "1.0e+000",
            "pwm": [
              [0.424458, 0.210504, 0.0681985, 0.29684], 
              [0.582145, 0.106603, 0.251985, 0.0592672], 
              [0.096084, 0.362237, 0.21745, 0.324229], 
              [0.542504, 0.223327, 0.00955038, 0.224618], 
              [0.243872, 0.31384, 0.114057, 0.328231], 
              [0.00309924, 0.684458, 0.210702, 0.10174], 
              [0.0198684, 0.22884, 0.355255, 0.396037], 
              [0.0268168, 0.297931, 0.164557, 0.510695], 
              [0.355751, 0.0725578, 0.508064, 0.0636274], 
              [0.583733, 0.0130229, 0.30845, 0.0947939], 
              [0.16426, 0.288405, 0.0727634, 0.474573], 
              [0.475815, 0.0964715, 0.176547, 0.251166], 
              [0.314008, 0.168328, 0.336634, 0.181031]
            ]
          }, {
            "db": 0,
            "id": "filter14",
            "len": 12,
            "nsites": 12,
            "evalue": "1.0e+000",
            "pwm": [
              [0.29324, 0.185934, 0.180281, 0.340545], 
              [0.139025, 0.0398512, 0.383289, 0.437835], 
              [0.239365, 0.162612, 0.450286, 0.147737], 
              [0.0190265, 0.266985, 0.690598, 0.0233906], 
              [0.0801157, 0.130992, 0.724446, 0.0644463], 
              [0.140909, 0.81043, 0.0268595, 0.0218017], 
              [0.110959, 0.582926, 0.102132, 0.203983], 
              [0.498727, 0.0247769, 0.136645, 0.339851], 
              [0.0846777, 0.389339, 0.00256198, 0.523421], 
              [0.242562, 0.302562, 0.00246281, 0.452413], 
              [0.185537, 0.207157, 0.434959, 0.172347], 
              [0.229791, 0.262423, 0.27244, 0.235346]
            ]
          }, {
            "db": 0,
            "id": "filter15",
            "len": 11,
            "nsites": 11,
            "evalue": "1.0e+000",
            "pwm": [
              [0.403148, 0.185307, 0.251412, 0.160133], 
              [0.316099, 0.258423, 0.183405, 0.242072], 
              [0.119784, 0.116514, 0.295685, 0.468018], 
              [0.0296063, 0.283028, 0.0160284, 0.671337], 
              [0.0584414, 0.0187027, 0.568802, 0.354054], 
              [0.780258, 0.010181, 0.0551765, 0.154385], 
              [0.645371, 0.0821341, 0.0472477, 0.225248], 
              [0.0521932, 0.210637, 0.107485, 0.629685], 
              [0.0215766, 0.372586, 0.452658, 0.15318], 
              [0.437198, 0.237712, 0.243856, 0.0812342], 
              [0.186, 0.0598346, 0.247151, 0.507014]
            ]
          }, {
            "db": 0,
            "id": "filter16",
            "len": 14,
            "nsites": 14,
            "evalue": "1.0e+000",
            "pwm": [
              [0.322549, 0.13064, 0.190705, 0.356106], 
              [0.470227, 0.110695, 0.391688, 0.0273901], 
              [0.0331458, 0.420937, 0.0882467, 0.457671], 
              [0.584908, 0.0144823, 0.157362, 0.243248], 
              [0.489589, 0.00246809, 0.262809, 0.245135], 
              [0.0192482, 0.876922, 0.00415603, 0.0996738], 
              [0.291206, 0.00346099, 0.573589, 0.131745], 
              [0.0439759, 0.515952, 0.234037, 0.206035], 
              [0.564454, 0.14644, 0.00822695, 0.280879], 
              [0.578057, 0.0876596, 0.157759, 0.176525], 
              [0.102762, 0.347637, 0.0127954, 0.536805], 
              [0.192591, 0.35422, 0.156651, 0.296538], 
              [0.341745, 0.239376, 0.10444, 0.31444], 
              [0.300638, 0.204922, 0.124894, 0.369546]
            ]
          }, {
            "db": 0,
            "id": "filter17",
            "len": 10,
            "nsites": 10,
            "evalue": "1.0e+000",
            "pwm": [
              [0.361719, 0.178334, 0.365581, 0.0943656], 
              [0.32175, 0.139788, 0.0923672, 0.446094], 
              [0.38198, 0.123267, 0.260594, 0.234158], 
              [0.010198, 0.432772, 0.532673, 0.0243564], 
              [0.00356447, 0.588177, 0.404694, 0.00356447], 
              [0.0602038, 0.131003, 0.0100998, 0.798693], 
              [0.643827, 0.234677, 0.0446577, 0.0768391], 
              [0.00277231, 0.406773, 0.361125, 0.22933], 
              [0.237525, 0.178812, 0.43198, 0.151683], 
              [0.185743, 0.266535, 0.280495, 0.267228]
            ]
          }, {
            "db": 0,
            "id": "filter18",
            "len": 12,
            "nsites": 12,
            "evalue": "1.0e+000",
            "pwm": [
              [0.246331, 0.228678, 0.244446, 0.280545], 
              [0.145174, 0.075157, 0.492975, 0.286694], 
              [0.264479, 0.17086, 0.273702, 0.290959], 
              [0.150132, 0.71919, 0.11314, 0.0175372], 
              [0.248314, 0.421769, 0.257636, 0.072281], 
              [0.392116, 0.0159504, 0.365438, 0.226496], 
              [0.151025, 0.254661, 0.204182, 0.390132], 
              [0.437097, 0.00206612, 0.433031, 0.127806], 
              [0.441603, 0.00722314, 0.00930579, 0.541868], 
              [0.231577, 0.377674, 0.384815, 0.00593427], 
              [0.344512, 0.30762, 0.0439174, 0.30395], 
              [0.0247769, 0.195554, 0.25238, 0.527289]
            ]
          }, {
            "db": 0,
            "id": "filter19",
            "len": 13,
            "nsites": 13,
            "evalue": "1.0e+000",
            "pwm": [
              [0.513176, 0.152351, 0.308351, 0.0261221], 
              [0.146298, 0.0519237, 0.301107, 0.500672], 
              [0.134971, 0.18776, 0.147772, 0.529497], 
              [0.623626, 0.00637405, 0.236702, 0.133298], 
              [0.113836, 0.723684, 0.00290066, 0.15958], 
              [0.0164962, 0.124664, 0.599015, 0.259824], 
              [0.264389, 0.298824, 0.00587786, 0.430908], 
              [0.251489, 0.115336, 0.624916, 0.00825954], 
              [0.478097, 0.218223, 0.0756338, 0.228046], 
              [0.00964808, 0.271805, 0.536244, 0.182303], 
              [0.166443, 0.0605573, 0.255855, 0.517145], 
              [0.10055, 0.429618, 0.114145, 0.355687], 
              [0.243649, 0.153641, 0.269153, 0.333557]
            ]
          }, {
            "db": 0,
            "id": "filter2",
            "len": 14,
            "nsites": 14,
            "evalue": "1.0e+000",
            "pwm": [
              [0.221007, 0.319603, 0.0175603, 0.44183], 
              [0.226292, 0.438696, 0.124012, 0.211], 
              [0.573589, 0.222596, 0.0455603, 0.158255], 
