MEME version 4

ALPHABET= ACGT

Background letter frequencies:
A 0.2500 C 0.2500 G 0.2500 T 0.2500 

MOTIF filter0 
letter-probability matrix: alength= 4 w= 12 nsites= 12 
0.2629 0.2715 0.1920 0.2737 
0.2746 0.2565 0.2430 0.2258 
0.1978 0.2398 0.1617 0.4006 
0.0145 0.0384 0.0145 0.9327 
0.0136 0.0000 0.0519 0.9345 
0.2168 0.7367 0.0289 0.0176 
0.0443 0.6748 0.0099 0.2710 
0.2507 0.2430 0.2516 0.2547 
0.2462 0.0050 0.7227 0.0262 
0.0221 0.0271 0.7913 0.1594 
0.8794 0.0795 0.0014 0.0397 
0.9124 0.0470 0.0407 0.0000 

MOTIF filter1 
letter-probability matrix: alength= 4 w= 11 nsites= 11 
0.2303 0.2605 0.2616 0.2476 
0.4076 0.1978 0.2670 0.1276 
0.2270 0.3092 0.3222 0.1416 
0.0000 1.0000 0.0000 0.0000 
1.0000 0.0000 0.0000 0.0000 
0.0000 1.0000 0.0000 0.0000 
0.0000 0.0000 1.0000 0.0000 
0.0000 0.0000 0.0000 1.0000 
0.0000 0.0000 1.0000 0.0000 
0.1459 0.2930 0.3373 0.2238 
0.1416 0.2508 0.1643 0.4432 

MOTIF filter2 
letter-probability matrix: alength= 4 w= 11 nsites= 11 
0.2488 0.2742 0.2408 0.2362 
0.2788 0.2212 0.2200 0.2800 
0.2753 0.2592 0.2327 0.2327 
1.0000 0.0000 0.0000 0.0000 
0.0000 0.0000 0.0000 1.0000 
0.0000 0.4263 0.0000 0.5737 
1.0000 0.0000 0.0000 0.0000 
1.0000 0.0000 0.0000 0.0000 
0.9459 0.0000 0.0000 0.0541 
0.2638 0.2281 0.2258 0.2823 
0.2569 0.2339 0.2293 0.2800 

MOTIF filter3 
letter-probability matrix: alength= 4 w= 12 nsites= 12 
0.2348 0.2589 0.2621 0.2442 
0.4329 0.1939 0.2600 0.1132 
0.2275 0.3208 0.3260 0.1258 
0.0000 1.0000 0.0000 0.0000 
1.0000 0.0000 0.0000 0.0000 
0.0000 1.0000 0.0000 0.0000 
0.0199 0.0000 0.9801 0.0000 
0.0000 0.0042 0.0000 0.9958 
0.0000 0.0000 1.0000 0.0000 
0.1363 0.3103 0.3239 0.2296 
0.1447 0.2463 0.1593 0.4497 
0.2484 0.2526 0.2411 0.2579 

MOTIF filter4 
letter-probability matrix: alength= 4 w= 16 nsites= 16 
0.2434 0.2982 0.2069 0.2515 
0.2901 0.2637 0.2252 0.2211 
0.2475 0.2535 0.2495 0.2495 
0.6004 0.0345 0.3651 0.0000 
0.0000 0.0000 0.0000 1.0000 
0.0000 0.0000 0.0142 0.9858 
0.1704 0.0000 0.7850 0.0446 
0.0020 0.9067 0.0041 0.0872 
0.0264 0.0000 0.9736 0.0000 
0.0487 0.6024 0.0000 0.3489 
0.9858 0.0142 0.0000 0.0000 
1.0000 0.0000 0.0000 0.0000 
0.0162 0.2596 0.0974 0.6268 
0.2617 0.2454 0.3164 0.1765 
0.2312 0.1988 0.2312 0.3387 
0.2333 0.2515 0.2576 0.2576 

MOTIF filter5 
letter-probability matrix: alength= 4 w= 14 nsites= 14 
0.1496 0.1063 0.4882 0.2559 
0.3898 0.2362 0.3701 0.0039 
0.5276 0.1339 0.2598 0.0787 
0.0669 0.9094 0.0000 0.0236 
0.0945 0.9055 0.0000 0.0000 
0.8819 0.0000 0.0000 0.1181 
1.0000 0.0000 0.0000 0.0000 
0.0000 0.0000 0.0000 1.0000 
0.2323 0.6496 0.1181 0.0000 
0.8386 0.0039 0.0472 0.1102 
0.0000 0.1181 0.8701 0.0118 
0.2008 0.3268 0.2717 0.2008 
0.3346 0.0354 0.3701 0.2598 
0.1811 0.4685 0.2402 0.1102 

MOTIF filter6 
letter-probability matrix: alength= 4 w= 14 nsites= 14 
0.2588 0.2353 0.1647 0.3412 
0.2353 0.2000 0.3000 0.2647 
0.2471 0.2059 0.3294 0.2176 
0.0059 0.9176 0.0765 0.0000 
0.0059 0.9941 0.0000 0.0000 
0.0000 0.0000 1.0000 0.0000 
0.0000 0.0000 1.0000 0.0000 
1.0000 0.0000 0.0000 0.0000 
1.0000 0.0000 0.0000 0.0000 
0.0176 0.0118 0.9706 0.0000 
0.0294 0.2882 0.0000 0.6824 
0.0882 0.0353 0.8529 0.0235 
0.2000 0.1529 0.6294 0.0176 
0.1529 0.4471 0.3118 0.0882 

MOTIF filter7 
letter-probability matrix: alength= 4 w= 14 nsites= 14 
0.0568 0.3281 0.2587 0.3565 
0.3155 0.2177 0.4353 0.0315 
0.4732 0.0662 0.4101 0.0505 
0.0000 0.9874 0.0126 0.0000 
0.0000 0.6909 0.0000 0.3091 
0.6877 0.0126 0.2871 0.0126 
1.0000 0.0000 0.0000 0.0000 
0.0000 0.0000 0.0000 1.0000 
0.0252 0.4858 0.0852 0.4038 
0.4700 0.0000 0.5300 0.0000 
0.0000 0.0820 0.9180 0.0000 
0.0631 0.3091 0.0757 0.5521 
0.1199 0.3817 0.1420 0.3565 
0.3186 0.3344 0.2082 0.1388 

MOTIF filter8 
letter-probability matrix: alength= 4 w= 13 nsites= 13 
0.1986 0.2980 0.3273 0.1761 
0.5485 0.1264 0.2438 0.0813 
0.2664 0.4605 0.1603 0.1129 
0.0000 0.6817 0.0023 0.3160 
0.0000 0.6591 0.3409 0.0000 
1.0000 0.0000 0.0000 0.0000 
0.4086 0.0000 0.0000 0.5914 
0.0023 0.0000 0.0000 0.9977 
0.0000 0.2370 0.7630 0.0000 
0.2077 0.0000 0.7923 0.0000 
0.1084 0.2889 0.3160 0.2867 
0.0542 0.3747 0.1896 0.3815 
0.2235 0.3612 0.3928 0.0226 

MOTIF filter9 
letter-probability matrix: alength= 4 w= 17 nsites= 17 
0.2371 0.3040 0.2310 0.2280 
0.2371 0.3040 0.2432 0.2158 
0.1368 0.0699 0.3374 0.4559 
0.0486 0.9179 0.0030 0.0304 
0.0000 0.0122 0.0000 0.9878 
1.0000 0.0000 0.0000 0.0000 
0.6079 0.0000 0.0030 0.3891 
0.9514 0.0000 0.0000 0.0486 
1.0000 0.0000 0.0000 0.0000 
1.0000 0.0000 0.0000 0.0000 
0.0000 0.0000 0.0000 1.0000 
0.9939 0.0000 0.0061 0.0000 
0.1277 0.0000 0.8723 0.0000 
0.5745 0.3222 0.0091 0.0942 
0.2705 0.2280 0.2158 0.2857 
0.2462 0.2796 0.2401 0.2340 
0.2462 0.2705 0.2492 0.2340 

MOTIF filter10 
letter-probability matrix: alength= 4 w= 15 nsites= 15 
0.2595 0.2478 0.2199 0.2727 
0.2654 0.2639 0.2126 0.2581 
0.1334 0.1965 0.1305 0.5396 
0.0000 0.0000 0.0000 1.0000 
0.0000 0.0000 0.0000 1.0000 
0.0117 0.9883 0.0000 0.0000 
0.0015 0.8460 0.0000 0.1525 
0.2449 0.2287 0.2229 0.3035 
0.2170 0.0000 0.7815 0.0015 
0.0000 0.0000 0.9897 0.0103 
1.0000 0.0000 0.0000 0.0000 
1.0000 0.0000 0.0000 0.0000 
0.5557 0.1246 0.1906 0.1290 
0.2199 0.2830 0.2727 0.2243 
0.2639 0.2419 0.2581 0.2361 

MOTIF filter11 
letter-probability matrix: alength= 4 w= 17 nsites= 17 
0.2868 0.5155 0.0581 0.1395 
0.2403 0.1667 0.0620 0.5310 
0.2442 0.1008 0.4186 0.2364 
0.6589 0.0388 0.1395 0.1628 
0.1628 0.2171 0.5736 0.0465 
0.0000 0.0000 0.0000 1.0000 
0.0078 0.9922 0.0000 0.0000 
1.0000 0.0000 0.0000 0.0000 
0.0000 0.0000 0.9419 0.0581 
0.0000 1.0000 0.0000 0.0000 
0.9961 0.0000 0.0000 0.0039 
0.4225 0.1395 0.1628 0.2752 
0.4147 0.0310 0.0000 0.5543 
0.3062 0.0310 0.0000 0.6628 
0.3217 0.0853 0.0000 0.5930 
0.2791 0.2326 0.2636 0.2248 
0.2636 0.2791 0.1977 0.2597 

MOTIF filter12 
letter-probability matrix: alength= 4 w= 17 nsites= 17 
0.3265 0.2653 0.1306 0.2776 
0.1796 0.3143 0.2980 0.2082 
0.2449 0.2816 0.2204 0.2531 
0.2408 0.0367 0.6531 0.0694 
0.1061 0.0000 0.8367 0.0571 
0.1714 0.0000 0.8286 0.0000 
0.0000 0.0000 1.0000 0.0000 
0.0000 0.0000 1.0000 0.0000 
0.2449 0.6041 0.0000 0.1510 
0.0000 0.0000 1.0000 0.0000 
0.0000 0.0000 1.0000 0.0000 
0.1184 0.0000 0.8816 0.0000 
0.1551 0.0122 0.8327 0.0000 
0.2163 0.6041 0.1429 0.0367 
0.3143 0.2204 0.2449 0.2204 
0.2204 0.3592 0.2245 0.1959 
0.2408 0.2694 0.2449 0.2449 

MOTIF filter13 
letter-probability matrix: alength= 4 w= 20 nsites= 20 
0.4545 0.1818 0.1818 0.1818 
0.0909 0.0000 0.0909 0.8182 
0.2727 0.5455 0.0909 0.0909 
0.6364 0.0000 0.1818 0.1818 
0.0909 0.0909 0.8182 0.0000 
0.0000 0.0909 0.0000 0.9091 
0.0909 0.8182 0.0000 0.0909 
0.9091 0.0000 0.0909 0.0000 
0.0000 0.0000 1.0000 0.0000 
0.1818 0.8182 0.0000 0.0000 
0.5455 0.2727 0.1818 0.0000 
0.0000 0.1818 0.8182 0.0000 
0.1818 0.0000 0.1818 0.6364 
0.0000 0.1818 0.3636 0.4545 
0.3636 0.0909 0.0000 0.5455 
0.0000 0.0000 0.9091 0.0909 
0.3636 0.0909 0.2727 0.2727 
0.4545 0.1818 0.0909 0.2727 
0.1818 0.8182 0.0000 0.0000 
0.1818 0.3636 0.4545 0.0000 

MOTIF filter14 
letter-probability matrix: alength= 4 w= 17 nsites= 17 
0.2034 0.2593 0.2356 0.3017 
0.2542 0.2814 0.2322 0.2322 
0.2475 0.2017 0.3508 0.2000 
0.1661 0.0729 0.0102 0.7508 
0.0186 0.0932 0.7475 0.1407 
0.4017 0.3932 0.0831 0.1220 
0.0119 0.9864 0.0017 0.0000 
0.0051 0.9881 0.0000 0.0068 
0.8034 0.0000 0.0085 0.1881 
0.0000 0.0068 0.0034 0.9898 
1.0000 0.0000 0.0000 0.0000 
0.0000 0.0203 0.0034 0.9763 
0.9847 0.0000 0.0102 0.0051 
0.1492 0.0000 0.0000 0.8508 
0.0017 0.0000 0.9932 0.0051 
0.0000 0.0034 0.9814 0.0153 
0.1322 0.0746 0.3678 0.4254 

MOTIF filter15 
letter-probability matrix: alength= 4 w= 16 nsites= 16 
0.2536 0.2669 0.2474 0.2321 
0.2423 0.2699 0.2515 0.2362 
0.1166 0.0736 0.3395 0.4703 
0.0348 0.8487 0.0020 0.1145 
0.0000 0.0102 0.0000 0.9898 
1.0000 0.0000 0.0000 0.0000 
0.2658 0.0000 0.0082 0.7260 
0.4417 0.0051 0.0000 0.5532 
0.5399 0.0000 0.0010 0.4591 
0.6708 0.0051 0.0000 0.3241 
0.0000 0.0000 0.0000 1.0000 
0.9898 0.0000 0.0102 0.0000 
0.1084 0.0010 0.8456 0.0450 
0.4468 0.3579 0.0573 0.1380 
0.2802 0.2301 0.2607 0.2290 
0.2434 0.2863 0.2331 0.2372 

MOTIF filter16 
letter-probability matrix: alength= 4 w= 15 nsites= 15 
0.2038 0.2792 0.2566 0.2604 
0.1396 0.1623 0.4113 0.2868 
0.0264 0.4189 0.2755 0.2792 
0.0491 0.7094 0.0679 0.1736 
0.7434 0.0038 0.2415 0.0113 
0.0000 0.9472 0.0264 0.0264 
0.0000 0.0000 0.0000 1.0000 
0.0000 0.0000 0.0000 1.0000 
0.0000 1.0000 0.0000 0.0000 
0.0000 1.0000 0.0000 0.0000 
0.0000 0.0000 0.9736 0.0264 
0.0000 0.0717 0.9245 0.0038 
0.2906 0.1509 0.3283 0.2302 
0.3132 0.2226 0.2151 0.2491 
0.3057 0.1623 0.2226 0.3094 

MOTIF filter17 
letter-probability matrix: alength= 4 w= 16 nsites= 16 
0.4273 0.1970 0.1848 0.1909 
0.0788 0.3515 0.1121 0.4576 
0.0697 0.3455 0.3758 0.2091 
0.4030 0.1364 0.4606 0.0000 
0.5970 0.0061 0.3788 0.0182 
0.0000 1.0000 0.0000 0.0000 
0.0000 1.0000 0.0000 0.0000 
1.0000 0.0000 0.0000 0.0000 
1.0000 0.0000 0.0000 0.0000 
0.0000 0.0000 0.0000 1.0000 
0.0030 0.8061 0.1909 0.0000 
0.8727 0.0030 0.1242 0.0000 
0.0939 0.0727 0.8212 0.0121 
0.2424 0.2333 0.2394 0.2848 
0.2697 0.1970 0.2606 0.2727 
0.2485 0.2727 0.1970 0.2818 

MOTIF filter18 
letter-probability matrix: alength= 4 w= 15 nsites= 15 
0.2260 0.2687 0.2519 0.2534 
0.0824 0.0229 0.3786 0.5160 
0.0076 0.9084 0.0000 0.0840 
0.0000 0.0000 0.0000 1.0000 
1.0000 0.0000 0.0000 0.0000 
0.1221 0.0000 0.0031 0.8748 
0.3313 0.0000 0.0000 0.6687 
0.4290 0.0000 0.0000 0.5710 
0.6153 0.0015 0.0000 0.3832 
0.0000 0.0000 0.0000 1.0000 
1.0000 0.0000 0.0000 0.0000 
0.0366 0.0000 0.9313 0.0321 
0.4290 0.4015 0.0443 0.1252 
0.2763 0.2321 0.2977 0.1939 
0.2595 0.2687 0.2305 0.2412 

MOTIF filter19 
letter-probability matrix: alength= 4 w= 18 nsites= 18 
0.3396 0.1306 0.1754 0.3545 
0.3097 0.2687 0.2052 0.2164 
0.1381 0.3507 0.1866 0.3246 
0.1978 0.1045 0.6455 0.0522 
0.2090 0.4552 0.1343 0.2015 
0.2239 0.5075 0.1493 0.1194 
0.6940 0.0000 0.2910 0.0149 
0.5373 0.4590 0.0037 0.0000 
0.2239 0.5746 0.1978 0.0037 
0.9963 0.0037 0.0000 0.0000 
0.0000 0.0000 0.0000 1.0000 
0.0037 0.1493 0.7836 0.0634 
0.0000 0.0037 0.6866 0.3097 
0.0448 0.4925 0.0000 0.4627 
0.0784 0.0970 0.6604 0.1642 
0.0746 0.1007 0.7873 0.0373 
0.1381 0.5410 0.0858 0.2351 
0.4179 0.1866 0.1604 0.2351 

MOTIF filter20 
letter-probability matrix: alength= 4 w= 16 nsites= 16 
0.2440 0.2249 0.3014 0.2297 
0.3158 0.2967 0.1531 0.2344 
0.3923 0.1244 0.2440 0.2392 
0.0766 0.7943 0.1005 0.0287 
1.0000 0.0000 0.0000 0.0000 
0.9904 0.0000 0.0096 0.0000 
0.4402 0.0191 0.5215 0.0191 
1.0000 0.0000 0.0000 0.0000 
0.0000 0.0000 0.0000 1.0000 
0.0000 0.0000 1.0000 0.0000 
0.0000 0.0000 1.0000 0.0000 
0.0526 0.8804 0.0000 0.0670 
0.0861 0.1675 0.4306 0.3158 
0.0670 0.1005 0.7751 0.0574 
0.0718 0.8421 0.0048 0.0813 
0.2967 0.2201 0.1627 0.3206 

MOTIF filter21 
letter-probability matrix: alength= 4 w= 15 nsites= 15 
0.2708 0.3378 0.1850 0.2064 
0.2842 0.2708 0.2198 0.2252 
0.2091 0.2601 0.2493 0.2815 
0.0080 0.7962 0.0858 0.1099 
0.0000 0.1662 0.0054 0.8284 
0.0000 0.2440 0.7105 0.0456 
1.0000 0.0000 0.0000 0.0000 
0.0000 0.0000 0.0000 1.0000 
0.0000 0.0000 0.0000 1.0000 
0.0000 0.0000 1.0000 0.0000 
0.0000 0.0000 1.0000 0.0000 
0.0456 0.3995 0.0054 0.5496 
0.0188 0.4558 0.1421 0.3834 
0.1662 0.4316 0.3271 0.0751 
0.4772 0.1501 0.3137 0.0590 

MOTIF filter22 
letter-probability matrix: alength= 4 w= 16 nsites= 16 
0.2607 0.2490 0.2296 0.2607 
0.1128 0.0000 0.7860 0.1012 
0.0545 0.7860 0.1051 0.0545 
0.2724 0.3385 0.2879 0.1012 
0.0350 0.0000 0.8988 0.0661 
0.0000 1.0000 0.0000 0.0000 
0.0000 1.0000 0.0000 0.0000 
1.0000 0.0000 0.0000 0.0000 
0.0000 0.0000 0.0000 1.0000 
0.0039 0.4591 0.1556 0.3813 
0.0000 0.0311 0.0000 0.9689 
0.0000 0.0156 0.0000 0.9844 
0.0350 0.0817 0.7860 0.0973 
0.2724 0.2140 0.2646 0.2490 
0.1829 0.2724 0.2529 0.2918 
0.2335 0.2957 0.2607 0.2101 

MOTIF filter23 
letter-probability matrix: alength= 4 w= 16 nsites= 16 
0.2259 0.1751 0.2716 0.3274 
0.1371 0.2563 0.3173 0.2893 
0.2893 0.2157 0.1421 0.3528 
0.5964 0.1015 0.2919 0.0102 
0.0000 0.0000 0.0000 1.0000 
0.0000 0.0000 0.0102 0.9898 
0.3020 0.0000 0.6650 0.0330 
0.0000 0.9772 0.0025 0.0203 
0.0482 0.0102 0.9416 0.0000 
0.0381 0.7792 0.0000 0.1827 
0.9822 0.0178 0.0000 0.0000 
1.0000 0.0000 0.0000 0.0000 
0.0000 0.3198 0.1294 0.5508 
0.3629 0.2843 0.1320 0.2208 
0.2995 0.1599 0.3173 0.2234 
0.2614 0.1929 0.2817 0.2640 

MOTIF filter24 
letter-probability matrix: alength= 4 w= 19 nsites= 19 
0.1625 0.0758 0.0433 0.7184 
0.0229 0.0866 0.6679 0.2226 
0.4091 0.3947 0.0758 0.1203 
0.0000 0.9964 0.0036 0.0000 
0.0000 0.9940 0.0000 0.0060 
0.8387 0.0000 0.0000 0.1613 
0.0144 0.0000 0.0000 0.9856 
1.0000 0.0000 0.0000 0.0000 
0.0000 0.0000 0.0000 1.0000 
0.9904 0.0000 0.0000 0.0096 
0.1540 0.0036 0.0012 0.8412 
0.0036 0.0060 0.9904 0.0000 
0.0000 0.0012 0.9976 0.0012 
0.1047 0.0686 0.3935 0.4332 
0.2214 0.6546 0.0927 0.0313 
0.7316 0.0265 0.0626 0.1793 
0.2310 0.2816 0.2419 0.2455 
0.2118 0.2659 0.2659 0.2563 
0.2395 0.2359 0.2792 0.2455 

MOTIF filter25 
letter-probability matrix: alength= 4 w= 19 nsites= 19 
0.2789 0.2436 0.2416 0.2359 
0.1528 0.0048 0.4642 0.3782 
0.0936 0.6027 0.2904 0.0134 
0.0115 0.5224 0.2216 0.2445 
0.4298 0.3563 0.0420 0.1719 
0.2865 0.5463 0.1585 0.0086 
0.1127 0.1509 0.0544 0.6819 
0.0535 0.7106 0.1748 0.0611 
0.4852 0.3075 0.1576 0.0497 
0.1012 0.2063 0.4403 0.2521 
0.2493 0.1280 0.1862 0.4365 
0.2025 0.0143 0.5282 0.2550 
0.0258 0.0965 0.6504 0.2273 
0.0420 0.7412 0.0353 0.1815 
0.1213 0.0372 0.4451 0.3964 
0.6743 0.1213 0.0086 0.1958 
0.2961 0.3563 0.2254 0.1223 
0.5320 0.0573 0.2999 0.1108 
0.2798 0.0382 0.1576 0.5244 

MOTIF filter26 
letter-probability matrix: alength= 4 w= 15 nsites= 15 
0.0763 0.1727 0.1807 0.5703 
0.3775 0.0643 0.3373 0.2209 
0.4217 0.1084 0.4137 0.0562 
0.1606 0.1004 0.6667 0.0723 
0.0281 0.0482 0.7108 0.2129 
0.0000 0.3574 0.4819 0.1606 
0.1526 0.5743 0.0000 0.2731 
0.0000 0.5382 0.4618 0.0000 
0.0000 0.5703 0.4257 0.0040 
0.1968 0.0040 0.6747 0.1245 
0.0522 0.7189 0.2289 0.0000 
0.0482 0.9478 0.0000 0.0040 
0.0321 0.7831 0.0161 0.1687 
0.0080 0.8273 0.1245 0.0402 
0.0000 0.3614 0.2289 0.4096 

MOTIF filter27 
letter-probability matrix: alength= 4 w= 16 nsites= 16 
0.2920 0.2737 0.2409 0.1934 
0.2591 0.3212 0.2372 0.1825 
0.0803 0.1204 0.5839 0.2153 
0.0000 0.8467 0.0146 0.1387 
0.0000 0.9051 0.0000 0.0949 
0.0000 1.0000 0.0000 0.0000 
0.0000 1.0000 0.0000 0.0000 
0.1131 0.0000 0.6314 0.2555 
0.0000 1.0000 0.0000 0.0000 
0.0000 1.0000 0.0000 0.0000 
0.0000 0.7847 0.0000 0.2153 
0.0620 0.8650 0.0000 0.0730 
0.0219 0.6971 0.0401 0.2409 
0.2737 0.2628 0.2044 0.2591 
0.2810 0.2263 0.2847 0.2080 
0.2299 0.3139 0.2336 0.2226 

MOTIF filter28 
letter-probability matrix: alength= 4 w= 16 nsites= 16 
0.3687 0.2039 0.2458 0.1816 
0.2626 0.3324 0.1676 0.2374 
0.0419 0.2095 0.5112 0.2374 
0.0000 0.6983 0.0922 0.2095 
0.0112 0.8017 0.0000 0.1872 
0.0000 1.0000 0.0000 0.0000 
0.0000 1.0000 0.0000 0.0000 
0.0866 0.0000 0.6341 0.2793 
0.0000 1.0000 0.0000 0.0000 
0.0000 1.0000 0.0000 0.0000 
0.0000 0.8575 0.0000 0.1425 
0.0950 0.8575 0.0000 0.0475 
0.0726 0.6425 0.0670 0.2179 
0.2067 0.2514 0.2933 0.2486 
0.2654 0.3101 0.1480 0.2765 
0.2291 0.2961 0.2542 0.2207 

MOTIF filter29 
letter-probability matrix: alength= 4 w= 13 nsites= 13 
0.0944 0.2889 0.2722 0.3444 
0.1889 0.1167 0.6111 0.0833 
0.1111 0.1333 0.3556 0.4000 
0.0000 0.1778 0.0000 0.8222 
0.1278 0.3111 0.1444 0.4167 
0.1167 0.7333 0.0111 0.1389 
0.0278 0.0111 0.1722 0.7889 
0.4667 0.0000 0.5333 0.0000 
0.0556 0.0389 0.9056 0.0000 
0.3111 0.0000 0.6611 0.0278 
0.7722 0.1278 0.0278 0.0722 
1.0000 0.0000 0.0000 0.0000 
0.6389 0.1056 0.0722 0.1833 

MOTIF filter30 
letter-probability matrix: alength= 4 w= 20 nsites= 20 
0.2852 0.2191 0.2424 0.2534 
0.2142 0.3880 0.0808 0.3170 
0.1554 0.1860 0.6279 0.0306 
0.1909 0.4406 0.0588 0.3097 
0.3770 0.0979 0.2375 0.2876 
0.0636 0.5116 0.4137 0.0110 
0.2350 0.0955 0.1285 0.5410 
0.0318 0.0796 0.4357 0.4529 
0.0551 0.1567 0.4186 0.3696 
0.0343 0.8507 0.0967 0.0184 
0.4002 0.0649 0.2411 0.2938 
0.0991 0.0000 0.8470 0.0539 
0.1469 0.5875 0.2130 0.0526 
0.2852 0.1138 0.4149 0.1860 
0.4272 0.2240 0.1652 0.1836 
0.0061 0.2999 0.2570 0.4370 
0.0673 0.2889 0.1885 0.4553 
0.7038 0.0649 0.0930 0.1383 
0.5765 0.3133 0.0832 0.0269 
0.0612 0.6304 0.2509 0.0575 

MOTIF filter31 
letter-probability matrix: alength= 4 w= 12 nsites= 12 
0.2404 0.2422 0.2373 0.2801 
0.2355 0.1860 0.3661 0.2125 
0.3877 0.2409 0.3278 0.0437 
0.0243 0.0306 0.0396 0.9054 
0.0054 0.0356 0.8928 0.0662 
0.9383 0.0005 0.0329 0.0284 
0.0369 0.4764 0.4538 0.0329 
0.0239 0.0284 0.0135 0.9343 
0.0590 0.9018 0.0072 0.0320 
0.9577 0.0090 0.0099 0.0234 
0.0369 0.3111 0.2846 0.3674 
0.2013 0.3570 0.2202 0.2215 

MOTIF filter32 
letter-probability matrix: alength= 4 w= 13 nsites= 13 
0.2195 0.2844 0.2287 0.2674 
0.2643 0.2457 0.2334 0.2566 
0.2457 0.2705 0.2535 0.2303 
0.5054 0.1252 0.3694 0.0000 
0.0000 0.0000 0.0000 1.0000 
0.0000 0.0000 0.0093 0.9907 
0.2767 0.0000 0.6430 0.0804 
0.0000 0.9876 0.0000 0.0124 
0.0726 0.0000 0.9243 0.0031 
0.0665 0.6893 0.0000 0.2442 
0.9845 0.0155 0.0000 0.0000 
1.0000 0.0000 0.0000 0.0000 
0.0108 0.3988 0.1329 0.4575 

MOTIF filter33 
letter-probability matrix: alength= 4 w= 17 nsites= 17 
0.4951 0.0342 0.2362 0.2345 
0.2964 0.4332 0.1938 0.0765 
0.1254 0.4169 0.4300 0.0277 
0.1743 0.6759 0.1384 0.0114 
0.0163 0.7166 0.0423 0.2248 
0.0179 0.2345 0.3697 0.3779 
0.1596 0.2394 0.4837 0.1173 
0.8306 0.1678 0.0000 0.0016 
0.4397 0.0016 0.0505 0.5081 
0.3616 0.0472 0.5863 0.0049 
0.0293 0.1987 0.0798 0.6922 
0.0163 0.5440 0.0684 0.3713 
0.1368 0.5423 0.2150 0.1059 
0.2329 0.7085 0.0114 0.0472 
0.0505 0.3681 0.4055 0.1759 
0.0423 0.3225 0.4544 0.1808 
0.0570 0.4935 0.2557 0.1938 

MOTIF filter34 
letter-probability matrix: alength= 4 w= 12 nsites= 12 
0.1703 0.2183 0.3100 0.3013 
0.2707 0.2227 0.2314 0.2751 
0.1790 0.3450 0.2576 0.2183 
0.0000 0.8559 0.1441 0.0000 
0.0131 0.9869 0.0000 0.0000 
0.0000 0.0000 1.0000 0.0000 
0.0000 0.0000 1.0000 0.0000 
1.0000 0.0000 0.0000 0.0000 
1.0000 0.0000 0.0000 0.0000 
0.0131 0.0000 0.9869 0.0000 
0.0000 0.1659 0.0131 0.8210 
0.1179 0.0961 0.7380 0.0480 

MOTIF filter35 
letter-probability matrix: alength= 4 w= 17 nsites= 17 
0.2338 0.2554 0.2734 0.2374 
0.2698 0.2374 0.2590 0.2338 
0.2194 0.1763 0.3453 0.2590 
0.3094 0.0540 0.6115 0.0252 
0.0612 0.0000 0.8813 0.0576 
0.1871 0.0000 0.8129 0.0000 
0.0000 0.0000 1.0000 0.0000 
0.0000 0.0000 1.0000 0.0000 
0.3309 0.5072 0.0000 0.1619 
0.0000 0.0000 1.0000 0.0000 
0.0000 0.0000 1.0000 0.0000 
0.1511 0.0000 0.8489 0.0000 
0.1655 0.0180 0.8165 0.0000 
0.2158 0.6115 0.1331 0.0396 
0.2590 0.2014 0.2698 0.2698 
0.2410 0.2410 0.2482 0.2698 
0.2842 0.2194 0.2482 0.2482 

MOTIF filter36 
letter-probability matrix: alength= 4 w= 20 nsites= 20 
0.2877 0.2105 0.2140 0.2877 
0.2807 0.2632 0.2421 0.2140 
0.2316 0.2807 0.1965 0.2912 
0.2807 0.5825 0.0316 0.1053 
0.2807 0.1579 0.0526 0.5088 
0.2807 0.1825 0.3053 0.2316 
0.6316 0.0421 0.0947 0.2316 
0.1614 0.3719 0.4526 0.0140 
0.0000 0.0000 0.0000 1.0000 
0.0105 0.9895 0.0000 0.0000 
1.0000 0.0000 0.0000 0.0000 
0.0000 0.0000 0.9930 0.0070 
0.0000 1.0000 0.0000 0.0000 
0.9825 0.0000 0.0000 0.0175 
0.4772 0.1684 0.0702 0.2842 
0.4351 0.0561 0.0000 0.5088 
0.3754 0.0982 0.0035 0.5228 
0.3088 0.0807 0.0175 0.5930 
0.2632 0.2281 0.2456 0.2632 
0.2982 0.2561 0.2175 0.2281 

MOTIF filter37 
letter-probability matrix: alength= 4 w= 19 nsites= 19 
0.2161 0.2383 0.2617 0.2839 
0.2031 0.2969 0.2773 0.2227 
0.2995 0.2148 0.2253 0.2604 
0.1380 0.0768 0.0352 0.7500 
0.0286 0.0690 0.6875 0.2148 
0.4167 0.4049 0.0651 0.1133 
0.0013 0.9987 0.0000 0.0000 
0.0000 1.0000 0.0000 0.0000 
0.8359 0.0013 0.0052 0.1576 
0.0104 0.0000 0.0013 0.9883 
0.9974 0.0026 0.0000 0.0000 
0.0000 0.0000 0.0000 1.0000 
0.9857 0.0000 0.0000 0.0143 
0.1354 0.0026 0.0000 0.8620 
0.0000 0.0052 0.9948 0.0000 
0.0000 0.0000 0.9987 0.0013 
0.0964 0.0716 0.3867 0.4453 
0.2292 0.6615 0.0820 0.0273 
0.7539 0.0247 0.0534 0.1680 

MOTIF filter38 
letter-probability matrix: alength= 4 w= 15 nsites= 15 
0.1505 0.0903 0.5619 0.1973 
0.0903 0.6756 0.1304 0.1037 
0.2910 0.3880 0.2140 0.1070 
0.0167 0.0000 0.8495 0.1338 
0.0000 1.0000 0.0000 0.0000 
0.0000 1.0000 0.0000 0.0000 
1.0000 0.0000 0.0000 0.0000 
0.0000 0.0000 0.0000 1.0000 
0.0234 0.5017 0.1104 0.3645 
0.0000 0.0000 0.0000 1.0000 
0.0000 0.0000 0.0000 1.0000 
0.0903 0.0736 0.7157 0.1204 
0.3344 0.2475 0.1806 0.2375 
0.2408 0.2542 0.2542 0.2508 
0.2140 0.2843 0.2341 0.2676 

MOTIF filter39 
letter-probability matrix: alength= 4 w= 15 nsites= 15 
0.2389 0.2166 0.2229 0.3217 
0.2771 0.2261 0.2229 0.2739 
0.2006 0.1720 0.0541 0.5732 
0.0000 0.0000 0.0000 1.0000 
0.0000 0.0000 0.0000 1.0000 
0.0000 1.0000 0.0000 0.0000 
0.0000 1.0000 0.0000 0.0000 
0.0064 0.4777 0.0000 0.5159 
0.4809 0.0000 0.4841 0.0350 
0.0000 0.0000 0.9045 0.0955 
0.9650 0.0350 0.0000 0.0000 
1.0000 0.0000 0.0000 0.0000 
0.5127 0.1656 0.2516 0.0701 
0.2452 0.2643 0.2484 0.2420 
0.2803 0.2675 0.1720 0.2803 

MOTIF filter40 
letter-probability matrix: alength= 4 w= 10 nsites= 10 
0.2478 0.2426 0.2307 0.2789 
0.4258 0.0000 0.0000 0.5742 
0.0000 0.0000 0.0000 1.0000 
0.0000 0.0000 0.0000 1.0000 
0.6447 0.0000 0.3553 0.0000 
1.0000 0.0000 0.0000 0.0000 
0.0000 0.0000 0.0000 1.0000 
0.2552 0.2478 0.2507 0.2463 
0.2463 0.2574 0.2641 0.2322 
0.2270 0.2493 0.2611 0.2626 

MOTIF filter41 
letter-probability matrix: alength= 4 w= 14 nsites= 14 
0.1073 0.2146 0.4176 0.2605 
0.0000 0.9080 0.0000 0.0920 
0.0000 0.8659 0.0000 0.1341 
0.0000 1.0000 0.0000 0.0000 
0.0000 1.0000 0.0000 0.0000 
0.0958 0.0000 0.6475 0.2567 
0.0000 1.0000 0.0000 0.0000 
0.0000 1.0000 0.0000 0.0000 
0.0000 0.8352 0.0000 0.1648 
0.0920 0.8467 0.0000 0.0613 
0.0345 0.7356 0.0153 0.2146 
0.2452 0.2299 0.2644 0.2605 
0.2912 0.2031 0.2874 0.2184 
0.2605 0.2759 0.2414 0.2222 

MOTIF filter42 
letter-probability matrix: alength= 4 w= 18 nsites= 18 
0.2305 0.2447 0.2482 0.2766 
0.1915 0.3227 0.2908 0.1950 
0.2340 0.2908 0.2163 0.2589 
0.1773 0.6702 0.0887 0.0638 
0.9965 0.0000 0.0035 0.0000 
0.9965 0.0000 0.0035 0.0000 
0.4468 0.0957 0.4574 0.0000 
1.0000 0.0000 0.0000 0.0000 
0.0000 0.0000 0.0000 1.0000 
0.0000 0.0000 1.0000 0.0000 
0.0000 0.0000 1.0000 0.0000 
0.0567 0.9220 0.0000 0.0213 
0.0922 0.2057 0.4433 0.2589 
0.0851 0.0496 0.7943 0.0709 
0.1135 0.8085 0.0142 0.0638 
0.2766 0.1950 0.2447 0.2837 
0.2234 0.2518 0.3191 0.2057 
0.2695 0.2163 0.3227 0.1915 

MOTIF filter43 
letter-probability matrix: alength= 4 w= 15 nsites= 15 
0.2538 0.2692 0.2115 0.2654 
0.1115 0.1808 0.4462 0.2615 
0.0000 0.6538 0.2000 0.1462 
0.0077 0.7615 0.0923 0.1385 
0.7000 0.0192 0.2731 0.0077 
0.0000 0.8654 0.0038 0.1308 
0.0000 0.0231 0.0000 0.9769 
0.0000 0.0385 0.0000 0.9615 
0.0077 0.9692 0.0115 0.0115 
0.0000 0.9769 0.0154 0.0077 
0.0154 0.0115 0.9731 0.0000 
0.0000 0.2654 0.7192 0.0154 
0.1692 0.3192 0.2846 0.2269 
0.2154 0.3000 0.2385 0.2462 
0.2923 0.1808 0.2115 0.3154 

MOTIF filter44 
letter-probability matrix: alength= 4 w= 20 nsites= 20 
0.2650 0.2401 0.2416 0.2533 
0.2123 0.4100 0.2225 0.1552 
0.4466 0.1098 0.3880 0.0556 
0.0630 0.0996 0.1274 0.7101 
0.3558 0.1786 0.3675 0.0981 
0.1142 0.0644 0.2079 0.6135 
0.0337 0.3895 0.2855 0.2914 
0.0249 0.0161 0.9136 0.0454 
0.0249 0.4305 0.0893 0.4553 
0.5286 0.0000 0.4714 0.0000 
0.4158 0.0805 0.1903 0.3133 
0.0190 0.4802 0.4319 0.0688 
0.0776 0.3953 0.2767 0.2504 
0.4963 0.1040 0.1259 0.2738 
0.2372 0.2679 0.0425 0.4524 
0.4290 0.4187 0.0996 0.0527 
0.3089 0.1435 0.4070 0.1406 
0.2225 0.3104 0.2401 0.2269 
0.0483 0.8755 0.0249 0.0512 
0.0395 0.0161 0.6486 0.2958 

MOTIF filter45 
letter-probability matrix: alength= 4 w= 18 nsites= 18 
0.0385 0.2937 0.4196 0.2483 
0.2203 0.4056 0.2098 0.1643 
0.3217 0.1259 0.4825 0.0699 
0.1014 0.7587 0.0490 0.0909 
0.0559 0.0000 0.7378 0.2063 
0.2028 0.2378 0.0909 0.4685 
0.1818 0.5175 0.1294 0.1713 
0.0524 0.6014 0.3007 0.0455 
0.0315 0.8462 0.0874 0.0350 
0.2972 0.5490 0.0070 0.1469 
0.2972 0.5420 0.0000 0.1608 
0.1329 0.6538 0.0000 0.2133 
0.0350 0.0000 0.7587 0.2063 
0.1538 0.0070 0.1434 0.6958 
0.3252 0.2657 0.3147 0.0944 
0.0874 0.5769 0.1853 0.1503 
0.1224 0.2168 0.0839 0.5769 
0.7517 0.0000 0.1993 0.0490 

MOTIF filter46 
letter-probability matrix: alength= 4 w= 16 nsites= 16 
0.4870 0.2082 0.1264 0.1784 
0.0372 0.3606 0.0967 0.5056 
0.0149 0.3569 0.3866 0.2416 
0.4312 0.0781 0.4870 0.0037 
0.5502 0.0000 0.3866 0.0632 
0.0000 1.0000 0.0000 0.0000 
0.0000 1.0000 0.0000 0.0000 
1.0000 0.0000 0.0000 0.0000 
1.0000 0.0000 0.0000 0.0000 
0.0000 0.0000 0.0000 1.0000 
0.0149 0.7844 0.2007 0.0000 
0.8996 0.0000 0.1004 0.0000 
0.0929 0.0632 0.8253 0.0186 
0.1636 0.3234 0.3048 0.2082 
0.3048 0.2082 0.2602 0.2268 
0.2119 0.3160 0.2156 0.2565 

MOTIF filter47 
letter-probability matrix: alength= 4 w= 16 nsites= 16 
0.2232 0.3009 0.2367 0.2392 
0.4242 0.1985 0.3021 0.0752 
0.1455 0.6658 0.1060 0.0826 
0.0580 0.2072 0.1381 0.5968 
0.0160 0.0715 0.0395 0.8730 
0.0111 0.9149 0.0173 0.0567 
0.0099 0.6843 0.2725 0.0333 
0.1171 0.0012 0.8693 0.0123 
0.4069 0.2737 0.3181 0.0012 
0.4784 0.0395 0.0691 0.4131 
0.1369 0.0949 0.5364 0.2318 
0.0604 0.3958 0.1603 0.3835 
0.4834 0.0678 0.4242 0.0247 
0.2207 0.1085 0.5203 0.1504 
0.2306 0.2207 0.3514 0.1973 
0.2417 0.1073 0.3070 0.3440 

MOTIF filter48 
letter-probability matrix: alength= 4 w= 18 nsites= 18 
0.2393 0.2564 0.2393 0.2650 
0.3291 0.2137 0.2137 0.2436 
0.2436 0.2564 0.2308 0.2692 
0.5085 0.0214 0.0897 0.3803 
0.7393 0.0043 0.0214 0.2350 
0.4060 0.0000 0.0214 0.5726 
0.2393 0.1453 0.1581 0.4573 
0.0043 0.0000 0.0000 0.9957 
0.0000 0.0000 1.0000 0.0000 
0.0000 1.0000 0.0000 0.0000 
0.0000 0.0000 0.0000 1.0000 
0.0000 0.0000 1.0000 0.0000 
1.0000 0.0000 0.0000 0.0000 
0.0256 0.5427 0.2863 0.1453 
0.1880 0.1282 0.0427 0.6410 
0.1795 0.3077 0.1667 0.3462 
0.6026 0.0385 0.1453 0.2137 
0.1325 0.0128 0.6239 0.2308 

MOTIF filter49 
letter-probability matrix: alength= 4 w= 18 nsites= 18 
0.2030 0.2879 0.2576 0.2515 
0.2394 0.2394 0.2788 0.2424 
0.2303 0.3061 0.2303 0.2333 
0.5576 0.0000 0.1273 0.3152 
0.6061 0.0212 0.0424 0.3303 
0.4879 0.0000 0.0152 0.4970 
0.3182 0.1667 0.1303 0.3848 
0.0061 0.0000 0.0000 0.9939 
0.0000 0.0000 1.0000 0.0000 
0.0515 0.9485 0.0000 0.0000 
0.0000 0.0000 0.0000 1.0000 
0.0000 0.0000 0.9879 0.0121 
1.0000 0.0000 0.0000 0.0000 
0.0273 0.5030 0.3273 0.1424 
0.2182 0.1061 0.0576 0.6182 
0.1909 0.3879 0.0970 0.3242 
0.4636 0.0545 0.2273 0.2545 
0.1485 0.0727 0.5182 0.2606 

MOTIF filter50 
letter-probability matrix: alength= 4 w= 14 nsites= 14 
0.2536 0.5607 0.0357 0.1500 
0.2286 0.2071 0.0571 0.5071 
0.3214 0.1429 0.2321 0.3036 
0.6214 0.0643 0.0643 0.2500 
0.1821 0.2893 0.5214 0.0071 
0.0000 0.0036 0.0000 0.9964 
0.0179 0.9821 0.0000 0.0000 
1.0000 0.0000 0.0000 0.0000 
0.0000 0.0000 0.9893 0.0107 
0.0000 0.9964 0.0036 0.0000 
1.0000 0.0000 0.0000 0.0000 
0.4393 0.1786 0.1464 0.2357 
0.4107 0.0286 0.0321 0.5286 
0.4786 0.0143 0.0214 0.4857 

MOTIF filter51 
letter-probability matrix: alength= 4 w= 15 nsites= 15 
0.2327 0.2327 0.2788 0.2558 
0.2174 0.2941 0.2353 0.2532 
0.4808 0.1688 0.3120 0.0384 
0.0000 0.0000 0.0000 1.0000 
0.0000 0.0000 0.0409 0.9591 
0.4118 0.0000 0.5627 0.0256 
0.0000 0.9770 0.0000 0.0230 
0.0563 0.0051 0.9386 0.0000 
0.0077 0.9795 0.0000 0.0128 
1.0000 0.0000 0.0000 0.0000 
1.0000 0.0000 0.0000 0.0000 
0.0000 0.4092 0.0026 0.5882 
0.2225 0.3095 0.2762 0.1918 
0.2123 0.2583 0.2532 0.2762 
0.2762 0.2302 0.3043 0.1893 

MOTIF filter52 
letter-probability matrix: alength= 4 w= 20 nsites= 20 
0.2508 0.2255 0.2639 0.2599 
0.0283 0.1395 0.6744 0.1577 
0.3327 0.2326 0.2750 0.1598 
0.0354 0.1436 0.3782 0.4429 
0.0040 0.1618 0.3721 0.4621 
0.2578 0.1143 0.3236 0.3043 
0.0617 0.0020 0.8938 0.0425 
0.1840 0.1001 0.6188 0.0971 
0.5703 0.1072 0.0404 0.2821 
0.3670 0.0071 0.2184 0.4075 
0.1294 0.1587 0.0455 0.6663 
0.1931 0.3519 0.0870 0.3680 
0.0415 0.9141 0.0212 0.0233 
0.3276 0.3660 0.2204 0.0859 
0.5025 0.2396 0.1072 0.1507 
0.3589 0.2781 0.1112 0.2518 
0.3600 0.2690 0.3377 0.0334 
0.2417 0.5319 0.0000 0.2265 
0.2750 0.0657 0.2154 0.4439 
0.4055 0.1223 0.0081 0.4641 

MOTIF filter53 
letter-probability matrix: alength= 4 w= 18 nsites= 18 
0.2219 0.2359 0.2797 0.2625 
0.1672 0.3187 0.2641 0.2500 
0.3250 0.2953 0.1766 0.2031 
0.1078 0.0375 0.0312 0.8234 
0.0328 0.0750 0.6812 0.2109 
0.4297 0.4125 0.0375 0.1203 
0.0000 1.0000 0.0000 0.0000 
0.0000 0.9969 0.0000 0.0031 
0.8531 0.0000 0.0047 0.1422 
0.0125 0.0000 0.0000 0.9875 
0.9984 0.0000 0.0016 0.0000 
0.0000 0.0000 0.0016 0.9984 
0.9984 0.0000 0.0000 0.0016 
0.1406 0.0016 0.0000 0.8578 
0.0016 0.0063 0.9922 0.0000 
0.0000 0.0000 1.0000 0.0000 
0.1016 0.0266 0.4172 0.4547 
0.2031 0.7078 0.0625 0.0266 

MOTIF filter54 
letter-probability matrix: alength= 4 w= 13 nsites= 13 
0.2430 0.2327 0.2636 0.2606 
0.2348 0.1668 0.3934 0.2049 
0.4016 0.2307 0.3656 0.0021 
0.0000 0.0000 0.0000 1.0000 
0.0000 0.0000 1.0000 0.0000 
1.0000 0.0000 0.0000 0.0000 
0.0000 0.5067 0.4933 0.0000 
0.0000 0.0000 0.0000 1.0000 
0.0000 1.0000 0.0000 0.0000 
1.0000 0.0000 0.0000 0.0000 
0.0010 0.3378 0.2595 0.4016 
0.2194 0.3574 0.1895 0.2338 
0.2626 0.2204 0.2719 0.2451 

MOTIF filter55 
letter-probability matrix: alength= 4 w= 15 nsites= 15 
0.2895 0.2428 0.2183 0.2494 
0.2851 0.1982 0.2316 0.2851 
0.0557 0.2071 0.1759 0.5612 
0.0000 0.0000 0.0000 1.0000 
0.0000 0.0000 0.0156 0.9844 
0.0557 0.9443 0.0000 0.0000 
0.0334 0.6325 0.0000 0.3341 
0.3808 0.0379 0.4232 0.1581 
0.0000 0.0000 1.0000 0.0000 
0.0045 0.0022 0.9800 0.0134 
1.0000 0.0000 0.0000 0.0000 
1.0000 0.0000 0.0000 0.0000 
0.6080 0.0557 0.1715 0.1648 
0.2160 0.2584 0.2383 0.2873 
0.2739 0.1938 0.3430 0.1893 

MOTIF filter56 
letter-probability matrix: alength= 4 w= 14 nsites= 14 
0.1738 0.2348 0.3140 0.2774 
0.0518 0.5122 0.1707 0.2652 
0.0884 0.6128 0.1860 0.1128 
0.6890 0.0061 0.2622 0.0427 
0.0000 0.9787 0.0000 0.0213 
0.0000 0.0000 0.0000 1.0000 
0.0000 0.0000 0.0000 1.0000 
0.0000 1.0000 0.0000 0.0000 
0.0000 1.0000 0.0000 0.0000 
0.0000 0.0000 0.9634 0.0366 
0.0000 0.1098 0.8720 0.0183 
0.2591 0.1860 0.2500 0.3049 
0.2439 0.2561 0.2256 0.2744 
0.3171 0.2561 0.2226 0.2043 

MOTIF filter57 
letter-probability matrix: alength= 4 w= 14 nsites= 14 
0.2083 0.1759 0.3704 0.2454 
0.2685 0.0556 0.5648 0.1111 
0.2315 0.1250 0.5417 0.1019 
0.0093 0.8148 0.1759 0.0000 
0.0648 0.8426 0.0556 0.0370 
0.0000 0.0046 0.8380 0.1574 
0.0000 0.0648 0.9213 0.0139 
0.9954 0.0000 0.0000 0.0046 
0.8796 0.0000 0.0324 0.0880 
0.0833 0.1991 0.7176 0.0000 
0.0185 0.2870 0.0880 0.6065 
0.1991 0.3796 0.3935 0.0278 
0.2870 0.3796 0.3333 0.0000 
0.2685 0.2639 0.2593 0.2083 

MOTIF filter58 
letter-probability matrix: alength= 4 w= 20 nsites= 20 
0.2011 0.2725 0.2484 0.2780 
0.1553 0.2671 0.3455 0.2321 
0.1561 0.4581 0.0047 0.3812 
0.1739 0.6211 0.0078 0.1972 
0.0140 0.6413 0.3377 0.0070 
0.1359 0.5039 0.1405 0.2197 
0.3952 0.5357 0.0551 0.0140 
0.6661 0.1040 0.1856 0.0443 
0.0823 0.2042 0.2213 0.4922 
0.0179 0.0683 0.7189 0.1949 
0.0373 0.5846 0.3315 0.0466 
0.2104 0.1188 0.2966 0.3742 
0.2842 0.3657 0.2694 0.0807 
0.1762 0.3385 0.3991 0.0862 
0.0846 0.3253 0.3960 0.1941 
0.1071 0.3416 0.0000 0.5512 
0.4550 0.2453 0.2314 0.0683 
0.0000 0.1786 0.7733 0.0481 
0.2640 0.4387 0.1382 0.1592 
0.2019 0.1995 0.4511 0.1475 

MOTIF filter59 
letter-probability matrix: alength= 4 w= 15 nsites= 15 
0.1653 0.2034 0.3178 0.3136 
0.3051 0.1568 0.1992 0.3390 
0.2881 0.2542 0.2754 0.1822 
0.2203 0.0169 0.6949 0.0678 
0.1229 0.0000 0.8178 0.0593 
0.1483 0.0000 0.8517 0.0000 
0.0000 0.0000 1.0000 0.0000 
0.0000 0.0000 1.0000 0.0000 
0.3093 0.6314 0.0000 0.0593 
0.0000 0.0000 1.0000 0.0000 
0.0000 0.0000 1.0000 0.0000 
0.1144 0.0000 0.8814 0.0042 
0.1356 0.0254 0.8390 0.0000 
0.1229 0.5381 0.1949 0.1441 
0.2966 0.1568 0.3136 0.2331 

MOTIF filter60 
letter-probability matrix: alength= 4 w= 20 nsites= 20 
0.2722 0.2468 0.2541 0.2269 
0.3049 0.2377 0.2595 0.1978 
0.7132 0.1416 0.0454 0.0998 
0.3920 0.0544 0.4719 0.0817 
0.7169 0.1543 0.0436 0.0853 
0.0054 0.0563 0.0000 0.9383 
0.2922 0.0363 0.1924 0.4791 
0.1488 0.1506 0.2287 0.4719 
0.6388 0.0000 0.3140 0.0472 
0.5245 0.0018 0.1579 0.3158 
0.0617 0.5935 0.1071 0.2377 
0.1924 0.3321 0.3938 0.0817 
0.0853 0.3249 0.3067 0.2831 
0.1688 0.3739 0.3684 0.0889 
0.0000 0.8221 0.0254 0.1525 
0.2559 0.3085 0.0744 0.3612 
0.0309 0.1016 0.3230 0.5445 
0.0218 0.5753 0.0145 0.3884 
0.4991 0.0998 0.2250 0.1760 
0.4682 0.1633 0.2922 0.0762 

MOTIF filter61 
letter-probability matrix: alength= 4 w= 15 nsites= 15 
0.2538 0.2387 0.2024 0.3051 
0.2175 0.2538 0.2326 0.2961 
0.2296 0.3172 0.1692 0.2840 
0.0000 0.9366 0.0634 0.0000 
0.0544 0.9456 0.0000 0.0000 
0.0000 0.0000 1.0000 0.0000 
0.0000 0.0000 1.0000 0.0000 
1.0000 0.0000 0.0000 0.0000 
1.0000 0.0000 0.0000 0.0000 
0.1239 0.0000 0.8761 0.0000 
0.0030 0.4199 0.0272 0.5498 
0.2175 0.0816 0.6344 0.0665 
0.2719 0.2840 0.4441 0.0000 
0.2266 0.3656 0.2447 0.1631 
0.1752 0.2689 0.2719 0.2840 

MOTIF filter62 
letter-probability matrix: alength= 4 w= 19 nsites= 19 
0.1610 0.1096 0.0736 0.6558 
0.0017 0.0993 0.7072 0.1918 
0.3356 0.4212 0.1045 0.1387 
0.0000 0.9486 0.0394 0.0120 
0.0051 0.9503 0.0394 0.0051 
0.8134 0.0616 0.0051 0.1199 
0.1404 0.0000 0.0000 0.8596 
1.0000 0.0000 0.0000 0.0000 
0.0411 0.0000 0.0308 0.9281 
0.9897 0.0086 0.0017 0.0000 
0.1164 0.0051 0.0017 0.8767 
0.0000 0.0017 0.9983 0.0000 
0.0000 0.0000 0.9966 0.0034 
0.0753 0.1301 0.4264 0.3682 
0.1541 0.7363 0.0822 0.0274 
0.7842 0.0205 0.1113 0.0839 
0.2243 0.3562 0.2243 0.1952 
0.2312 0.3493 0.3082 0.1113 
0.1610 0.2586 0.2295 0.3510 

MOTIF filter63 
letter-probability matrix: alength= 4 w= 16 nsites= 16 
0.3060 0.2759 0.1897 0.2284 
0.2759 0.2802 0.1940 0.2500 
0.2026 0.2241 0.2629 0.3103 
0.0000 0.9009 0.0431 0.0560 
0.0000 0.0905 0.0000 0.9095 
0.0000 0.2500 0.7371 0.0129 
1.0000 0.0000 0.0000 0.0000 
0.0000 0.0000 0.0000 1.0000 
0.0000 0.0000 0.0000 1.0000 
0.0000 0.0000 1.0000 0.0000 
0.0000 0.0000 1.0000 0.0000 
0.0086 0.4009 0.0000 0.5905 
0.0000 0.4267 0.1164 0.4569 
0.1767 0.4483 0.3190 0.0560 
0.5776 0.1250 0.2543 0.0431 
0.1466 0.1250 0.2716 0.4569 

