MEME version 4

ALPHABET= ACGT

Background letter frequencies:
A 0.2500 C 0.2500 G 0.2500 T 0.2500 

MOTIF filter0 
letter-probability matrix: alength= 4 w= 16 nsites= 16 
0.4488 0.1811 0.1732 0.1969 
0.0906 0.4488 0.0709 0.3898 
0.0276 0.3071 0.3937 0.2717 
0.4764 0.0945 0.4252 0.0039 
0.6260 0.0079 0.3346 0.0315 
0.0000 1.0000 0.0000 0.0000 
0.0000 1.0000 0.0000 0.0000 
1.0000 0.0000 0.0000 0.0000 
1.0000 0.0000 0.0000 0.0000 
0.0000 0.0000 0.0000 1.0000 
0.0236 0.7677 0.2087 0.0000 
0.9016 0.0118 0.0866 0.0000 
0.0512 0.0197 0.9291 0.0000 
0.1693 0.3307 0.2835 0.2165 
0.3110 0.1496 0.2756 0.2638 
0.1575 0.3819 0.2126 0.2480 

MOTIF filter1 
letter-probability matrix: alength= 4 w= 12 nsites= 12 
0.2317 0.2626 0.2626 0.2430 
0.4047 0.1998 0.2626 0.1329 
0.2338 0.3079 0.3223 0.1359 
0.0000 1.0000 0.0000 0.0000 
0.9990 0.0000 0.0010 0.0000 
0.0000 0.9969 0.0000 0.0031 
0.0021 0.0000 0.9979 0.0000 
0.0000 0.0000 0.0000 1.0000 
0.0000 0.0000 1.0000 0.0000 
0.1761 0.2873 0.3265 0.2101 
0.1761 0.2369 0.1596 0.4274 
0.2379 0.2636 0.2461 0.2523 

MOTIF filter2 
letter-probability matrix: alength= 4 w= 20 nsites= 20 
0.2854 0.2416 0.2337 0.2393 
0.1652 0.0966 0.0517 0.6865 
0.0494 0.0820 0.6404 0.2281 
0.3753 0.4135 0.0809 0.1303 
0.0011 0.9955 0.0011 0.0022 
0.0056 0.9449 0.0348 0.0146 
0.8191 0.0258 0.0146 0.1404 
0.0191 0.0000 0.0011 0.9798 
0.9775 0.0202 0.0022 0.0000 
0.0000 0.0820 0.0000 0.9180 
1.0000 0.0000 0.0000 0.0000 
0.1472 0.0506 0.0011 0.8011 
0.0022 0.0056 0.9910 0.0011 
0.0000 0.0090 0.9483 0.0427 
0.0921 0.0596 0.4101 0.4382 
0.2427 0.6202 0.1011 0.0360 
0.6730 0.0573 0.0663 0.2034 
0.2528 0.2539 0.2157 0.2775 
0.2191 0.2787 0.2584 0.2438 
0.2697 0.2135 0.2573 0.2596 

MOTIF filter3 
letter-probability matrix: alength= 4 w= 12 nsites= 12 
0.2260 0.2656 0.2397 0.2687 
0.4718 0.1053 0.3008 0.1221 
0.2260 0.3130 0.3481 0.1130 
0.0000 1.0000 0.0000 0.0000 
1.0000 0.0000 0.0000 0.0000 
0.0000 1.0000 0.0000 0.0000 
0.0000 0.0000 1.0000 0.0000 
0.0000 0.0000 0.0000 1.0000 
0.0000 0.0000 1.0000 0.0000 
0.0382 0.3603 0.3710 0.2305 
0.1252 0.2168 0.1710 0.4870 
0.2626 0.2382 0.1908 0.3084 

MOTIF filter4 
letter-probability matrix: alength= 4 w= 14 nsites= 14 
0.1815 0.2313 0.3060 0.2811 
0.0569 0.5338 0.1495 0.2598 
0.0747 0.5943 0.2028 0.1281 
0.6868 0.0071 0.2776 0.0285 
0.0036 0.9359 0.0036 0.0569 
0.0000 0.0000 0.0000 1.0000 
0.0000 0.0000 0.0000 1.0000 
0.0000 1.0000 0.0000 0.0000 
0.0000 0.9929 0.0000 0.0071 
0.0000 0.0000 0.9715 0.0285 
0.0000 0.1352 0.8505 0.0142 
0.2384 0.1957 0.2669 0.2989 
0.1495 0.3132 0.2242 0.3132 
0.3310 0.2633 0.1530 0.2527 

MOTIF filter5 
letter-probability matrix: alength= 4 w= 12 nsites= 12 
0.2355 0.2707 0.3427 0.1511 
0.1248 0.3093 0.2619 0.3040 
0.2443 0.4112 0.3040 0.0404 
0.0018 0.9666 0.0193 0.0123 
0.0000 0.0000 0.7118 0.2882 
0.0018 0.0000 0.6239 0.3743 
0.9244 0.0756 0.0000 0.0000 
0.5009 0.4991 0.0000 0.0000 
0.0105 0.0000 0.9877 0.0018 
0.0105 0.4060 0.1248 0.4587 
0.2373 0.1775 0.5852 0.0000 
0.1828 0.3023 0.3989 0.1160 

MOTIF filter6 
letter-probability matrix: alength= 4 w= 15 nsites= 15 
0.1194 0.0682 0.3518 0.4606 
0.0171 0.8721 0.0085 0.1023 
0.0000 0.0000 0.0000 1.0000 
0.9957 0.0021 0.0000 0.0021 
0.2452 0.0000 0.0000 0.7548 
0.3774 0.0000 0.0000 0.6226 
0.4733 0.0000 0.0000 0.5267 
0.6802 0.0000 0.0000 0.3198 
0.0021 0.0000 0.0000 0.9979 
1.0000 0.0000 0.0000 0.0000 
0.0512 0.0021 0.8891 0.0576 
0.6034 0.3433 0.0171 0.0362 
0.2090 0.3134 0.2793 0.1983 
0.1429 0.3774 0.2431 0.2367 
0.1919 0.3049 0.3241 0.1791 

MOTIF filter7 
letter-probability matrix: alength= 4 w= 16 nsites= 16 
0.2332 0.2843 0.2428 0.2396 
0.2748 0.2268 0.2652 0.2332 
0.2492 0.2748 0.2173 0.2588 
0.5112 0.0096 0.1342 0.3450 
0.6933 0.0000 0.0351 0.2716 
0.4792 0.0000 0.0383 0.4824 
0.2843 0.1374 0.1438 0.4345 
0.0032 0.0000 0.0000 0.9968 
0.0000 0.0000 1.0000 0.0000 
0.0224 0.9776 0.0000 0.0000 
0.0000 0.0000 0.0000 1.0000 
0.0000 0.0000 0.9872 0.0128 
1.0000 0.0000 0.0000 0.0000 
0.0319 0.5240 0.3099 0.1342 
0.2013 0.1470 0.0607 0.5911 
0.1885 0.3578 0.1278 0.3259 

MOTIF filter8 
letter-probability matrix: alength= 4 w= 20 nsites= 20 
0.2862 0.2425 0.2338 0.2375 
0.1350 0.0763 0.0413 0.7475 
0.0275 0.0900 0.6975 0.1850 
0.4038 0.4225 0.0750 0.0988 
0.0012 0.9937 0.0050 0.0000 
0.0000 0.9962 0.0000 0.0037 
0.8087 0.0025 0.0063 0.1825 
0.0150 0.0000 0.0000 0.9850 
0.9975 0.0025 0.0000 0.0000 
0.0000 0.0000 0.0025 0.9975 
0.9712 0.0050 0.0000 0.0237 
0.1488 0.0025 0.0012 0.8475 
0.0025 0.0213 0.9762 0.0000 
0.0012 0.0000 0.9987 0.0000 
0.0838 0.0800 0.4050 0.4313 
0.2288 0.6625 0.0750 0.0338 
0.7188 0.0213 0.0688 0.1912 
0.2387 0.2862 0.2387 0.2362 
0.1988 0.2562 0.2812 0.2637 
0.2313 0.2350 0.2675 0.2663 

MOTIF filter9 
letter-probability matrix: alength= 4 w= 13 nsites= 13 
0.1213 0.1396 0.5652 0.1739 
0.2288 0.5561 0.1442 0.0709 
0.2082 0.2860 0.3936 0.1121 
0.0297 0.0114 0.5973 0.3616 
0.0000 0.9634 0.0114 0.0252 
0.0000 0.6362 0.0000 0.3638 
1.0000 0.0000 0.0000 0.0000 
0.0000 0.0000 0.0000 1.0000 
0.0000 0.2014 0.0206 0.7780 
0.0000 0.0526 0.0000 0.9474 
0.0481 0.0092 0.0023 0.9405 
0.0641 0.0732 0.3776 0.4851 
0.6316 0.1053 0.1510 0.1121 

MOTIF filter10 
letter-probability matrix: alength= 4 w= 13 nsites= 13 
0.2485 0.2514 0.2597 0.2404 
0.2737 0.2527 0.2228 0.2508 
0.4044 0.1953 0.3328 0.0676 
0.0267 0.0225 0.0525 0.8983 
0.0142 0.0225 0.1771 0.7863 
0.3262 0.0258 0.4777 0.1703 
0.0779 0.6473 0.0703 0.2044 
0.2072 0.0790 0.6357 0.0782 
0.1798 0.5365 0.0059 0.2777 
0.7806 0.1769 0.0174 0.0252 
0.9030 0.0402 0.0350 0.0218 
0.0362 0.3351 0.1629 0.4658 
0.2451 0.2713 0.2555 0.2281 

MOTIF filter11 
letter-probability matrix: alength= 4 w= 16 nsites= 16 
0.2230 0.2122 0.2986 0.2662 
0.2554 0.2950 0.2158 0.2338 
0.3022 0.2302 0.2122 0.2554 
0.1187 0.7158 0.1223 0.0432 
1.0000 0.0000 0.0000 0.0000 
0.9892 0.0000 0.0108 0.0000 
0.4784 0.0180 0.4748 0.0288 
1.0000 0.0000 0.0000 0.0000 
0.0000 0.0000 0.0000 1.0000 
0.0000 0.0000 1.0000 0.0000 
0.0000 0.0000 1.0000 0.0000 
0.0288 0.8885 0.0000 0.0827 
0.1115 0.1583 0.4928 0.2374 
0.0863 0.0971 0.7626 0.0540 
0.1187 0.7734 0.0180 0.0899 
0.3345 0.1906 0.2014 0.2734 

MOTIF filter12 
letter-probability matrix: alength= 4 w= 15 nsites= 15 
0.2104 0.2151 0.2742 0.3002 
0.1939 0.4232 0.2057 0.1773 
0.1773 0.2104 0.1749 0.4374 
0.3144 0.5910 0.0757 0.0189 
0.9811 0.0000 0.0189 0.0000 
0.9811 0.0024 0.0165 0.0000 
0.5603 0.0426 0.3924 0.0047 
0.9976 0.0000 0.0024 0.0000 
0.0000 0.0331 0.0307 0.9362 
0.2435 0.0000 0.7565 0.0000 
0.0071 0.0000 0.9929 0.0000 
0.1395 0.7778 0.0000 0.0827 
0.1537 0.2482 0.3735 0.2246 
0.1017 0.0993 0.7329 0.0662 
0.0804 0.7329 0.0355 0.1513 

MOTIF filter13 
letter-probability matrix: alength= 4 w= 15 nsites= 15 
0.2489 0.3122 0.2172 0.2217 
0.2353 0.2172 0.2941 0.2534 
0.0000 0.9140 0.0362 0.0498 
0.0000 0.1357 0.0000 0.8643 
0.0000 0.2308 0.7602 0.0090 
1.0000 0.0000 0.0000 0.0000 
0.0000 0.0000 0.0000 1.0000 
0.0000 0.0000 0.0000 1.0000 
0.0000 0.0000 1.0000 0.0000 
0.0000 0.0000 1.0000 0.0000 
0.0362 0.4072 0.0000 0.5566 
0.0045 0.4118 0.1493 0.4344 
0.1176 0.5294 0.3213 0.0317 
0.5566 0.1357 0.2670 0.0407 
0.1312 0.0995 0.2941 0.4751 

MOTIF filter14 
letter-probability matrix: alength= 4 w= 20 nsites= 20 
0.3333 0.2222 0.1481 0.2963 
0.7407 0.0741 0.0370 0.1481 
0.7037 0.0741 0.1111 0.1111 
0.0000 0.0000 0.1111 0.8889 
0.0741 0.2593 0.3704 0.2963 
0.0741 0.3333 0.0370 0.5556 
0.0000 0.0000 0.9630 0.0370 
0.1111 0.0000 0.7407 0.1481 
0.4444 0.2963 0.0370 0.2222 
0.0370 0.6667 0.2963 0.0000 
0.4074 0.2222 0.3704 0.0000 
0.1481 0.1481 0.2593 0.4444 
0.0370 0.4444 0.0370 0.4815 
0.3704 0.4444 0.1111 0.0741 
0.0000 0.0000 0.3704 0.6296 
0.1481 0.8519 0.0000 0.0000 
0.8148 0.0000 0.1481 0.0370 
0.0000 0.5556 0.0000 0.4444 
0.7407 0.0741 0.1852 0.0000 
0.6296 0.3333 0.0370 0.0000 

MOTIF filter15 
letter-probability matrix: alength= 4 w= 12 nsites= 12 
0.2187 0.2889 0.2201 0.2724 
0.2613 0.2462 0.2779 0.2146 
0.2613 0.2627 0.2448 0.2311 
0.0014 0.0000 0.0000 0.9986 
0.0000 0.0000 0.0000 1.0000 
0.0000 0.0000 0.0000 1.0000 
0.5942 0.0000 0.4058 0.0000 
1.0000 0.0000 0.0000 0.0000 
0.0000 0.0000 0.0000 1.0000 
0.2352 0.2792 0.2462 0.2393 
0.2627 0.2600 0.2380 0.2393 
0.2187 0.2462 0.2696 0.2655 

MOTIF filter16 
letter-probability matrix: alength= 4 w= 14 nsites= 14 
0.1712 0.1952 0.3754 0.2583 
0.0180 0.4474 0.2282 0.3063 
0.1261 0.5826 0.1261 0.1652 
0.6727 0.0150 0.2733 0.0390 
0.0000 0.9670 0.0030 0.0300 
0.0000 0.0000 0.0000 1.0000 
0.0000 0.0000 0.0000 1.0000 
0.0000 1.0000 0.0000 0.0000 
0.0000 1.0000 0.0000 0.0000 
0.0000 0.0000 0.9970 0.0030 
0.0000 0.1622 0.8168 0.0210 
0.3423 0.1712 0.1862 0.3003 
0.2673 0.2072 0.2583 0.2673 
0.1532 0.2583 0.3093 0.2793 

MOTIF filter17 
letter-probability matrix: alength= 4 w= 16 nsites= 16 
0.2771 0.2892 0.2811 0.1526 
0.2209 0.2129 0.2932 0.2731 
0.1888 0.2329 0.2450 0.3333 
0.2129 0.0522 0.6787 0.0562 
0.0924 0.0000 0.7912 0.1165 
0.1325 0.0000 0.8675 0.0000 
0.0000 0.0000 1.0000 0.0000 
0.0000 0.0000 1.0000 0.0000 
0.2450 0.6145 0.0000 0.1406 
0.0000 0.0000 1.0000 0.0000 
0.0000 0.0000 1.0000 0.0000 
0.1044 0.0000 0.8594 0.0361 
0.1004 0.0000 0.8996 0.0000 
0.1606 0.5743 0.2249 0.0402 
0.3574 0.1928 0.2410 0.2088 
0.2249 0.3173 0.2209 0.2369 

MOTIF filter18 
letter-probability matrix: alength= 4 w= 16 nsites= 16 
0.2129 0.3019 0.2318 0.2534 
0.1294 0.6361 0.1078 0.1267 
0.1375 0.2668 0.3666 0.2291 
0.2264 0.1482 0.6226 0.0027 
0.1509 0.0108 0.7358 0.1024 
0.5067 0.0054 0.4744 0.0135 
0.3181 0.0135 0.6334 0.0350 
0.0270 0.1644 0.7871 0.0216 
0.2857 0.4070 0.0000 0.3073 
0.0189 0.0350 0.8868 0.0593 
0.0027 0.0081 0.9299 0.0593 
0.5660 0.0189 0.4043 0.0108 
0.6604 0.0539 0.2857 0.0000 
0.1213 0.2022 0.3962 0.2803 
0.2803 0.2803 0.0997 0.3396 
0.4663 0.0404 0.1078 0.3854 

MOTIF filter19 
letter-probability matrix: alength= 4 w= 12 nsites= 12 
0.2227 0.2591 0.2602 0.2580 
0.2443 0.2591 0.2500 0.2466 
0.2432 0.2477 0.2670 0.2420 
0.5227 0.1159 0.3511 0.0102 
0.0000 0.0000 0.0000 1.0000 
0.0000 0.0000 0.0239 0.9761 
0.2773 0.0011 0.6386 0.0830 
0.0136 0.9068 0.0000 0.0795 
0.0852 0.0000 0.9102 0.0045 
0.0841 0.6705 0.0000 0.2455 
0.9693 0.0295 0.0000 0.0011 
0.9989 0.0000 0.0011 0.0000 

MOTIF filter20 
letter-probability matrix: alength= 4 w= 12 nsites= 12 
0.2816 0.2179 0.2341 0.2665 
0.2578 0.3096 0.1942 0.2384 
0.2816 0.2017 0.2416 0.2751 
0.7217 0.0000 0.0000 0.2783 
0.0000 0.0000 0.0000 1.0000 
0.0000 0.0043 0.0000 0.9957 
0.9569 0.0000 0.0431 0.0000 
1.0000 0.0000 0.0000 0.0000 
0.2071 0.0000 0.0000 0.7929 
0.2999 0.2028 0.2826 0.2147 
0.1769 0.2665 0.2891 0.2675 
0.2503 0.2665 0.2460 0.2373 

MOTIF filter21 
letter-probability matrix: alength= 4 w= 15 nsites= 15 
0.2667 0.2333 0.2481 0.2519 
0.2593 0.2370 0.3000 0.2037 
0.2222 0.2259 0.2815 0.2704 
0.0000 0.8926 0.1074 0.0000 
0.0185 0.9815 0.0000 0.0000 
0.0000 0.0000 1.0000 0.0000 
0.0000 0.0000 1.0000 0.0000 
1.0000 0.0000 0.0000 0.0000 
1.0000 0.0000 0.0000 0.0000 
0.0259 0.0000 0.9741 0.0000 
0.0185 0.2741 0.0000 0.7074 
0.1667 0.0556 0.7296 0.0481 
0.2889 0.2074 0.4926 0.0111 
0.2074 0.4111 0.2148 0.1667 
0.1815 0.2815 0.2926 0.2444 

MOTIF filter22 
letter-probability matrix: alength= 4 w= 13 nsites= 13 
0.1829 0.0486 0.6181 0.1505 
0.2731 0.4653 0.1505 0.1111 
0.2500 0.4097 0.1875 0.1528 
0.6134 0.0000 0.3727 0.0139 
0.5741 0.4236 0.0023 0.0000 
0.1551 0.5370 0.2963 0.0116 
1.0000 0.0000 0.0000 0.0000 
0.0000 0.0023 0.0000 0.9977 
0.0000 0.1157 0.8079 0.0764 
0.0000 0.0000 0.6597 0.3403 
0.0324 0.4514 0.0000 0.5162 
0.0579 0.1458 0.5463 0.2500 
0.1088 0.1157 0.7315 0.0440 

MOTIF filter23 
letter-probability matrix: alength= 4 w= 15 nsites= 15 
0.2460 0.2396 0.2396 0.2748 
0.1981 0.3163 0.2907 0.1949 
0.2620 0.2524 0.2045 0.2812 
0.1629 0.6645 0.1054 0.0671 
0.9968 0.0000 0.0032 0.0000 
0.9776 0.0000 0.0224 0.0000 
0.4249 0.0895 0.4760 0.0096 
1.0000 0.0000 0.0000 0.0000 
0.0000 0.0000 0.0000 1.0000 
0.0000 0.0000 1.0000 0.0000 
0.0000 0.0000 1.0000 0.0000 
0.0735 0.9073 0.0000 0.0192 
0.0927 0.2109 0.4249 0.2716 
0.0799 0.0607 0.7796 0.0799 
0.1182 0.8083 0.0096 0.0639 

MOTIF filter24 
letter-probability matrix: alength= 4 w= 15 nsites= 15 
0.2310 0.3222 0.2462 0.2006 
0.2219 0.2675 0.2310 0.2796 
0.2340 0.2401 0.2371 0.2888 
0.0486 0.8116 0.1094 0.0304 
0.0000 0.1368 0.0091 0.8541 
0.0030 0.2067 0.6991 0.0912 
0.9848 0.0000 0.0000 0.0152 
0.0000 0.0000 0.0000 1.0000 
0.0000 0.0000 0.0000 1.0000 
0.0091 0.0000 0.9909 0.0000 
0.0000 0.0000 1.0000 0.0000 
0.0729 0.4407 0.0000 0.4863 
0.0243 0.4894 0.1125 0.3739 
0.1429 0.4468 0.3526 0.0578 
0.5593 0.1489 0.2675 0.0243 

MOTIF filter25 
letter-probability matrix: alength= 4 w= 18 nsites= 18 
0.0948 0.2572 0.3951 0.2529 
0.3463 0.3247 0.1882 0.1408 
0.1422 0.5977 0.1379 0.1221 
0.0675 0.6624 0.0977 0.1724 
0.5187 0.1681 0.1034 0.2098 
0.0345 0.0115 0.1322 0.8218 
0.4770 0.4885 0.0000 0.0345 
0.0000 0.0000 0.0000 1.0000 
1.0000 0.0000 0.0000 0.0000 
0.1940 0.0000 0.0014 0.8046 
0.2011 0.0000 0.4253 0.3736 
0.2672 0.0000 0.4368 0.2960 
0.4655 0.0000 0.0848 0.4497 
0.0805 0.2356 0.0431 0.6408 
0.9813 0.0000 0.0043 0.0144 
0.1293 0.0675 0.7170 0.0862 
0.3750 0.3750 0.0977 0.1523 
0.1422 0.2256 0.3218 0.3103 

MOTIF filter26 
letter-probability matrix: alength= 4 w= 16 nsites= 16 
0.2633 0.4466 0.1263 0.1637 
0.4484 0.0338 0.0943 0.4235 
0.4626 0.0676 0.1335 0.3363 
0.5552 0.0249 0.0196 0.4004 
0.2473 0.1477 0.3754 0.2295 
0.0000 0.0000 0.0000 1.0000 
0.0000 0.4875 0.5125 0.0000 
0.5480 0.4520 0.0000 0.0000 
0.0000 0.0000 0.4021 0.5979 
0.0000 0.4964 0.5036 0.0000 
1.0000 0.0000 0.0000 0.0000 
0.2064 0.3256 0.2082 0.2598 
0.2349 0.0142 0.0018 0.7491 
0.2936 0.1886 0.0356 0.4822 
0.3648 0.0943 0.0569 0.4840 
0.2580 0.1210 0.4164 0.2046 

MOTIF filter27 
letter-probability matrix: alength= 4 w= 20 nsites= 20 
0.2854 0.2367 0.2489 0.2290 
0.1737 0.0907 0.0487 0.6869 
0.0387 0.1261 0.6007 0.2345 
0.4768 0.3540 0.0619 0.1073 
0.0188 0.9502 0.0221 0.0088 
0.0000 0.9956 0.0022 0.0022 
0.8617 0.0000 0.0000 0.1383 
0.0055 0.1361 0.0000 0.8584 
0.8551 0.0000 0.1449 0.0000 
0.0000 0.0044 0.0011 0.9945 
0.8628 0.0011 0.1361 0.0000 
0.1715 0.0277 0.0409 0.7600 
0.0044 0.0188 0.9192 0.0575 
0.0188 0.0155 0.9414 0.0243 
0.1305 0.0841 0.4148 0.3706 
0.1969 0.6759 0.0985 0.0288 
0.7201 0.0476 0.0509 0.1814 
0.2124 0.3020 0.2268 0.2588 
0.2423 0.2190 0.2777 0.2611 
0.2378 0.2555 0.2843 0.2223 

MOTIF filter28 
letter-probability matrix: alength= 4 w= 13 nsites= 13 
0.2464 0.2338 0.2635 0.2563 
0.2230 0.1727 0.3975 0.2068 
0.4020 0.2131 0.3507 0.0342 
0.0000 0.0000 0.0000 1.0000 
0.0000 0.0000 0.9775 0.0225 
1.0000 0.0000 0.0000 0.0000 
0.0216 0.4793 0.4838 0.0153 
0.0000 0.0000 0.0000 1.0000 
0.0036 0.9964 0.0000 0.0000 
1.0000 0.0000 0.0000 0.0000 
0.0306 0.3237 0.2401 0.4056 
0.2203 0.3597 0.1862 0.2338 
0.2545 0.2149 0.2743 0.2563 

MOTIF filter29 
letter-probability matrix: alength= 4 w= 15 nsites= 15 
0.3135 0.3571 0.1706 0.1587 
0.3095 0.3254 0.1825 0.1825 
0.2103 0.2540 0.2262 0.3095 
0.0079 0.8214 0.0754 0.0952 
0.0000 0.1349 0.0000 0.8651 
0.0000 0.1905 0.7857 0.0238 
1.0000 0.0000 0.0000 0.0000 
0.0000 0.0000 0.0000 1.0000 
0.0000 0.0000 0.0000 1.0000 
0.0000 0.0000 1.0000 0.0000 
0.0000 0.0000 1.0000 0.0000 
0.0278 0.3492 0.0079 0.6151 
0.0079 0.4087 0.1429 0.4405 
0.2183 0.4087 0.3016 0.0714 
0.4881 0.1230 0.3135 0.0754 

MOTIF filter30 
letter-probability matrix: alength= 4 w= 13 nsites= 13 
0.2609 0.3882 0.2422 0.1087 
0.5559 0.1025 0.2516 0.0901 
0.2578 0.3509 0.2826 0.1087 
0.0000 0.8540 0.0062 0.1398 
0.0000 0.6770 0.3230 0.0000 
1.0000 0.0000 0.0000 0.0000 
0.5311 0.0000 0.0000 0.4689 
0.0000 0.0000 0.0000 1.0000 
0.0000 0.2547 0.7453 0.0000 
0.2888 0.0000 0.7112 0.0000 
0.1304 0.2329 0.3571 0.2795 
0.0497 0.3509 0.2857 0.3137 
0.2484 0.4689 0.2609 0.0217 

MOTIF filter31 
letter-probability matrix: alength= 4 w= 15 nsites= 15 
0.2765 0.1837 0.3011 0.2386 
0.1932 0.3447 0.2178 0.2443 
0.1042 0.0398 0.4015 0.4545 
0.0114 0.9527 0.0000 0.0360 
0.0000 0.0000 0.0000 1.0000 
1.0000 0.0000 0.0000 0.0000 
0.1913 0.0000 0.0038 0.8049 
0.4091 0.0000 0.0000 0.5909 
0.5530 0.0000 0.0000 0.4470 
0.6818 0.0057 0.0000 0.3125 
0.0000 0.0038 0.0000 0.9962 
0.9981 0.0000 0.0019 0.0000 
0.0284 0.0019 0.9640 0.0057 
0.5038 0.4053 0.0303 0.0606 
0.3617 0.2008 0.2064 0.2311 

MOTIF filter32 
letter-probability matrix: alength= 4 w= 14 nsites= 14 
0.1369 0.2635 0.3320 0.2676 
0.2593 0.1971 0.2988 0.2448 
0.2718 0.3091 0.1535 0.2656 
0.0705 0.0083 0.4274 0.4938 
0.0228 0.8216 0.0021 0.1535 
0.0021 0.0000 0.0000 0.9979 
0.9876 0.0000 0.0000 0.0124 
0.1763 0.0000 0.0000 0.8237 
0.3361 0.0104 0.0000 0.6535 
0.4813 0.0000 0.0000 0.5187 
0.6950 0.0041 0.0000 0.3008 
0.0083 0.0000 0.0062 0.9855 
0.9917 0.0062 0.0000 0.0021 
0.0394 0.0000 0.9336 0.0270 

MOTIF filter33 
letter-probability matrix: alength= 4 w= 11 nsites= 11 
0.2562 0.2673 0.2413 0.2351 
0.2760 0.2228 0.2252 0.2760 
0.2723 0.2636 0.2327 0.2314 
1.0000 0.0000 0.0000 0.0000 
0.0000 0.0000 0.0000 1.0000 
0.0000 0.4369 0.0000 0.5631 
1.0000 0.0000 0.0000 0.0000 
1.0000 0.0000 0.0000 0.0000 
1.0000 0.0000 0.0000 0.0000 
0.2748 0.2302 0.2191 0.2760 
0.2438 0.2376 0.2401 0.2785 

MOTIF filter34 
letter-probability matrix: alength= 4 w= 16 nsites= 16 
0.2284 0.2562 0.2577 0.2577 
0.2608 0.2114 0.2052 0.3225 
0.3179 0.2099 0.1065 0.3657 
0.0957 0.0895 0.0401 0.7747 
0.0571 0.0910 0.1142 0.7377 
0.2932 0.5525 0.0741 0.0802 
0.0494 0.6682 0.1111 0.1713 
0.3395 0.4954 0.0910 0.0741 
0.0123 0.0031 0.9846 0.0000 
0.0000 0.0015 0.9985 0.0000 
0.9969 0.0000 0.0015 0.0015 
0.8395 0.0046 0.0046 0.1512 
0.3719 0.0000 0.5586 0.0694 
0.1898 0.2361 0.0340 0.5401 
0.2716 0.0833 0.4352 0.2099 
0.3611 0.2608 0.1759 0.2022 

MOTIF filter35 
letter-probability matrix: alength= 4 w= 15 nsites= 15 
0.2130 0.2739 0.2652 0.2478 
0.1304 0.1478 0.4304 0.2913 
0.0043 0.4826 0.2609 0.2522 
0.0217 0.7652 0.0870 0.1261 
0.7957 0.0043 0.2000 0.0000 
0.0000 0.9652 0.0217 0.0130 
0.0000 0.0000 0.0000 1.0000 
0.0000 0.0000 0.0000 1.0000 
0.0000 1.0000 0.0000 0.0000 
0.0000 1.0000 0.0000 0.0000 
0.0000 0.0000 0.9652 0.0348 
0.0000 0.1000 0.9000 0.0000 
0.2435 0.2304 0.2696 0.2565 
0.2478 0.2217 0.2565 0.2739 
0.2652 0.1870 0.2304 0.3174 

MOTIF filter36 
letter-probability matrix: alength= 4 w= 15 nsites= 15 
0.2551 0.2579 0.2414 0.2455 
0.2524 0.2634 0.2620 0.2222 
0.2346 0.2538 0.2689 0.2428 
0.0892 0.0261 0.3553 0.5295 
0.0082 0.9218 0.0000 0.0700 
0.0000 0.0041 0.0000 0.9959 
0.9973 0.0000 0.0027 0.0000 
0.2579 0.0000 0.0137 0.7284 
0.4417 0.0000 0.0000 0.5583 
0.5638 0.0000 0.0000 0.4362 
0.6831 0.0000 0.0000 0.3169 
0.0000 0.0014 0.0000 0.9986 
1.0000 0.0000 0.0000 0.0000 
0.0727 0.0000 0.9012 0.0261 
0.4829 0.3855 0.0357 0.0960 

MOTIF filter37 
letter-probability matrix: alength= 4 w= 15 nsites= 15 
0.2677 0.2559 0.2205 0.2559 
0.3031 0.3268 0.2362 0.1339 
0.2126 0.2756 0.2362 0.2756 
0.0787 0.0118 0.7244 0.1850 
0.0709 0.7598 0.0945 0.0748 
0.3150 0.3622 0.2283 0.0945 
0.0433 0.0000 0.9213 0.0354 
0.0000 1.0000 0.0000 0.0000 
0.0000 1.0000 0.0000 0.0000 
1.0000 0.0000 0.0000 0.0000 
0.0000 0.0000 0.0000 1.0000 
0.0197 0.5315 0.0984 0.3504 
0.0000 0.0512 0.0000 0.9488 
0.0000 0.0118 0.0000 0.9882 
0.0709 0.0866 0.7598 0.0827 

MOTIF filter38 
letter-probability matrix: alength= 4 w= 17 nsites= 17 
0.4630 0.1538 0.1275 0.2557 
0.1751 0.2476 0.3722 0.2051 
0.0615 0.1114 0.3377 0.4894 
0.7473 0.0755 0.0615 0.1158 
0.0894 0.1297 0.5048 0.2762 
0.3868 0.3143 0.0381 0.2608 
0.4557 0.1011 0.2806 0.1626 
0.4330 0.2212 0.0066 0.3392 
0.5099 0.1458 0.3077 0.0366 
0.0000 0.8176 0.1253 0.0571 
0.2205 0.0000 0.4740 0.3055 
0.0388 0.7399 0.0447 0.1766 
0.2132 0.3018 0.0469 0.4381 
0.1260 0.0161 0.7275 0.1304 
0.3458 0.0549 0.5355 0.0637 
0.4110 0.1392 0.1590 0.2908 
0.4505 0.1875 0.3304 0.0315 

MOTIF filter39 
letter-probability matrix: alength= 4 w= 16 nsites= 16 
0.2843 0.2375 0.2341 0.2441 
0.2441 0.2943 0.2341 0.2274 
0.2408 0.2341 0.2776 0.2475 
0.1438 0.0201 0.6789 0.1572 
0.0635 0.7492 0.1104 0.0769 
0.2776 0.3712 0.2274 0.1237 
0.0334 0.0000 0.8528 0.1137 
0.0000 1.0000 0.0000 0.0000 
0.0000 1.0000 0.0000 0.0000 
1.0000 0.0000 0.0000 0.0000 
0.0000 0.0000 0.0000 1.0000 
0.0067 0.4883 0.1706 0.3344 
0.0033 0.0000 0.0000 0.9967 
0.0000 0.0000 0.0000 1.0000 
0.0903 0.0569 0.7358 0.1171 
0.2676 0.2341 0.2207 0.2776 

MOTIF filter40 
letter-probability matrix: alength= 4 w= 17 nsites= 17 
0.2636 0.2428 0.2309 0.2626 
0.1814 0.1269 0.0614 0.6303 
0.0763 0.0912 0.5966 0.2359 
0.2924 0.3013 0.1378 0.2686 
0.0000 1.0000 0.0000 0.0000 
0.0000 0.6908 0.0000 0.3092 
0.9257 0.0000 0.0030 0.0714 
0.0575 0.0000 0.0000 0.9425 
0.8622 0.0000 0.0000 0.1378 
0.1843 0.0000 0.0000 0.8157 
0.9495 0.0000 0.0000 0.0505 
0.0545 0.0010 0.0000 0.9445 
0.3092 0.0000 0.6908 0.0000 
0.0059 0.0000 0.9941 0.0000 
0.1814 0.1853 0.2567 0.3766 
0.2260 0.5391 0.1665 0.0684 
0.6234 0.0773 0.1140 0.1853 

MOTIF filter41 
letter-probability matrix: alength= 4 w= 16 nsites= 16 
0.2455 0.1697 0.2599 0.3249 
0.3105 0.2310 0.2022 0.2563 
0.2563 0.2852 0.2202 0.2383 
0.2960 0.0289 0.6029 0.0722 
0.1191 0.0000 0.8700 0.0108 
0.1697 0.0000 0.8303 0.0000 
0.0000 0.0000 1.0000 0.0000 
0.0000 0.0000 1.0000 0.0000 
0.3105 0.6101 0.0000 0.0794 
0.0000 0.0000 1.0000 0.0000 
0.0000 0.0000 1.0000 0.0000 
0.1877 0.0000 0.8123 0.0000 
0.1661 0.0505 0.7834 0.0000 
0.1661 0.5740 0.1264 0.1336 
0.2166 0.2238 0.3141 0.2455 
0.2202 0.3863 0.1913 0.2022 

MOTIF filter42 
letter-probability matrix: alength= 4 w= 18 nsites= 18 
0.2664 0.4324 0.1042 0.1969 
0.2162 0.2201 0.1158 0.4479 
0.2857 0.2046 0.3127 0.1969 
0.6988 0.0579 0.0541 0.1892 
0.4247 0.1042 0.2780 0.1931 
0.1004 0.0000 0.0000 0.8996 
0.1197 0.6757 0.0000 0.2046 
0.5212 0.0000 0.0000 0.4788 
0.0000 0.0000 1.0000 0.0000 
0.0000 1.0000 0.0000 0.0000 
0.4363 0.0000 0.0000 0.5637 
0.1660 0.0039 0.7413 0.0888 
0.8842 0.0000 0.0077 0.1081 
0.1120 0.2278 0.1699 0.4903 
0.2162 0.1120 0.0193 0.6525 
0.1699 0.4015 0.1506 0.2780 
0.4556 0.1120 0.1776 0.2548 
0.2201 0.1158 0.4865 0.1776 

MOTIF filter43 
letter-probability matrix: alength= 4 w= 19 nsites= 19 
0.3509 0.1295 0.1993 0.3203 
0.1806 0.3220 0.2641 0.2334 
0.3578 0.2027 0.1789 0.2606 
0.1261 0.0664 0.0136 0.7939 
0.0664 0.0750 0.6388 0.2198 
0.3254 0.3816 0.2300 0.0630 
0.0017 0.8433 0.1482 0.0068 
0.0511 0.9080 0.0239 0.0170 
0.8637 0.0000 0.0443 0.0920 
0.2044 0.0051 0.0153 0.7751 
0.9591 0.0256 0.0102 0.0051 
0.0000 0.0409 0.0170 0.9421 
0.7428 0.2078 0.0000 0.0494 
0.3867 0.0068 0.0000 0.6065 
0.0102 0.0000 0.9131 0.0767 
0.0579 0.1380 0.7939 0.0102 
0.3305 0.1584 0.3083 0.2027 
0.0988 0.7172 0.0443 0.1397 
0.6235 0.0136 0.1891 0.1738 

MOTIF filter44 
letter-probability matrix: alength= 4 w= 11 nsites= 11 
0.2698 0.2310 0.2868 0.2124 
0.5116 0.2171 0.1628 0.1085 
0.2341 0.3085 0.3349 0.1225 
0.0000 1.0000 0.0000 0.0000 
1.0000 0.0000 0.0000 0.0000 
0.0000 1.0000 0.0000 0.0000 
0.0000 0.0000 1.0000 0.0000 
0.0000 0.0000 0.0000 1.0000 
0.0000 0.0000 1.0000 0.0000 
0.0915 0.3194 0.3318 0.2574 
0.1473 0.2589 0.0651 0.5287 

MOTIF filter45 
letter-probability matrix: alength= 4 w= 14 nsites= 14 
0.3060 0.2201 0.2948 0.1791 
0.1418 0.3097 0.3022 0.2463 
0.0784 0.1791 0.5224 0.2201 
0.0000 0.8433 0.0224 0.1343 
0.0000 0.8433 0.0112 0.1455 
0.0000 0.9888 0.0112 0.0000 
0.0000 0.9963 0.0000 0.0037 
0.1007 0.0858 0.6828 0.1306 
0.0000 0.9888 0.0037 0.0075 
0.0037 0.9925 0.0000 0.0037 
0.0000 0.8769 0.0000 0.1231 
0.0634 0.8806 0.0000 0.0560 
0.0261 0.6716 0.0560 0.2463 
0.2799 0.2799 0.1269 0.3134 

MOTIF filter46 
letter-probability matrix: alength= 4 w= 16 nsites= 16 
0.3666 0.1887 0.2045 0.2401 
0.3686 0.4081 0.0573 0.1660 
0.1957 0.2796 0.2273 0.2974 
0.0326 0.1156 0.7500 0.1018 
0.5504 0.2421 0.1798 0.0277 
0.0534 0.7026 0.2342 0.0099 
0.1798 0.6265 0.1571 0.0366 
0.4684 0.1087 0.2638 0.1591 
0.0227 0.2213 0.2955 0.4605 
0.7777 0.1235 0.0464 0.0524 
0.0000 0.0632 0.4170 0.5198 
0.7688 0.1453 0.0781 0.0079 
0.0860 0.1423 0.0020 0.7698 
0.0257 0.0306 0.8794 0.0642 
0.0939 0.0514 0.8340 0.0208 
0.0988 0.0395 0.2984 0.5632 

MOTIF filter47 
letter-probability matrix: alength= 4 w= 15 nsites= 15 
0.2520 0.2360 0.2040 0.3080 
0.1960 0.2320 0.2560 0.3160 
0.2040 0.2080 0.3440 0.2440 
0.2720 0.0280 0.6360 0.0640 
0.1200 0.0000 0.8400 0.0400 
0.1120 0.0000 0.8880 0.0000 
0.0000 0.0000 1.0000 0.0000 
0.0000 0.0000 1.0000 0.0000 
0.2880 0.5760 0.0000 0.1360 
0.0000 0.0000 1.0000 0.0000 
0.0000 0.0000 1.0000 0.0000 
0.0640 0.0000 0.9360 0.0000 
0.1920 0.0200 0.7880 0.0000 
0.1440 0.6640 0.1560 0.0360 
0.2560 0.2200 0.3200 0.2040 

MOTIF filter48 
letter-probability matrix: alength= 4 w= 14 nsites= 14 
0.4179 0.2873 0.1418 0.1530 
0.0597 0.3209 0.1194 0.5000 
0.0784 0.3284 0.3545 0.2388 
0.3134 0.1269 0.5597 0.0000 
0.5261 0.0075 0.4552 0.0112 
0.0000 1.0000 0.0000 0.0000 
0.0000 1.0000 0.0000 0.0000 
0.9888 0.0000 0.0112 0.0000 
1.0000 0.0000 0.0000 0.0000 
0.0000 0.0000 0.0000 1.0000 
0.0224 0.7948 0.1530 0.0299 
0.8284 0.0000 0.1716 0.0000 
0.0261 0.0672 0.9067 0.0000 
0.1530 0.2425 0.2201 0.3843 

MOTIF filter49 
letter-probability matrix: alength= 4 w= 14 nsites= 14 
0.2994 0.1720 0.2930 0.2357 
0.5764 0.0573 0.1274 0.2389 
0.1656 0.3344 0.4841 0.0159 
0.0000 0.0000 0.0000 1.0000 
0.0191 0.9809 0.0000 0.0000 
1.0000 0.0000 0.0000 0.0000 
0.0000 0.0000 0.9904 0.0096 
0.0000 1.0000 0.0000 0.0000 
1.0000 0.0000 0.0000 0.0000 
0.4713 0.1879 0.0605 0.2803 
0.4076 0.0541 0.0000 0.5382 
0.4236 0.0637 0.0000 0.5127 
0.3057 0.0924 0.0223 0.5796 
0.2580 0.2389 0.2516 0.2516 

MOTIF filter50 
letter-probability matrix: alength= 4 w= 15 nsites= 15 
0.5020 0.1462 0.1423 0.2095 
0.0198 0.3834 0.1225 0.4743 
0.0553 0.3083 0.3913 0.2451 
0.4743 0.0988 0.4269 0.0000 
0.5573 0.0040 0.4032 0.0356 
0.0000 1.0000 0.0000 0.0000 
0.0000 1.0000 0.0000 0.0000 
1.0000 0.0000 0.0000 0.0000 
0.9921 0.0000 0.0079 0.0000 
0.0000 0.0000 0.0000 1.0000 
0.0040 0.8340 0.1621 0.0000 
0.8419 0.0040 0.1542 0.0000 
0.0435 0.0672 0.8735 0.0158 
0.2648 0.1937 0.2806 0.2609 
0.2372 0.1542 0.2806 0.3281 

MOTIF filter51 
letter-probability matrix: alength= 4 w= 13 nsites= 13 
0.2594 0.2422 0.2268 0.2716 
0.2395 0.2302 0.2901 0.2402 
0.3406 0.2644 0.2971 0.0980 
0.0460 0.0707 0.0578 0.8254 
0.0348 0.0361 0.7417 0.1875 
0.8147 0.0531 0.0664 0.0659 
0.1145 0.3861 0.4030 0.0964 
0.0310 0.0857 0.0460 0.8373 
0.1861 0.7360 0.0344 0.0435 
0.8478 0.0464 0.0669 0.0389 
0.0927 0.3041 0.2815 0.3217 
0.2179 0.3110 0.2300 0.2411 
0.2686 0.2291 0.2456 0.2568 

MOTIF filter52 
letter-probability matrix: alength= 4 w= 15 nsites= 15 
0.2665 0.2382 0.2978 0.1975 
0.3260 0.3166 0.1975 0.1599 
0.0721 0.1661 0.5235 0.2382 
0.0000 0.8746 0.0094 0.1160 
0.0000 0.8433 0.0000 0.1567 
0.0000 1.0000 0.0000 0.0000 
0.0000 1.0000 0.0000 0.0000 
0.0627 0.0000 0.6489 0.2884 
0.0000 1.0000 0.0000 0.0000 
0.0000 1.0000 0.0000 0.0000 
0.0000 0.8150 0.0000 0.1850 
0.0940 0.8119 0.0000 0.0940 
0.0408 0.6238 0.0596 0.2759 
0.2476 0.2038 0.3103 0.2382 
0.2821 0.2132 0.2069 0.2978 

MOTIF filter53 
letter-probability matrix: alength= 4 w= 15 nsites= 15 
0.2661 0.2282 0.2156 0.2901 
0.2489 0.2615 0.2431 0.2466 
0.1353 0.2076 0.1307 0.5264 
0.0011 0.0069 0.0057 0.9862 
0.0000 0.0011 0.0000 0.9989 
0.0333 0.9404 0.0011 0.0252 
0.0241 0.8108 0.0011 0.1640 
0.2443 0.2179 0.2351 0.3028 
0.2213 0.0000 0.7661 0.0126 
0.0011 0.0034 0.9633 0.0321 
0.9794 0.0034 0.0115 0.0057 
0.9943 0.0057 0.0000 0.0000 
0.5631 0.1204 0.1858 0.1307 
0.2294 0.2649 0.2580 0.2477 
0.2523 0.2592 0.2443 0.2443 

MOTIF filter54 
letter-probability matrix: alength= 4 w= 13 nsites= 13 
0.2537 0.2461 0.2528 0.2474 
0.2767 0.2352 0.2380 0.2501 
0.2119 0.2489 0.1879 0.3512 
0.0432 0.0880 0.0358 0.8330 
0.0421 0.0308 0.1317 0.7955 
0.2375 0.6885 0.0385 0.0355 
0.0819 0.5507 0.0192 0.3482 
0.2442 0.2271 0.2770 0.2516 
0.3176 0.0188 0.5765 0.0871 
0.0466 0.0463 0.6641 0.2431 
0.8022 0.1294 0.0291 0.0394 
0.8510 0.0553 0.0727 0.0210 
0.3522 0.1968 0.2331 0.2178 

MOTIF filter55 
letter-probability matrix: alength= 4 w= 11 nsites= 11 
0.0801 0.3101 0.2735 0.3362 
0.2143 0.1463 0.5923 0.0470 
0.3328 0.0000 0.4669 0.2003 
0.0436 0.7631 0.0000 0.1934 
0.1516 0.8188 0.0070 0.0226 
0.6202 0.0401 0.1080 0.2317 
0.9808 0.0000 0.0174 0.0017 
0.0087 0.0000 0.0000 0.9913 
0.1376 0.5331 0.3293 0.0000 
0.5679 0.0105 0.0854 0.3362 
0.0645 0.3223 0.3293 0.2840 

MOTIF filter56 
letter-probability matrix: alength= 4 w= 15 nsites= 15 
0.2382 0.2461 0.2277 0.2880 
0.2513 0.2173 0.2592 0.2723 
0.2068 0.2749 0.2539 0.2644 
0.0000 0.8927 0.1073 0.0000 
0.0419 0.9581 0.0000 0.0000 
0.0000 0.0000 1.0000 0.0000 
0.0000 0.0000 1.0000 0.0000 
1.0000 0.0000 0.0000 0.0000 
1.0000 0.0000 0.0000 0.0000 
0.0445 0.0419 0.9136 0.0000 
0.0183 0.3194 0.0314 0.6309 
0.1832 0.1021 0.6571 0.0576 
0.2382 0.2801 0.4555 0.0262 
0.2277 0.3560 0.2251 0.1911 
0.2277 0.2958 0.2382 0.2382 

MOTIF filter57 
letter-probability matrix: alength= 4 w= 14 nsites= 14 
0.2754 0.3152 0.1957 0.2138 
0.2609 0.2138 0.2319 0.2935 
0.1920 0.2826 0.3007 0.2246 
0.0036 0.8406 0.0652 0.0906 
0.0000 0.0761 0.0036 0.9203 
0.0072 0.1993 0.7355 0.0580 
1.0000 0.0000 0.0000 0.0000 
0.0000 0.0000 0.0000 1.0000 
0.0000 0.0000 0.0000 1.0000 
0.0000 0.0000 1.0000 0.0000 
0.0000 0.0000 1.0000 0.0000 
0.0362 0.4348 0.0145 0.5145 
0.0036 0.4275 0.0942 0.4746 
0.2355 0.4058 0.2536 0.1051 

MOTIF filter58 
letter-probability matrix: alength= 4 w= 15 nsites= 15 
0.2694 0.2524 0.2306 0.2476 
0.0413 0.0607 0.1942 0.7039 
0.0995 0.6772 0.0024 0.2209 
0.0364 0.0000 0.0121 0.9515 
0.9976 0.0000 0.0024 0.0000 
0.2306 0.0850 0.0291 0.6553 
0.5558 0.0049 0.2379 0.2015 
0.7306 0.1019 0.0607 0.1068 
0.8058 0.0000 0.0704 0.1238 
0.0000 0.1044 0.0364 0.8592 
0.9005 0.0340 0.0534 0.0121 
0.2330 0.0631 0.6942 0.0097 
0.2864 0.4005 0.1505 0.1626 
0.1505 0.3689 0.1262 0.3544 
0.1432 0.3010 0.2257 0.3301 

MOTIF filter59 
letter-probability matrix: alength= 4 w= 20 nsites= 20 
0.2230 0.2639 0.2546 0.2586 
0.2124 0.2902 0.2282 0.2691 
0.2850 0.2493 0.2164 0.2493 
0.1530 0.0739 0.0541 0.7190 
0.0290 0.0567 0.6438 0.2704 
0.4050 0.3786 0.0515 0.1649 
0.0013 0.9472 0.0040 0.0475 
0.0000 0.9749 0.0251 0.0000 
0.7507 0.0106 0.0053 0.2335 
0.0501 0.0000 0.0040 0.9459 
0.9908 0.0092 0.0000 0.0000 
0.0092 0.0000 0.0040 0.9868 
0.9802 0.0000 0.0000 0.0198 
0.1609 0.0000 0.0000 0.8391 
0.0277 0.0079 0.9644 0.0000 
0.0594 0.0053 0.9354 0.0000 
0.0963 0.0422 0.4222 0.4393 
0.2441 0.6544 0.1003 0.0013 
0.7467 0.0356 0.0633 0.1544 
0.1438 0.3074 0.2784 0.2704 

MOTIF filter60 
letter-probability matrix: alength= 4 w= 14 nsites= 14 
0.2943 0.2978 0.1806 0.2273 
0.1555 0.6041 0.1376 0.1029 
0.4474 0.0730 0.3696 0.1100 
0.4246 0.0478 0.0299 0.4976 
0.2883 0.2022 0.0359 0.4737 
0.0335 0.0156 0.0885 0.8624 
0.0778 0.2045 0.3170 0.4007 
0.6567 0.1507 0.1926 0.0000 
0.4880 0.0490 0.0000 0.4629 
0.1938 0.0263 0.1902 0.5897 
0.6794 0.1471 0.0837 0.0897 
0.7309 0.0825 0.0167 0.1699 
0.0371 0.2608 0.6711 0.0311 
0.1543 0.3612 0.3062 0.1782 

MOTIF filter61 
letter-probability matrix: alength= 4 w= 17 nsites= 17 
0.2186 0.1498 0.1954 0.4362 
0.3035 0.0816 0.2684 0.3466 
0.2390 0.0384 0.2973 0.4253 
0.0365 0.1404 0.1019 0.7212 
0.2029 0.4495 0.1949 0.1527 
0.6107 0.0000 0.3305 0.0588 
0.1764 0.0194 0.0612 0.7430 
0.2636 0.5187 0.0621 0.1555 
0.4571 0.1209 0.1119 0.3101 
0.5088 0.3874 0.1038 0.0000 
0.4457 0.1863 0.2788 0.0891 
0.0356 0.5211 0.3751 0.0683 
0.0085 0.2840 0.1323 0.5752 
0.5842 0.0507 0.1916 0.1735 
0.1247 0.1892 0.3736 0.3125 
0.3196 0.1394 0.4647 0.0763 
0.6790 0.0090 0.0797 0.2323 

MOTIF filter62 
letter-probability matrix: alength= 4 w= 16 nsites= 16 
0.3580 0.3047 0.1598 0.1775 
0.3876 0.2722 0.2249 0.1154 
0.1657 0.1538 0.3343 0.3462 
0.0917 0.7012 0.1361 0.0710 
0.1331 0.1036 0.2692 0.4941 
0.8609 0.0059 0.1124 0.0207 
0.4083 0.5237 0.0000 0.0680 
0.4438 0.5533 0.0000 0.0030 
1.0000 0.0000 0.0000 0.0000 
1.0000 0.0000 0.0000 0.0000 
0.0000 0.0030 0.0000 0.9970 
0.6183 0.3609 0.0118 0.0089 
0.6746 0.0000 0.3254 0.0000 
0.3018 0.1450 0.4467 0.1065 
0.3521 0.2071 0.2396 0.2012 
0.3609 0.1864 0.2485 0.2041 

MOTIF filter63 
letter-probability matrix: alength= 4 w= 16 nsites= 16 
0.3276 0.2660 0.2217 0.1847 
0.2709 0.2956 0.1946 0.2389 
0.0640 0.2118 0.4828 0.2414 
0.0000 0.7438 0.0345 0.2217 
0.0197 0.8547 0.0000 0.1256 
0.0000 1.0000 0.0000 0.0000 
0.0000 1.0000 0.0000 0.0000 
0.1256 0.0000 0.5640 0.3103 
0.0000 1.0000 0.0000 0.0000 
0.0000 1.0000 0.0000 0.0000 
0.0000 0.7882 0.0000 0.2118 
0.0468 0.8227 0.0000 0.1305 
0.0493 0.6527 0.0369 0.2611 
0.2217 0.2635 0.2537 0.2611 
0.2759 0.2611 0.2340 0.2291 
0.2143 0.3153 0.2635 0.2069 

