MEME version 4

ALPHABET= ACGT

Background letter frequencies:
A 0.2500 C 0.2500 G 0.2500 T 0.2500 

MOTIF filter0 
letter-probability matrix: alength= 4 w= 17 nsites= 17 
0.3377 0.3246 0.1436 0.1941 
0.0000 1.0000 0.0000 0.0000 
0.0000 0.7651 0.0033 0.2316 
0.9772 0.0000 0.0000 0.0228 
0.0620 0.0000 0.0000 0.9380 
0.9560 0.0000 0.0000 0.0440 
0.1615 0.0000 0.0000 0.8385 
0.9853 0.0000 0.0000 0.0147 
0.0832 0.0000 0.0000 0.9168 
0.2153 0.0000 0.7847 0.0000 
0.0016 0.0000 0.9984 0.0000 
0.2121 0.0685 0.2512 0.4682 
0.1827 0.6036 0.1729 0.0408 
0.7781 0.0457 0.0979 0.0783 
0.2887 0.2088 0.2855 0.2170 
0.2675 0.2414 0.2594 0.2316 
0.2855 0.2969 0.1517 0.2659 

MOTIF filter1 
letter-probability matrix: alength= 4 w= 15 nsites= 15 
0.2292 0.2521 0.2378 0.2808 
0.2378 0.2120 0.2779 0.2722 
0.2006 0.3037 0.2350 0.2607 
0.0057 0.8768 0.1175 0.0000 
0.0115 0.9885 0.0000 0.0000 
0.0000 0.0000 1.0000 0.0000 
0.0000 0.0000 1.0000 0.0000 
1.0000 0.0000 0.0000 0.0000 
1.0000 0.0000 0.0000 0.0000 
0.0201 0.0143 0.9656 0.0000 
0.0201 0.3238 0.0201 0.6361 
0.1862 0.1461 0.6218 0.0458 
0.2837 0.2206 0.4670 0.0287 
0.2321 0.3668 0.2034 0.1977 
0.2092 0.2779 0.2521 0.2607 

MOTIF filter2 
letter-probability matrix: alength= 4 w= 15 nsites= 15 
0.1787 0.2754 0.2222 0.3237 
0.1014 0.1498 0.4686 0.2802 
0.0193 0.5749 0.1836 0.2222 
0.0290 0.7150 0.1256 0.1304 
0.7923 0.0145 0.1836 0.0097 
0.0000 0.9758 0.0048 0.0193 
0.0000 0.0000 0.0000 1.0000 
0.0000 0.0000 0.0000 1.0000 
0.0000 1.0000 0.0000 0.0000 
0.0000 1.0000 0.0000 0.0000 
0.0000 0.0000 0.9952 0.0048 
0.0000 0.1304 0.8696 0.0000 
0.2609 0.1594 0.3527 0.2271 
0.2995 0.2029 0.2077 0.2899 
0.2271 0.2174 0.2367 0.3188 

MOTIF filter3 
letter-probability matrix: alength= 4 w= 18 nsites= 18 
0.2234 0.5223 0.0825 0.1718 
0.1993 0.2474 0.0962 0.4570 
0.3024 0.2371 0.2646 0.1959 
0.7354 0.0756 0.0412 0.1478 
0.2887 0.1203 0.4124 0.1787 
0.0722 0.0000 0.0000 0.9278 
0.1237 0.6942 0.0000 0.1821 
0.6392 0.0000 0.0000 0.3608 
0.0000 0.0000 0.9966 0.0034 
0.0000 0.9966 0.0000 0.0034 
0.5086 0.0000 0.0000 0.4914 
0.2199 0.0103 0.6289 0.1409 
0.8041 0.0103 0.0206 0.1649 
0.1924 0.1615 0.1134 0.5326 
0.1856 0.1237 0.0241 0.6667 
0.1581 0.4055 0.1821 0.2543 
0.3883 0.1271 0.1959 0.2887 
0.1924 0.1443 0.4536 0.2096 

MOTIF filter4 
letter-probability matrix: alength= 4 w= 20 nsites= 20 
0.2395 0.2420 0.2617 0.2568 
0.0519 0.1877 0.1037 0.6568 
0.1457 0.1877 0.2099 0.4568 
0.2963 0.4395 0.2247 0.0395 
0.3506 0.1951 0.2667 0.1877 
0.3753 0.4667 0.1160 0.0420 
0.3309 0.4346 0.1556 0.0790 
0.1951 0.3062 0.2494 0.2494 
0.7580 0.0568 0.1086 0.0765 
0.2000 0.1926 0.4963 0.1111 
0.2296 0.0000 0.0494 0.7210 
0.5160 0.0247 0.1407 0.3185 
0.2173 0.0864 0.3679 0.3284 
0.0420 0.3037 0.0074 0.6469 
0.2938 0.0000 0.0395 0.6667 
0.0049 0.0000 0.9778 0.0173 
0.3481 0.6049 0.0469 0.0000 
0.5481 0.1012 0.3086 0.0420 
0.0568 0.4840 0.1580 0.3012 
0.5235 0.0272 0.1728 0.2765 

MOTIF filter5 
letter-probability matrix: alength= 4 w= 18 nsites= 18 
0.2278 0.2918 0.2491 0.2313 
0.2242 0.3701 0.2135 0.1922 
0.3203 0.2384 0.1922 0.2491 
0.1423 0.6904 0.1210 0.0463 
1.0000 0.0000 0.0000 0.0000 
0.9893 0.0000 0.0107 0.0000 
0.4520 0.0427 0.4982 0.0071 
1.0000 0.0000 0.0000 0.0000 
0.0000 0.0000 0.0000 1.0000 
0.0000 0.0000 1.0000 0.0000 
0.0000 0.0000 1.0000 0.0000 
0.0356 0.8790 0.0000 0.0854 
0.0961 0.1922 0.3950 0.3167 
0.0961 0.0605 0.7829 0.0605 
0.1566 0.7509 0.0142 0.0783 
0.2420 0.2456 0.2171 0.2954 
0.1922 0.2278 0.3345 0.2456 
0.2456 0.2456 0.2100 0.2989 

MOTIF filter6 
letter-probability matrix: alength= 4 w= 16 nsites= 16 
0.3091 0.1636 0.3091 0.2182 
0.6000 0.0509 0.1236 0.2255 
0.1564 0.3564 0.4691 0.0182 
0.0000 0.0000 0.0000 1.0000 
0.0218 0.9782 0.0000 0.0000 
1.0000 0.0000 0.0000 0.0000 
0.0000 0.0000 0.9855 0.0145 
0.0000 1.0000 0.0000 0.0000 
0.9927 0.0000 0.0000 0.0073 
0.4982 0.2036 0.0436 0.2545 
0.4000 0.0509 0.0000 0.5491 
0.4327 0.0473 0.0000 0.5200 
0.3200 0.0618 0.0109 0.6073 
0.2909 0.2036 0.2655 0.2400 
0.2545 0.2873 0.2182 0.2400 
0.2109 0.3055 0.2109 0.2727 

MOTIF filter7 
letter-probability matrix: alength= 4 w= 20 nsites= 20 
0.2906 0.2355 0.2271 0.2468 
0.1213 0.0635 0.0183 0.7969 
0.0240 0.0381 0.7165 0.2214 
0.3992 0.4133 0.0733 0.1142 
0.0014 0.9986 0.0000 0.0000 
0.0000 1.0000 0.0000 0.0000 
0.8237 0.0014 0.0028 0.1721 
0.0113 0.0000 0.0000 0.9887 
0.9972 0.0028 0.0000 0.0000 
0.0000 0.0000 0.0014 0.9986 
0.9901 0.0000 0.0000 0.0099 
0.1142 0.0042 0.0000 0.8815 
0.0028 0.0042 0.9929 0.0000 
0.0042 0.0014 0.9929 0.0014 
0.0959 0.0677 0.3766 0.4598 
0.2186 0.6742 0.0818 0.0254 
0.7532 0.0296 0.0649 0.1523 
0.2271 0.2779 0.2567 0.2384 
0.1749 0.2694 0.2750 0.2807 
0.2482 0.2454 0.2609 0.2454 

MOTIF filter8 
letter-probability matrix: alength= 4 w= 12 nsites= 12 
0.2495 0.2617 0.2544 0.2344 
0.4111 0.2040 0.2514 0.1336 
0.2410 0.3139 0.3054 0.1396 
0.0067 0.9933 0.0000 0.0000 
0.9636 0.0000 0.0364 0.0000 
0.0000 0.8682 0.0006 0.1311 
0.1415 0.0000 0.8579 0.0006 
0.0146 0.0419 0.0000 0.9435 
0.0000 0.0000 0.9897 0.0103 
0.1676 0.2933 0.2963 0.2429 
0.1615 0.2611 0.1773 0.4001 
0.2459 0.2532 0.2526 0.2483 

MOTIF filter9 
letter-probability matrix: alength= 4 w= 15 nsites= 15 
0.2137 0.1774 0.2379 0.3710 
0.1573 0.3468 0.3065 0.1895 
0.2903 0.1169 0.2137 0.3790 
0.0524 0.8548 0.0927 0.0000 
0.0484 0.9516 0.0000 0.0000 
0.0000 0.0000 0.9516 0.0484 
0.0040 0.0000 0.9960 0.0000 
1.0000 0.0000 0.0000 0.0000 
0.9798 0.0040 0.0000 0.0161 
0.1371 0.0000 0.8347 0.0282 
0.1210 0.2661 0.0524 0.5605 
0.2379 0.0040 0.6976 0.0605 
0.3024 0.3145 0.3629 0.0202 
0.1290 0.4194 0.3790 0.0726 
0.1411 0.2016 0.3669 0.2903 

MOTIF filter10 
letter-probability matrix: alength= 4 w= 15 nsites= 15 
0.2764 0.2403 0.1972 0.2861 
0.2417 0.2694 0.2542 0.2347 
0.1514 0.2181 0.0931 0.5375 
0.0000 0.0000 0.0000 1.0000 
0.0000 0.0000 0.0000 1.0000 
0.0361 0.9639 0.0000 0.0000 
0.0000 0.8542 0.0000 0.1458 
0.2319 0.2347 0.2250 0.3083 
0.2292 0.0000 0.7667 0.0042 
0.0000 0.0000 0.9486 0.0514 
1.0000 0.0000 0.0000 0.0000 
1.0000 0.0000 0.0000 0.0000 
0.5347 0.1306 0.2111 0.1236 
0.2292 0.2792 0.2653 0.2264 
0.2722 0.2361 0.2444 0.2472 

MOTIF filter11 
letter-probability matrix: alength= 4 w= 10 nsites= 10 
0.2605 0.2568 0.2370 0.2457 
1.0000 0.0000 0.0000 0.0000 
0.0000 0.0000 0.0000 1.0000 
0.0000 0.4404 0.0000 0.5596 
1.0000 0.0000 0.0000 0.0000 
1.0000 0.0000 0.0000 0.0000 
1.0000 0.0000 0.0000 0.0000 
0.2643 0.2295 0.2258 0.2804 
0.2419 0.2469 0.2419 0.2692 
0.2333 0.2754 0.2593 0.2320 

MOTIF filter12 
letter-probability matrix: alength= 4 w= 18 nsites= 18 
0.2535 0.2606 0.2465 0.2394 
0.1303 0.1866 0.4437 0.2394 
0.1444 0.4120 0.1972 0.2465 
0.0704 0.9155 0.0070 0.0070 
1.0000 0.0000 0.0000 0.0000 
0.6831 0.0000 0.0211 0.2958 
0.2641 0.2359 0.4331 0.0669 
0.8345 0.0246 0.0035 0.1373 
0.0000 0.0000 0.0000 1.0000 
0.0000 0.0000 1.0000 0.0000 
0.0317 0.0141 0.9507 0.0035 
0.0739 0.7711 0.0528 0.1021 
0.1620 0.2254 0.4049 0.2077 
0.1021 0.0915 0.7289 0.0775 
0.1585 0.7254 0.0599 0.0563 
0.2535 0.1620 0.2218 0.3627 
0.1866 0.2430 0.2782 0.2923 
0.2359 0.1585 0.3486 0.2570 

MOTIF filter13 
letter-probability matrix: alength= 4 w= 18 nsites= 18 
0.2560 0.2799 0.2116 0.2526 
0.2799 0.2321 0.2594 0.2287 
0.2628 0.2457 0.2321 0.2594 
0.4949 0.0068 0.1263 0.3720 
0.6724 0.0000 0.0341 0.2935 
0.4232 0.0000 0.0239 0.5529 
0.2765 0.1160 0.1365 0.4710 
0.0000 0.0000 0.0000 1.0000 
0.0000 0.0000 1.0000 0.0000 
0.0307 0.9693 0.0000 0.0000 
0.0000 0.0000 0.0000 1.0000 
0.0000 0.0000 0.9727 0.0273 
1.0000 0.0000 0.0000 0.0000 
0.0273 0.4949 0.3140 0.1638 
0.2048 0.1058 0.0410 0.6485 
0.1809 0.3925 0.1160 0.3106 
0.5495 0.0512 0.1877 0.2116 
0.1399 0.0478 0.5700 0.2423 

MOTIF filter14 
letter-probability matrix: alength= 4 w= 9 nsites= 9 
0.2353 0.2763 0.2093 0.2791 
0.2381 0.2633 0.2381 0.2605 
0.2912 0.1953 0.2391 0.2744 
0.7126 0.0000 0.0000 0.2874 
0.0000 0.0000 0.0000 1.0000 
0.0000 0.0028 0.0000 0.9972 
0.9060 0.0000 0.0940 0.0000 
1.0000 0.0000 0.0000 0.0000 
0.2167 0.0000 0.0000 0.7833 

MOTIF filter15 
letter-probability matrix: alength= 4 w= 16 nsites= 16 
0.2585 0.2635 0.2396 0.2384 
0.2484 0.2898 0.2133 0.2484 
0.1167 0.0715 0.3588 0.4529 
0.0464 0.8745 0.0000 0.0790 
0.0000 0.0025 0.0000 0.9975 
0.9987 0.0013 0.0000 0.0000 
0.3250 0.0000 0.0000 0.6750 
0.5408 0.0013 0.0000 0.4580 
0.6575 0.0000 0.0000 0.3425 
0.7905 0.0000 0.0000 0.2095 
0.0000 0.0013 0.0000 0.9987 
0.9950 0.0025 0.0025 0.0000 
0.1179 0.0038 0.8695 0.0088 
0.4755 0.3563 0.0389 0.1292 
0.3024 0.2258 0.2321 0.2396 
0.2359 0.2836 0.2447 0.2359 

MOTIF filter16 
letter-probability matrix: alength= 4 w= 17 nsites= 17 
0.2542 0.2663 0.2330 0.2466 
0.2360 0.2995 0.2375 0.2269 
0.1195 0.0227 0.3707 0.4871 
0.0061 0.9289 0.0000 0.0651 
0.0000 0.0000 0.0000 1.0000 
1.0000 0.0000 0.0000 0.0000 
0.2360 0.0000 0.0000 0.7640 
0.4463 0.0000 0.0000 0.5537 
0.5371 0.0000 0.0000 0.4629 
0.6868 0.0015 0.0000 0.3116 
0.0000 0.0000 0.0000 1.0000 
1.0000 0.0000 0.0000 0.0000 
0.0257 0.0000 0.9622 0.0121 
0.5144 0.3752 0.0408 0.0696 
0.3313 0.2088 0.2602 0.1997 
0.2617 0.2390 0.2330 0.2663 
0.2209 0.2784 0.2693 0.2315 

MOTIF filter17 
letter-probability matrix: alength= 4 w= 15 nsites= 15 
0.2528 0.2585 0.1790 0.3097 
0.2926 0.1761 0.1506 0.3807 
0.0085 0.0909 0.0710 0.8295 
0.0000 0.0000 0.0000 1.0000 
0.0000 0.3352 0.0057 0.6591 
0.0398 0.9602 0.0000 0.0000 
0.0199 0.4972 0.0000 0.4830 
0.5199 0.0000 0.4631 0.0170 
0.0000 0.0000 1.0000 0.0000 
0.3693 0.0142 0.6108 0.0057 
1.0000 0.0000 0.0000 0.0000 
0.9943 0.0028 0.0028 0.0000 
0.4858 0.1023 0.2159 0.1960 
0.3352 0.2358 0.1619 0.2670 
0.1932 0.2500 0.3722 0.1847 

MOTIF filter18 
letter-probability matrix: alength= 4 w= 20 nsites= 20 
0.2500 0.2500 0.2500 0.2500 
0.2500 0.2500 0.2500 0.2500 
0.2500 0.2500 0.2500 0.2500 
0.2500 0.2500 0.2500 0.2500 
0.2500 0.2500 0.2500 0.2500 
0.2500 0.2500 0.2500 0.2500 
0.2500 0.2500 0.2500 0.2500 
0.2500 0.2500 0.2500 0.2500 
0.2500 0.2500 0.2500 0.2500 
0.2500 0.2500 0.2500 0.2500 
0.2500 0.2500 0.2500 0.2500 
0.2500 0.2500 0.2500 0.2500 
0.2500 0.2500 0.2500 0.2500 
0.2500 0.2500 0.2500 0.2500 
0.2500 0.2500 0.2500 0.2500 
0.2500 0.2500 0.2500 0.2500 
0.2500 0.2500 0.2500 0.2500 
0.2500 0.2500 0.2500 0.2500 
0.2500 0.2500 0.2500 0.2500 
0.2500 0.2500 0.2500 0.2500 

MOTIF filter19 
letter-probability matrix: alength= 4 w= 16 nsites= 16 
0.2466 0.2671 0.2363 0.2500 
0.5034 0.0103 0.1336 0.3527 
0.6849 0.0240 0.0274 0.2637 
0.4829 0.0034 0.0411 0.4726 
0.2911 0.1781 0.1575 0.3733 
0.0034 0.0000 0.0034 0.9932 
0.0000 0.0000 1.0000 0.0000 
0.0205 0.9795 0.0000 0.0000 
0.0000 0.0000 0.0000 1.0000 
0.0000 0.0000 0.9932 0.0068 
1.0000 0.0000 0.0000 0.0000 
0.0240 0.5616 0.3425 0.0719 
0.1678 0.1301 0.0685 0.6336 
0.1370 0.3904 0.1233 0.3493 
0.4932 0.0308 0.2158 0.2603 
0.1507 0.0616 0.5205 0.2671 

MOTIF filter20 
letter-probability matrix: alength= 4 w= 15 nsites= 15 
0.2923 0.2385 0.2115 0.2577 
0.2808 0.1962 0.2885 0.2346 
0.2154 0.2231 0.3269 0.2346 
0.0038 0.9115 0.0846 0.0000 
0.0385 0.9615 0.0000 0.0000 
0.0000 0.0000 1.0000 0.0000 
0.0000 0.0000 1.0000 0.0000 
1.0000 0.0000 0.0000 0.0000 
1.0000 0.0000 0.0000 0.0000 
0.0192 0.0038 0.9769 0.0000 
0.0038 0.2654 0.0000 0.7308 
0.1423 0.0923 0.7385 0.0269 
0.2423 0.2654 0.4808 0.0115 
0.2269 0.3769 0.2077 0.1885 
0.1885 0.3423 0.2385 0.2308 

MOTIF filter21 
letter-probability matrix: alength= 4 w= 16 nsites= 16 
0.2838 0.3102 0.2013 0.2046 
0.2805 0.2772 0.1980 0.2442 
0.2376 0.2178 0.2541 0.2904 
0.0000 0.8581 0.0726 0.0693 
0.0000 0.1221 0.0033 0.8746 
0.0000 0.2376 0.7327 0.0297 
1.0000 0.0000 0.0000 0.0000 
0.0000 0.0000 0.0000 1.0000 
0.0000 0.0000 0.0000 1.0000 
0.0000 0.0000 1.0000 0.0000 
0.0000 0.0000 1.0000 0.0000 
0.0429 0.3993 0.0000 0.5578 
0.0000 0.4323 0.1254 0.4422 
0.1716 0.4422 0.3201 0.0660 
0.4917 0.1419 0.2970 0.0693 
0.1452 0.1584 0.2574 0.4389 

MOTIF filter22 
letter-probability matrix: alength= 4 w= 20 nsites= 20 
0.2388 0.2388 0.2582 0.2642 
0.2104 0.2910 0.2896 0.2090 
0.2836 0.2507 0.2328 0.2328 
0.1299 0.0582 0.0119 0.8000 
0.0179 0.0612 0.7224 0.1985 
0.4269 0.4299 0.0507 0.0925 
0.0000 0.9985 0.0000 0.0015 
0.0000 0.9970 0.0000 0.0030 
0.8328 0.0000 0.0075 0.1597 
0.0119 0.0000 0.0000 0.9881 
0.9985 0.0015 0.0000 0.0000 
0.0000 0.0015 0.0015 0.9970 
0.9940 0.0000 0.0000 0.0060 
0.1343 0.0015 0.0000 0.8642 
0.0000 0.0075 0.9925 0.0000 
0.0000 0.0000 0.9985 0.0015 
0.0866 0.0791 0.4388 0.3955 
0.2343 0.6552 0.0776 0.0328 
0.7672 0.0149 0.0478 0.1701 
0.2701 0.2299 0.2209 0.2791 

MOTIF filter23 
letter-probability matrix: alength= 4 w= 18 nsites= 18 
0.4936 0.0261 0.1475 0.3328 
0.1435 0.1110 0.3739 0.3716 
0.1876 0.2378 0.1816 0.3930 
0.1264 0.0943 0.0632 0.7161 
0.0696 0.2756 0.0331 0.6217 
0.3110 0.0120 0.6635 0.0134 
0.1960 0.1669 0.3806 0.2565 
0.1157 0.6224 0.0114 0.2505 
0.2475 0.2528 0.3672 0.1324 
0.2214 0.0709 0.1047 0.6030 
0.3385 0.3853 0.2746 0.0017 
0.2786 0.1438 0.1328 0.4448 
0.2254 0.1017 0.5221 0.1508 
0.3625 0.2515 0.3171 0.0689 
0.1987 0.4873 0.2585 0.0555 
0.2164 0.1264 0.0304 0.6268 
0.6415 0.0301 0.1880 0.1405 
0.3020 0.0368 0.3552 0.3060 

MOTIF filter24 
letter-probability matrix: alength= 4 w= 17 nsites= 17 
0.2842 0.2265 0.2436 0.2457 
0.1389 0.3355 0.1795 0.3462 
0.1303 0.0470 0.6667 0.1560 
0.1197 0.6282 0.1197 0.1325 
0.3034 0.2799 0.3034 0.1132 
0.4038 0.0000 0.5940 0.0021 
0.3162 0.6838 0.0000 0.0000 
0.1175 0.6688 0.2137 0.0000 
1.0000 0.0000 0.0000 0.0000 
0.0000 0.0000 0.0000 1.0000 
0.0064 0.2329 0.6154 0.1453 
0.0000 0.0043 0.4679 0.5278 
0.0534 0.3483 0.0000 0.5983 
0.0299 0.1261 0.6538 0.1902 
0.1838 0.1774 0.5278 0.1111 
0.2372 0.3803 0.1325 0.2500 
0.3376 0.1774 0.2329 0.2521 

MOTIF filter25 
letter-probability matrix: alength= 4 w= 14 nsites= 14 
0.2403 0.3052 0.2030 0.2514 
0.2707 0.2555 0.2528 0.2210 
0.2472 0.1174 0.3936 0.2417 
0.4365 0.0898 0.4738 0.0000 
0.0000 0.0000 0.0000 1.0000 
0.0000 0.0000 1.0000 0.0000 
1.0000 0.0000 0.0000 0.0000 
0.0028 0.5110 0.4862 0.0000 
0.0000 0.0000 0.0000 1.0000 
0.0014 0.9986 0.0000 0.0000 
1.0000 0.0000 0.0000 0.0000 
0.0000 0.3149 0.2307 0.4544 
0.2265 0.3674 0.2044 0.2017 
0.2155 0.2169 0.3135 0.2541 

MOTIF filter26 
letter-probability matrix: alength= 4 w= 19 nsites= 19 
0.2046 0.3839 0.3710 0.0406 
0.3041 0.3294 0.3640 0.0025 
0.0228 0.2021 0.4542 0.3210 
0.0218 0.8598 0.0124 0.1060 
0.0877 0.6904 0.1605 0.0614 
0.3759 0.0193 0.6013 0.0035 
0.1174 0.0287 0.2615 0.5924 
0.2491 0.3180 0.1238 0.3091 
0.2155 0.0713 0.0267 0.6865 
0.3452 0.0872 0.0471 0.5206 
0.0570 0.4245 0.2625 0.2561 
0.2199 0.0619 0.2774 0.4408 
0.2140 0.2526 0.1857 0.3477 
0.4165 0.1139 0.3388 0.1308 
0.1080 0.4492 0.1684 0.2744 
0.1590 0.1704 0.2006 0.4700 
0.0297 0.6731 0.1426 0.1545 
0.3343 0.0867 0.2496 0.3294 
0.1317 0.5151 0.0901 0.2630 

MOTIF filter27 
letter-probability matrix: alength= 4 w= 11 nsites= 11 
0.2539 0.2595 0.2638 0.2228 
0.2482 0.2793 0.2468 0.2257 
0.0000 0.0000 0.0000 1.0000 
0.0000 0.0000 0.0000 1.0000 
0.0000 0.0000 0.0000 1.0000 
0.6135 0.0000 0.3865 0.0000 
1.0000 0.0000 0.0000 0.0000 
0.0000 0.0000 0.0000 1.0000 
0.2271 0.2652 0.2539 0.2539 
0.2454 0.2553 0.2694 0.2299 
0.2102 0.2341 0.2821 0.2736 

MOTIF filter28 
letter-probability matrix: alength= 4 w= 15 nsites= 15 
0.2945 0.2423 0.2589 0.2043 
0.2803 0.2969 0.2162 0.2067 
0.0713 0.1948 0.4941 0.2399 
0.0000 0.8029 0.0238 0.1734 
0.0024 0.8242 0.0000 0.1734 
0.0000 1.0000 0.0000 0.0000 
0.0000 1.0000 0.0000 0.0000 
0.1045 0.0000 0.5962 0.2993 
0.0000 1.0000 0.0000 0.0000 
0.0000 1.0000 0.0000 0.0000 
0.0000 0.8029 0.0000 0.1971 
0.0808 0.8052 0.0000 0.1140 
0.0428 0.6223 0.0570 0.2779 
0.2613 0.2447 0.2518 0.2423 
0.2922 0.2304 0.2304 0.2470 

MOTIF filter29 
letter-probability matrix: alength= 4 w= 17 nsites= 17 
0.2414 0.2257 0.1285 0.4044 
0.3605 0.2100 0.3103 0.1191 
0.2320 0.3824 0.2978 0.0878 
0.9060 0.0125 0.0815 0.0000 
0.8119 0.0940 0.0784 0.0157 
0.5329 0.0313 0.3793 0.0564 
0.7524 0.1850 0.0627 0.0000 
0.0345 0.0094 0.0031 0.9530 
0.0000 0.0000 1.0000 0.0000 
0.0188 0.3229 0.6552 0.0031 
0.0345 0.9467 0.0000 0.0188 
0.3636 0.1787 0.2163 0.2414 
0.1411 0.0439 0.4953 0.3197 
0.0878 0.7147 0.0596 0.1379 
0.0846 0.2320 0.2414 0.4420 
0.1317 0.1818 0.1505 0.5361 
0.3981 0.1850 0.2790 0.1379 

MOTIF filter30 
letter-probability matrix: alength= 4 w= 17 nsites= 17 
0.2544 0.2337 0.2604 0.2515 
0.2751 0.2367 0.2544 0.2337 
0.2249 0.2633 0.2515 0.2604 
0.0325 0.0089 0.3905 0.5680 
0.0000 0.8994 0.0000 0.1006 
0.0030 0.0000 0.0030 0.9941 
1.0000 0.0000 0.0000 0.0000 
0.0207 0.0000 0.0000 0.9793 
0.0118 0.0000 0.0000 0.9882 
0.0888 0.0000 0.0000 0.9112 
0.4053 0.0000 0.0000 0.5947 
0.0030 0.0000 0.0000 0.9970 
0.9941 0.0000 0.0059 0.0000 
0.0089 0.0000 0.9320 0.0592 
0.4320 0.3964 0.0414 0.1302 
0.2870 0.2515 0.3077 0.1538 
0.2544 0.2870 0.2101 0.2485 

MOTIF filter31 
letter-probability matrix: alength= 4 w= 18 nsites= 18 
0.2353 0.1814 0.2794 0.3039 
0.2647 0.2892 0.2304 0.2157 
0.3186 0.1863 0.2353 0.2598 
0.1373 0.7500 0.0784 0.0343 
1.0000 0.0000 0.0000 0.0000 
0.9853 0.0000 0.0147 0.0000 
0.5098 0.0196 0.4510 0.0196 
1.0000 0.0000 0.0000 0.0000 
0.0000 0.0000 0.0000 1.0000 
0.0000 0.0000 1.0000 0.0000 
0.0000 0.0000 1.0000 0.0000 
0.0294 0.8971 0.0000 0.0735 
0.0980 0.1667 0.5392 0.1961 
0.0539 0.0980 0.7941 0.0539 
0.0833 0.8137 0.0147 0.0882 
0.3431 0.2500 0.1912 0.2157 
0.2304 0.2157 0.3824 0.1716 
0.3186 0.2353 0.3137 0.1324 

MOTIF filter32 
letter-probability matrix: alength= 4 w= 16 nsites= 16 
0.2669 0.2154 0.2765 0.2412 
0.2058 0.2572 0.2315 0.3055 
0.2412 0.2540 0.2508 0.2540 
0.2315 0.0707 0.6302 0.0675 
0.1093 0.0000 0.8232 0.0675 
0.1736 0.0000 0.8264 0.0000 
0.0000 0.0000 1.0000 0.0000 
0.0000 0.0000 1.0000 0.0000 
0.3055 0.5949 0.0000 0.0997 
0.0000 0.0000 1.0000 0.0000 
0.0000 0.0000 1.0000 0.0000 
0.1093 0.0000 0.8875 0.0032 
0.1801 0.0129 0.8071 0.0000 
0.1608 0.5691 0.2026 0.0675 
0.2990 0.2186 0.2637 0.2186 
0.1994 0.3248 0.2122 0.2637 

MOTIF filter33 
letter-probability matrix: alength= 4 w= 17 nsites= 17 
0.0117 0.9261 0.0272 0.0350 
0.0039 0.9728 0.0156 0.0078 
0.8677 0.0156 0.0156 0.1012 
0.0000 0.0117 0.0117 0.9767 
0.9767 0.0039 0.0078 0.0117 
0.0039 0.0000 0.0272 0.9689 
0.9767 0.0000 0.0195 0.0039 
0.0895 0.0000 0.0428 0.8677 
0.0039 0.0039 0.9922 0.0000 
0.0039 0.0000 0.9961 0.0000 
0.0117 0.0233 0.6342 0.3307 
0.1673 0.7626 0.0584 0.0117 
0.6693 0.0117 0.1479 0.1712 
0.0739 0.2802 0.6109 0.0350 
0.2451 0.2101 0.3074 0.2374 
0.2101 0.1128 0.4630 0.2140 
0.2568 0.3035 0.2062 0.2335 

MOTIF filter34 
letter-probability matrix: alength= 4 w= 17 nsites= 17 
0.2446 0.2107 0.2615 0.2833 
0.2760 0.2954 0.1913 0.2373 
0.2034 0.2228 0.4140 0.1598 
0.0436 0.0436 0.2349 0.6780 
0.0387 0.9322 0.0000 0.0291 
0.0000 0.0024 0.0000 0.9976 
1.0000 0.0000 0.0000 0.0000 
0.2615 0.0000 0.0048 0.7337 
0.5327 0.0000 0.0000 0.4673 
0.6804 0.0000 0.0000 0.3196 
0.8015 0.0000 0.0000 0.1985 
0.0000 0.0000 0.0000 1.0000 
0.9976 0.0000 0.0024 0.0000 
0.0581 0.0000 0.9395 0.0024 
0.4286 0.4552 0.0363 0.0799 
0.2082 0.2712 0.2446 0.2760 
0.2760 0.2494 0.2397 0.2349 

MOTIF filter35 
letter-probability matrix: alength= 4 w= 15 nsites= 15 
0.2933 0.2903 0.1994 0.2170 
0.2522 0.2845 0.2287 0.2346 
0.2229 0.2551 0.2581 0.2639 
0.0029 0.8240 0.0792 0.0938 
0.0000 0.1642 0.0000 0.8358 
0.0059 0.1906 0.7830 0.0205 
1.0000 0.0000 0.0000 0.0000 
0.0000 0.0000 0.0000 1.0000 
0.0000 0.0000 0.0000 1.0000 
0.0000 0.0000 1.0000 0.0000 
0.0000 0.0000 1.0000 0.0000 
0.0264 0.4106 0.0059 0.5572 
0.0235 0.4223 0.1261 0.4282 
0.1994 0.4370 0.2845 0.0792 
0.4927 0.1525 0.3167 0.0381 

MOTIF filter36 
letter-probability matrix: alength= 4 w= 17 nsites= 17 
0.1232 0.1897 0.4766 0.2106 
0.0850 0.5887 0.1084 0.2180 
0.1589 0.2623 0.1663 0.4126 
0.0640 0.6761 0.1687 0.0911 
0.4089 0.5493 0.0345 0.0074 
0.6552 0.2057 0.0468 0.0924 
0.0837 0.2241 0.6515 0.0406 
0.5197 0.1589 0.0628 0.2586 
0.0099 0.0813 0.7069 0.2020 
0.3867 0.0000 0.2808 0.3325 
0.0197 0.2032 0.7217 0.0554 
0.0653 0.1773 0.7266 0.0308 
0.1268 0.2808 0.2796 0.3128 
0.4815 0.1022 0.4076 0.0086 
0.0382 0.2007 0.5727 0.1884 
0.1367 0.2488 0.1416 0.4729 
0.0271 0.2857 0.3830 0.3042 

MOTIF filter37 
letter-probability matrix: alength= 4 w= 19 nsites= 19 
0.1567 0.0822 0.0470 0.7141 
0.0104 0.0914 0.7115 0.1867 
0.4295 0.3903 0.0627 0.1175 
0.0000 0.9974 0.0026 0.0000 
0.0000 0.9935 0.0000 0.0065 
0.8473 0.0013 0.0013 0.1501 
0.0144 0.0000 0.0000 0.9856 
0.9961 0.0026 0.0013 0.0000 
0.0000 0.0013 0.0000 0.9987 
0.9974 0.0013 0.0000 0.0013 
0.1658 0.0026 0.0000 0.8316 
0.0000 0.0052 0.9948 0.0000 
0.0000 0.0000 0.9987 0.0013 
0.0927 0.0614 0.4112 0.4347 
0.2115 0.6802 0.0849 0.0235 
0.7402 0.0235 0.0561 0.1802 
0.2245 0.2807 0.2402 0.2546 
0.2167 0.2702 0.2598 0.2533 
0.2167 0.2441 0.2781 0.2611 

MOTIF filter38 
letter-probability matrix: alength= 4 w= 16 nsites= 16 
0.4083 0.2249 0.1657 0.2012 
0.0828 0.3757 0.1036 0.4379 
0.0473 0.3402 0.3905 0.2219 
0.4763 0.0828 0.4379 0.0030 
0.5888 0.0000 0.3728 0.0385 
0.0000 1.0000 0.0000 0.0000 
0.0000 1.0000 0.0000 0.0000 
1.0000 0.0000 0.0000 0.0000 
1.0000 0.0000 0.0000 0.0000 
0.0000 0.0000 0.0000 1.0000 
0.0207 0.7663 0.2130 0.0000 
0.8817 0.0000 0.1183 0.0000 
0.0799 0.0533 0.8609 0.0059 
0.2012 0.2929 0.2604 0.2456 
0.2781 0.2041 0.2840 0.2337 
0.2189 0.2899 0.2249 0.2663 

MOTIF filter39 
letter-probability matrix: alength= 4 w= 10 nsites= 10 
0.2209 0.2274 0.2526 0.2991 
0.2315 0.2124 0.3497 0.2065 
0.3609 0.2571 0.3103 0.0718 
0.0321 0.0244 0.0462 0.8974 
0.0188 0.0191 0.8682 0.0938 
0.8926 0.0321 0.0547 0.0206 
0.0612 0.4238 0.4626 0.0524 
0.0415 0.0338 0.0253 0.8994 
0.1209 0.8332 0.0285 0.0174 
0.9138 0.0288 0.0303 0.0271 

MOTIF filter40 
letter-probability matrix: alength= 4 w= 16 nsites= 16 
0.2816 0.5127 0.0918 0.1139 
0.3829 0.0981 0.1044 0.4146 
0.3576 0.1234 0.1899 0.3291 
0.7595 0.0063 0.0380 0.1962 
0.2310 0.1614 0.5095 0.0981 
0.0000 0.0000 0.0000 1.0000 
0.0000 0.8291 0.1709 0.0000 
0.8354 0.1646 0.0000 0.0000 
0.0000 0.0000 0.6899 0.3101 
0.0000 0.8228 0.1772 0.0000 
1.0000 0.0000 0.0000 0.0000 
0.2943 0.2089 0.1392 0.3576 
0.3861 0.0063 0.0000 0.6076 
0.4019 0.0506 0.0158 0.5316 
0.2753 0.1044 0.0095 0.6108 
0.2184 0.1614 0.3892 0.2310 

MOTIF filter41 
letter-probability matrix: alength= 4 w= 16 nsites= 16 
0.2523 0.2553 0.2249 0.2675 
0.2401 0.2523 0.2462 0.2614 
0.2219 0.2249 0.3070 0.2462 
0.2584 0.0274 0.6687 0.0456 
0.1337 0.0000 0.8146 0.0517 
0.1733 0.0000 0.8267 0.0000 
0.0000 0.0000 1.0000 0.0000 
0.0000 0.0000 1.0000 0.0000 
0.2918 0.5471 0.0000 0.1611 
0.0000 0.0000 1.0000 0.0000 
0.0000 0.0000 1.0000 0.0000 
0.1581 0.0000 0.8419 0.0000 
0.1884 0.0213 0.7903 0.0000 
0.1702 0.6079 0.1489 0.0729 
0.2644 0.1763 0.3161 0.2432 
0.2675 0.2857 0.2067 0.2401 

MOTIF filter42 
letter-probability matrix: alength= 4 w= 14 nsites= 14 
0.2546 0.2294 0.2639 0.2520 
0.1989 0.2082 0.3793 0.2135 
0.4748 0.2493 0.2706 0.0053 
0.0000 0.0000 0.0000 1.0000 
0.0000 0.0000 1.0000 0.0000 
1.0000 0.0000 0.0000 0.0000 
0.0000 0.4828 0.5172 0.0000 
0.0000 0.0000 0.0000 1.0000 
0.0000 1.0000 0.0000 0.0000 
1.0000 0.0000 0.0000 0.0000 
0.0000 0.4164 0.1379 0.4456 
0.2268 0.4178 0.0782 0.2772 
0.2679 0.2056 0.2838 0.2427 
0.2706 0.2308 0.2374 0.2613 

MOTIF filter43 
letter-probability matrix: alength= 4 w= 16 nsites= 16 
0.2780 0.2373 0.2305 0.2542 
0.1051 0.0102 0.7153 0.1695 
0.0780 0.7492 0.1254 0.0475 
0.2373 0.3729 0.2915 0.0983 
0.0237 0.0000 0.8203 0.1559 
0.0000 1.0000 0.0000 0.0000 
0.0000 1.0000 0.0000 0.0000 
1.0000 0.0000 0.0000 0.0000 
0.0000 0.0000 0.0000 1.0000 
0.0034 0.5017 0.0881 0.4068 
0.0000 0.0237 0.0000 0.9763 
0.0000 0.0237 0.0000 0.9763 
0.0780 0.1288 0.7051 0.0881 
0.2780 0.2407 0.2542 0.2271 
0.2441 0.2712 0.2373 0.2475 
0.2441 0.2746 0.2237 0.2576 

MOTIF filter44 
letter-probability matrix: alength= 4 w= 12 nsites= 12 
0.2756 0.2159 0.2358 0.2727 
0.2756 0.2273 0.2074 0.2898 
0.1903 0.1591 0.0625 0.5881 
0.0000 0.0000 0.0000 1.0000 
0.0000 0.0000 0.0000 1.0000 
0.0000 1.0000 0.0000 0.0000 
0.0000 1.0000 0.0000 0.0000 
0.0341 0.4403 0.0000 0.5256 
0.4062 0.0000 0.5795 0.0142 
0.0000 0.0000 0.9261 0.0739 
0.9972 0.0028 0.0000 0.0000 
1.0000 0.0000 0.0000 0.0000 

MOTIF filter45 
letter-probability matrix: alength= 4 w= 15 nsites= 15 
0.2350 0.2689 0.2376 0.2585 
0.2585 0.2298 0.2507 0.2611 
0.0940 0.2245 0.1880 0.4935 
0.0000 0.0000 0.0000 1.0000 
0.0000 0.0000 0.0052 0.9948 
0.0339 0.9661 0.0000 0.0000 
0.0235 0.6110 0.0000 0.3655 
0.3760 0.0104 0.4386 0.1749 
0.0026 0.0000 0.9974 0.0000 
0.0000 0.0000 1.0000 0.0000 
1.0000 0.0000 0.0000 0.0000 
1.0000 0.0000 0.0000 0.0000 
0.6789 0.0287 0.0992 0.1932 
0.2219 0.3029 0.2402 0.2350 
0.3003 0.1802 0.2820 0.2376 

MOTIF filter46 
letter-probability matrix: alength= 4 w= 15 nsites= 15 
0.2527 0.0361 0.4282 0.2831 
0.4140 0.2081 0.1401 0.2378 
0.4084 0.2626 0.1359 0.1932 
0.5138 0.0538 0.4168 0.0156 
0.2880 0.1663 0.3751 0.1706 
0.1423 0.6242 0.0170 0.2166 
0.1458 0.6921 0.0977 0.0644 
0.6362 0.0099 0.3206 0.0333 
0.3560 0.1019 0.3192 0.2229 
0.1493 0.1408 0.4395 0.2703 
0.5994 0.0184 0.2435 0.1387 
0.9441 0.0531 0.0007 0.0021 
0.2243 0.1564 0.0000 0.6192 
0.4643 0.1338 0.1472 0.2548 
0.0028 0.2569 0.3921 0.3482 

MOTIF filter47 
letter-probability matrix: alength= 4 w= 14 nsites= 14 
0.1012 0.0665 0.5058 0.3266 
0.0000 0.9653 0.0000 0.0347 
0.0000 0.4884 0.0000 0.5116 
1.0000 0.0000 0.0000 0.0000 
0.0000 0.0000 0.0000 1.0000 
0.0000 0.1214 0.0116 0.8671 
0.0000 0.0173 0.0000 0.9827 
0.0434 0.0000 0.0000 0.9566 
0.0491 0.0260 0.3439 0.5809 
0.7283 0.0665 0.0809 0.1243 
0.0925 0.0578 0.7023 0.1474 
0.2890 0.3237 0.1792 0.2081 
0.2023 0.2486 0.2861 0.2630 
0.2543 0.2746 0.2341 0.2370 

MOTIF filter48 
letter-probability matrix: alength= 4 w= 16 nsites= 16 
0.1465 0.2677 0.2677 0.3182 
0.2929 0.2222 0.3030 0.1818 
0.2727 0.3434 0.2374 0.1465 
0.0000 0.7879 0.1869 0.0253 
0.0051 0.9949 0.0000 0.0000 
0.0152 0.0000 0.9848 0.0000 
0.0000 0.0000 1.0000 0.0000 
0.9293 0.0000 0.0707 0.0000 
0.8283 0.0000 0.1717 0.0000 
0.0202 0.0253 0.9545 0.0000 
0.0101 0.2879 0.0253 0.6768 
0.0505 0.0000 0.9192 0.0303 
0.2121 0.0960 0.6717 0.0202 
0.2172 0.2727 0.3990 0.1111 
0.2778 0.2929 0.2677 0.1616 
0.3131 0.4091 0.1313 0.1465 

MOTIF filter49 
letter-probability matrix: alength= 4 w= 17 nsites= 17 
0.1719 0.2851 0.2805 0.2624 
0.2127 0.2172 0.2217 0.3484 
0.1946 0.5747 0.0950 0.1357 
0.9774 0.0000 0.0136 0.0090 
0.9729 0.0000 0.0271 0.0000 
0.3394 0.1991 0.4434 0.0181 
0.9819 0.0090 0.0090 0.0000 
0.0000 0.0136 0.0090 0.9774 
0.0000 0.0271 0.9457 0.0271 
0.0000 0.0000 1.0000 0.0000 
0.1765 0.8145 0.0045 0.0045 
0.1855 0.2127 0.3665 0.2353 
0.0045 0.0407 0.9050 0.0498 
0.1131 0.8100 0.0000 0.0769 
0.2217 0.2353 0.1765 0.3665 
0.3620 0.2489 0.2172 0.1719 
0.2081 0.1810 0.3258 0.2851 

MOTIF filter50 
letter-probability matrix: alength= 4 w= 16 nsites= 16 
0.2731 0.2509 0.2214 0.2546 
0.1255 0.0111 0.7159 0.1476 
0.0590 0.7565 0.0923 0.0923 
0.3063 0.3911 0.2030 0.0996 
0.0554 0.0000 0.8745 0.0701 
0.0000 1.0000 0.0000 0.0000 
0.0000 1.0000 0.0000 0.0000 
1.0000 0.0000 0.0000 0.0000 
0.0000 0.0000 0.0000 1.0000 
0.0111 0.5055 0.1771 0.3063 
0.0000 0.0000 0.0000 1.0000 
0.0000 0.0000 0.0000 1.0000 
0.0775 0.0701 0.7196 0.1328 
0.2509 0.2325 0.2103 0.3063 
0.1993 0.2878 0.2362 0.2768 
0.2251 0.3173 0.2251 0.2325 

MOTIF filter51 
letter-probability matrix: alength= 4 w= 14 nsites= 14 
0.2801 0.2158 0.2344 0.2697 
0.2365 0.2573 0.2718 0.2344 
0.2344 0.2573 0.2427 0.2656 
0.5124 0.1245 0.3506 0.0124 
0.0000 0.0000 0.0000 1.0000 
0.0000 0.0000 0.0249 0.9751 
0.3278 0.0000 0.6349 0.0373 
0.0000 0.9730 0.0000 0.0270 
0.0581 0.0000 0.9419 0.0000 
0.0207 0.8527 0.0000 0.1266 
1.0000 0.0000 0.0000 0.0000 
1.0000 0.0000 0.0000 0.0000 
0.0000 0.4004 0.0353 0.5643 
0.2573 0.3112 0.2448 0.1867 

MOTIF filter52 
letter-probability matrix: alength= 4 w= 15 nsites= 15 
0.0979 0.1495 0.4330 0.3196 
0.4845 0.2216 0.0309 0.2629 
0.3247 0.0309 0.5258 0.1186 
0.4948 0.0722 0.4278 0.0052 
0.0206 0.0000 0.1082 0.8711 
0.0052 0.0361 0.9433 0.0155 
0.9072 0.0361 0.0567 0.0000 
0.0412 0.6340 0.2835 0.0412 
0.0000 0.0206 0.0000 0.9794 
0.0309 0.8144 0.1186 0.0361 
0.9794 0.0000 0.0206 0.0000 
0.0000 0.3299 0.1701 0.5000 
0.3299 0.3144 0.2990 0.0567 
0.2010 0.1443 0.2423 0.4124 
0.2835 0.3969 0.0670 0.2526 

MOTIF filter53 
letter-probability matrix: alength= 4 w= 16 nsites= 16 
0.4807 0.1965 0.1404 0.1825 
0.0702 0.3684 0.1123 0.4491 
0.0702 0.2982 0.3789 0.2526 
0.3860 0.1509 0.4632 0.0000 
0.5825 0.0035 0.3825 0.0316 
0.0000 1.0000 0.0000 0.0000 
0.0000 1.0000 0.0000 0.0000 
1.0000 0.0000 0.0000 0.0000 
1.0000 0.0000 0.0000 0.0000 
0.0000 0.0000 0.0000 1.0000 
0.0211 0.8667 0.1123 0.0000 
0.8561 0.0035 0.1404 0.0000 
0.0421 0.0737 0.8807 0.0035 
0.2456 0.2316 0.2316 0.2912 
0.2526 0.1789 0.2737 0.2947 
0.2596 0.2842 0.2070 0.2491 

MOTIF filter54 
letter-probability matrix: alength= 4 w= 13 nsites= 13 
0.2147 0.2618 0.2824 0.2412 
0.1529 0.1647 0.3882 0.2941 
0.0029 0.4294 0.2794 0.2882 
0.0853 0.6647 0.0912 0.1588 
0.6382 0.0088 0.2941 0.0588 
0.0000 0.9029 0.0206 0.0765 
0.0000 0.0000 0.0000 1.0000 
0.0000 0.0000 0.0000 1.0000 
0.0000 1.0000 0.0000 0.0000 
0.0029 0.9971 0.0000 0.0000 
0.0029 0.0000 0.9882 0.0088 
0.0000 0.1588 0.8294 0.0118 
0.3029 0.1735 0.2206 0.3029 

MOTIF filter55 
letter-probability matrix: alength= 4 w= 14 nsites= 14 
0.2199 0.2757 0.2711 0.2332 
0.2724 0.2545 0.2478 0.2252 
0.4352 0.1635 0.3648 0.0365 
0.0013 0.0020 0.0033 0.9934 
0.0000 0.0033 0.0944 0.9023 
0.3223 0.0027 0.5748 0.1003 
0.0478 0.8233 0.0252 0.1037 
0.1395 0.0179 0.8053 0.0372 
0.1183 0.6226 0.0013 0.2578 
0.8950 0.0970 0.0000 0.0080 
0.9834 0.0040 0.0126 0.0000 
0.0432 0.3415 0.1555 0.4598 
0.2439 0.2731 0.2558 0.2272 
0.2625 0.2186 0.2538 0.2651 

MOTIF filter56 
letter-probability matrix: alength= 4 w= 16 nsites= 16 
0.2753 0.4719 0.0899 0.1629 
0.2697 0.2247 0.1629 0.3427 
0.1854 0.2640 0.1348 0.4157 
0.8258 0.0000 0.1685 0.0056 
0.0000 0.0112 0.0000 0.9888 
0.1067 0.0000 0.0000 0.8933 
0.0449 0.0000 0.7865 0.1685 
0.0000 0.8202 0.1011 0.0787 
0.0169 0.0000 0.9831 0.0000 
0.1180 0.2303 0.0056 0.6461 
0.9326 0.0618 0.0000 0.0056 
1.0000 0.0000 0.0000 0.0000 
0.0393 0.0506 0.1798 0.7303 
0.3371 0.2191 0.2809 0.1629 
0.2303 0.1573 0.2697 0.3427 
0.1517 0.2921 0.2528 0.3034 

MOTIF filter57 
letter-probability matrix: alength= 4 w= 15 nsites= 15 
0.2640 0.2609 0.2220 0.2531 
0.2655 0.2733 0.2469 0.2143 
0.1180 0.2220 0.1755 0.4845 
0.0140 0.0047 0.0155 0.9658 
0.0047 0.0047 0.0248 0.9658 
0.0776 0.9053 0.0078 0.0093 
0.0016 0.8137 0.0248 0.1599 
0.2780 0.3043 0.2655 0.1522 
0.0792 0.0031 0.9177 0.0000 
0.0000 0.0016 0.9938 0.0047 
0.9969 0.0000 0.0031 0.0000 
0.9984 0.0000 0.0016 0.0000 
0.5575 0.0901 0.2748 0.0776 
0.1413 0.2422 0.2624 0.3540 
0.2034 0.2764 0.3168 0.2034 

MOTIF filter58 
letter-probability matrix: alength= 4 w= 13 nsites= 13 
0.0797 0.4348 0.2138 0.2717 
0.1014 0.6449 0.1594 0.0942 
0.7283 0.0000 0.2572 0.0145 
0.0000 0.9928 0.0036 0.0036 
0.0000 0.0000 0.0000 1.0000 
0.0000 0.0000 0.0000 1.0000 
0.0000 1.0000 0.0000 0.0000 
0.0000 1.0000 0.0000 0.0000 
0.0000 0.0000 0.9928 0.0072 
0.0000 0.1232 0.8623 0.0145 
0.2391 0.2101 0.2174 0.3333 
0.2210 0.2174 0.2754 0.2862 
0.2681 0.2138 0.2464 0.2717 

MOTIF filter59 
letter-probability matrix: alength= 4 w= 16 nsites= 16 
0.2123 0.2741 0.2395 0.2741 
0.2636 0.2229 0.2711 0.2425 
0.2304 0.2590 0.2666 0.2440 
0.5467 0.0904 0.3630 0.0000 
0.0000 0.0000 0.0000 1.0000 
0.0000 0.0000 0.0060 0.9940 
0.2605 0.0000 0.6822 0.0572 
0.0000 0.9322 0.0000 0.0678 
0.0602 0.0000 0.9383 0.0015 
0.0482 0.6852 0.0000 0.2666 
0.9744 0.0256 0.0000 0.0000 
1.0000 0.0000 0.0000 0.0000 
0.0000 0.3584 0.1401 0.5015 
0.2952 0.2244 0.2816 0.1988 
0.2199 0.2244 0.2575 0.2982 
0.2651 0.2410 0.2741 0.2199 

MOTIF filter60 
letter-probability matrix: alength= 4 w= 12 nsites= 12 
0.1540 0.3080 0.3957 0.1423 
0.4503 0.1092 0.3801 0.0604 
0.4016 0.2982 0.2651 0.0351 
0.0000 0.8558 0.0000 0.1442 
0.0000 0.8129 0.1871 0.0000 
1.0000 0.0000 0.0000 0.0000 
0.6589 0.0000 0.0000 0.3411 
0.0000 0.0000 0.0000 1.0000 
0.0000 0.3782 0.6218 0.0000 
0.4191 0.0000 0.5809 0.0000 
0.0858 0.2144 0.5419 0.1579 
0.0975 0.3606 0.2281 0.3138 

MOTIF filter61 
letter-probability matrix: alength= 4 w= 18 nsites= 18 
0.0338 0.0985 0.6526 0.2152 
0.4332 0.3755 0.0675 0.1238 
0.0014 0.9972 0.0014 0.0000 
0.0000 0.9972 0.0000 0.0028 
0.8692 0.0000 0.0042 0.1266 
0.0127 0.0000 0.0000 0.9873 
0.9972 0.0000 0.0028 0.0000 
0.0000 0.0000 0.0000 1.0000 
0.9944 0.0000 0.0000 0.0056 
0.1547 0.0000 0.0014 0.8439 
0.0000 0.0000 0.9986 0.0014 
0.0000 0.0000 1.0000 0.0000 
0.1153 0.0549 0.4135 0.4163 
0.2264 0.7046 0.0577 0.0113 
0.7145 0.0352 0.0633 0.1871 
0.2321 0.3122 0.1885 0.2672 
0.2278 0.2799 0.2616 0.2307 
0.2616 0.2180 0.3024 0.2180 

MOTIF filter62 
letter-probability matrix: alength= 4 w= 16 nsites= 16 
0.1776 0.4975 0.2204 0.1045 
0.2947 0.0453 0.4849 0.1751 
0.2229 0.4345 0.2406 0.1020 
0.1146 0.0025 0.0882 0.7947 
0.0730 0.4685 0.4093 0.0491 
0.1537 0.4673 0.2544 0.1247 
0.1071 0.6776 0.0113 0.2040 
0.0076 0.6927 0.0000 0.2997 
0.5378 0.0630 0.0768 0.3224 
0.3904 0.0000 0.1184 0.4912 
0.6423 0.0025 0.2317 0.1234 
0.0000 0.0013 0.3589 0.6398 
0.7280 0.0655 0.0365 0.1700 
0.0630 0.0945 0.1864 0.6562 
0.1851 0.0642 0.6637 0.0869 
0.0126 0.1637 0.5668 0.2569 

MOTIF filter63 
letter-probability matrix: alength= 4 w= 14 nsites= 14 
0.2676 0.2218 0.1725 0.3380 
0.3169 0.1972 0.2430 0.2430 
0.2113 0.3134 0.1901 0.2852 
0.2817 0.6197 0.0106 0.0880 
0.1937 0.1831 0.0599 0.5634 
0.2746 0.1127 0.3768 0.2359 
0.6303 0.0211 0.0880 0.2606 
0.1127 0.3134 0.5528 0.0211 
0.0000 0.0035 0.0000 0.9965 
0.0000 1.0000 0.0000 0.0000 
1.0000 0.0000 0.0000 0.0000 
0.0000 0.0000 0.9965 0.0035 
0.0000 1.0000 0.0000 0.0000 
1.0000 0.0000 0.0000 0.0000 

