MEME version 4

ALPHABET= ACGT

Background letter frequencies:
A 0.2500 C 0.2500 G 0.2500 T 0.2500 

MOTIF filter0 
letter-probability matrix: alength= 4 w= 19 nsites= 19 
0.2449 0.2687 0.2415 0.2449 
0.5034 0.0238 0.1293 0.3435 
0.6599 0.0102 0.0442 0.2857 
0.4320 0.0000 0.0510 0.5170 
0.2619 0.1599 0.1361 0.4422 
0.0136 0.0000 0.0000 0.9864 
0.0000 0.0000 1.0000 0.0000 
0.0272 0.9728 0.0000 0.0000 
0.0000 0.0000 0.0000 1.0000 
0.0000 0.0000 0.9728 0.0272 
1.0000 0.0000 0.0000 0.0000 
0.0102 0.5306 0.3163 0.1429 
0.1973 0.0884 0.0408 0.6735 
0.1837 0.3673 0.1156 0.3333 
0.5102 0.0340 0.2245 0.2313 
0.1259 0.0204 0.5850 0.2687 
0.2517 0.2925 0.2381 0.2177 
0.3469 0.1871 0.2483 0.2177 
0.2347 0.2517 0.2449 0.2687 

MOTIF filter1 
letter-probability matrix: alength= 4 w= 16 nsites= 16 
0.2773 0.2861 0.1947 0.2419 
0.2714 0.2891 0.2212 0.2183 
0.2065 0.2507 0.2596 0.2832 
0.0000 0.9027 0.0472 0.0501 
0.0000 0.2212 0.0029 0.7758 
0.0000 0.2419 0.7168 0.0413 
1.0000 0.0000 0.0000 0.0000 
0.0000 0.0000 0.0000 1.0000 
0.0000 0.0000 0.0000 1.0000 
0.0000 0.0000 1.0000 0.0000 
0.0000 0.0000 1.0000 0.0000 
0.0383 0.3835 0.0059 0.5723 
0.0088 0.4454 0.1180 0.4277 
0.1858 0.4336 0.3097 0.0708 
0.4454 0.1563 0.3510 0.0472 
0.1740 0.1268 0.2655 0.4336 

MOTIF filter2 
letter-probability matrix: alength= 4 w= 16 nsites= 16 
0.1761 0.3422 0.2857 0.1960 
0.2591 0.3156 0.2392 0.1860 
0.1395 0.0997 0.3455 0.4153 
0.0731 0.8505 0.0233 0.0532 
0.0399 0.0365 0.0365 0.8870 
0.9468 0.0498 0.0033 0.0000 
0.7641 0.0000 0.0000 0.2359 
0.9934 0.0000 0.0000 0.0066 
0.9468 0.0033 0.0498 0.0000 
1.0000 0.0000 0.0000 0.0000 
0.0000 0.0000 0.0000 1.0000 
0.8339 0.0000 0.1628 0.0033 
0.0997 0.0000 0.9003 0.0000 
0.4452 0.4452 0.0066 0.1030 
0.2492 0.2392 0.2458 0.2658 
0.1827 0.2990 0.3555 0.1628 

MOTIF filter3 
letter-probability matrix: alength= 4 w= 11 nsites= 11 
0.5660 0.0880 0.2493 0.0968 
0.0000 0.9912 0.0000 0.0088 
0.0000 0.0000 0.0000 1.0000 
0.0000 0.0000 0.0000 1.0000 
0.0000 1.0000 0.0000 0.0000 
0.0000 1.0000 0.0000 0.0000 
0.0000 0.0000 0.9853 0.0147 
0.0000 0.1026 0.8739 0.0235 
0.2669 0.2229 0.2229 0.2874 
0.2111 0.2815 0.2493 0.2581 
0.2845 0.2082 0.2346 0.2727 

MOTIF filter4 
letter-probability matrix: alength= 4 w= 15 nsites= 15 
0.4733 0.2181 0.1235 0.1852 
0.0782 0.3416 0.0823 0.4979 
0.0494 0.3333 0.3621 0.2551 
0.3992 0.0823 0.5185 0.0000 
0.6337 0.0041 0.3292 0.0329 
0.0000 1.0000 0.0000 0.0000 
0.0000 1.0000 0.0000 0.0000 
1.0000 0.0000 0.0000 0.0000 
1.0000 0.0000 0.0000 0.0000 
0.0000 0.0000 0.0000 1.0000 
0.0041 0.8354 0.1605 0.0000 
0.8313 0.0000 0.1687 0.0000 
0.0123 0.0412 0.9465 0.0000 
0.2016 0.2963 0.2305 0.2716 
0.2716 0.1893 0.2798 0.2593 

MOTIF filter5 
letter-probability matrix: alength= 4 w= 14 nsites= 14 
0.2717 0.2480 0.2008 0.2795 
0.2126 0.2362 0.3386 0.2126 
0.2402 0.2323 0.2795 0.2480 
0.0118 0.9055 0.0827 0.0000 
0.0157 0.9843 0.0000 0.0000 
0.0000 0.0000 1.0000 0.0000 
0.0000 0.0000 1.0000 0.0000 
1.0000 0.0000 0.0000 0.0000 
1.0000 0.0000 0.0000 0.0000 
0.0276 0.0000 0.9724 0.0000 
0.0276 0.3228 0.0039 0.6457 
0.1693 0.0472 0.7598 0.0236 
0.2402 0.2165 0.5197 0.0236 
0.2008 0.4291 0.2598 0.1102 

MOTIF filter6 
letter-probability matrix: alength= 4 w= 16 nsites= 16 
0.3081 0.2459 0.2459 0.2000 
0.2676 0.3216 0.2135 0.1973 
0.0432 0.1703 0.5595 0.2270 
0.0000 0.8243 0.0162 0.1595 
0.0000 0.8162 0.0000 0.1838 
0.0000 1.0000 0.0000 0.0000 
0.0000 1.0000 0.0000 0.0000 
0.1054 0.0000 0.5865 0.3081 
0.0000 1.0000 0.0000 0.0000 
0.0000 1.0000 0.0000 0.0000 
0.0000 0.7946 0.0000 0.2054 
0.0730 0.8243 0.0000 0.1027 
0.0432 0.6541 0.0459 0.2568 
0.2622 0.2405 0.2459 0.2514 
0.3000 0.2297 0.2243 0.2459 
0.2432 0.2757 0.2595 0.2216 

MOTIF filter7 
letter-probability matrix: alength= 4 w= 14 nsites= 14 
0.1293 0.4340 0.1253 0.3113 
0.0711 0.5711 0.2372 0.1207 
0.3609 0.0123 0.1840 0.4427 
0.5256 0.3906 0.0823 0.0015 
0.2756 0.0118 0.1953 0.5174 
0.0031 0.1498 0.0404 0.8067 
0.2776 0.0235 0.2628 0.4361 
0.0956 0.1697 0.4422 0.2924 
0.0020 0.0020 0.1815 0.8144 
0.6994 0.0118 0.1953 0.0936 
0.0353 0.1242 0.7505 0.0900 
0.2975 0.4632 0.0624 0.1769 
0.0879 0.3287 0.2894 0.2940 
0.0838 0.4448 0.0798 0.3916 

MOTIF filter8 
letter-probability matrix: alength= 4 w= 14 nsites= 14 
0.1628 0.3115 0.3080 0.2177 
0.2159 0.2938 0.2903 0.2000 
0.3186 0.2655 0.2850 0.1310 
0.1274 0.6832 0.1540 0.0354 
0.0000 0.4018 0.0035 0.5947 
0.0018 0.3009 0.6903 0.0071 
1.0000 0.0000 0.0000 0.0000 
0.2035 0.0177 0.0177 0.7611 
0.0000 0.0000 0.0000 1.0000 
0.0018 0.1416 0.8531 0.0035 
0.1770 0.0000 0.8230 0.0000 
0.0319 0.4283 0.2018 0.3381 
0.0584 0.4496 0.0690 0.4230 
0.1912 0.4637 0.2708 0.0743 

MOTIF filter9 
letter-probability matrix: alength= 4 w= 20 nsites= 20 
0.2429 0.2714 0.2469 0.2388 
0.0380 0.5427 0.0461 0.3731 
0.3216 0.3161 0.2551 0.1072 
0.1330 0.1085 0.3650 0.3935 
0.2103 0.3840 0.2185 0.1872 
0.3379 0.2280 0.1682 0.2659 
0.0611 0.0814 0.2727 0.5848 
0.1900 0.6621 0.0353 0.1126 
0.2442 0.6228 0.0502 0.0828 
0.2090 0.2320 0.3392 0.2198 
0.2212 0.0326 0.3080 0.4383 
0.0882 0.1452 0.7191 0.0475 
0.2144 0.1574 0.4695 0.1588 
0.0109 0.8589 0.1235 0.0068 
0.4613 0.2917 0.1316 0.1153 
0.0719 0.0136 0.4668 0.4478 
0.0122 0.1818 0.7083 0.0977 
0.6852 0.1791 0.1343 0.0014 
0.8128 0.0502 0.0109 0.1262 
0.2035 0.0095 0.4030 0.3840 

MOTIF filter10 
letter-probability matrix: alength= 4 w= 18 nsites= 18 
0.2692 0.2802 0.2198 0.2308 
0.2363 0.1978 0.3571 0.2088 
0.2582 0.2802 0.1813 0.2802 
0.5879 0.0055 0.0275 0.3791 
0.6648 0.0165 0.0385 0.2802 
0.4890 0.0055 0.0000 0.5055 
0.3736 0.1429 0.1648 0.3187 
0.0000 0.0000 0.0000 1.0000 
0.0000 0.0000 1.0000 0.0000 
0.0330 0.9670 0.0000 0.0000 
0.0000 0.0000 0.0110 0.9890 
0.0000 0.0000 1.0000 0.0000 
1.0000 0.0000 0.0000 0.0000 
0.0165 0.5714 0.2967 0.1154 
0.1813 0.0549 0.0165 0.7473 
0.1319 0.4725 0.1099 0.2857 
0.5275 0.0275 0.1374 0.3077 
0.1868 0.0604 0.6099 0.1429 

MOTIF filter11 
letter-probability matrix: alength= 4 w= 19 nsites= 19 
0.2119 0.2777 0.2526 0.2578 
0.2860 0.2756 0.2276 0.2109 
0.1983 0.1075 0.0783 0.6159 
0.0699 0.0846 0.6315 0.2140 
0.3100 0.2996 0.1054 0.2850 
0.0000 0.9979 0.0000 0.0021 
0.0000 0.7161 0.0000 0.2839 
0.9374 0.0000 0.0010 0.0616 
0.0407 0.0000 0.0000 0.9593 
0.8434 0.0000 0.0000 0.1566 
0.1242 0.0000 0.0000 0.8758 
0.9374 0.0000 0.0000 0.0626 
0.0731 0.0000 0.0000 0.9269 
0.2787 0.0000 0.7213 0.0000 
0.0042 0.0000 0.9958 0.0000 
0.1795 0.1493 0.2985 0.3727 
0.2129 0.5491 0.1701 0.0678 
0.6639 0.0741 0.1023 0.1597 
0.2881 0.2432 0.2338 0.2349 

MOTIF filter12 
letter-probability matrix: alength= 4 w= 13 nsites= 13 
0.2420 0.2456 0.2598 0.2527 
0.2918 0.1922 0.2384 0.2776 
0.2100 0.2811 0.2740 0.2349 
0.0000 0.8648 0.1352 0.0000 
0.0178 0.9822 0.0000 0.0000 
0.0000 0.0000 1.0000 0.0000 
0.0000 0.0000 1.0000 0.0000 
1.0000 0.0000 0.0000 0.0000 
1.0000 0.0000 0.0000 0.0000 
0.0142 0.0142 0.9715 0.0000 
0.0000 0.2740 0.0142 0.7117 
0.1139 0.1068 0.7260 0.0534 
0.2883 0.2527 0.4555 0.0036 

MOTIF filter13 
letter-probability matrix: alength= 4 w= 17 nsites= 17 
0.2247 0.2996 0.2530 0.2227 
0.2308 0.2490 0.2854 0.2348 
0.2267 0.3239 0.2206 0.2287 
0.0506 0.0263 0.3806 0.5425 
0.0040 0.8988 0.0000 0.0972 
0.0000 0.0000 0.0000 1.0000 
1.0000 0.0000 0.0000 0.0000 
0.0486 0.0000 0.0000 0.9514 
0.2429 0.0000 0.0000 0.7571 
0.3482 0.0000 0.0000 0.6518 
0.5688 0.0000 0.0000 0.4312 
0.0000 0.0000 0.0000 1.0000 
0.9980 0.0000 0.0020 0.0000 
0.0162 0.0000 0.9494 0.0344 
0.4555 0.4049 0.0364 0.1032 
0.3036 0.2247 0.2935 0.1781 
0.2490 0.2692 0.2409 0.2409 

MOTIF filter14 
letter-probability matrix: alength= 4 w= 14 nsites= 14 
0.2537 0.2270 0.2646 0.2547 
0.2468 0.2606 0.2458 0.2468 
0.2665 0.1254 0.5015 0.1066 
0.2103 0.0039 0.6041 0.1816 
0.2705 0.0237 0.6940 0.0118 
0.0010 0.0138 0.9704 0.0148 
0.0020 0.0158 0.9714 0.0109 
0.3218 0.4768 0.0000 0.2014 
0.0089 0.0109 0.9664 0.0138 
0.0168 0.0059 0.9674 0.0099 
0.2912 0.0030 0.6693 0.0365 
0.2636 0.1273 0.6012 0.0079 
0.2231 0.4393 0.2122 0.1254 
0.2488 0.2241 0.2754 0.2517 

MOTIF filter15 
letter-probability matrix: alength= 4 w= 13 nsites= 13 
0.2336 0.2392 0.2570 0.2703 
0.2214 0.1769 0.4004 0.2013 
0.4472 0.2425 0.2937 0.0167 
0.0000 0.0000 0.0000 1.0000 
0.0000 0.0000 0.9889 0.0111 
1.0000 0.0000 0.0000 0.0000 
0.0011 0.4661 0.5328 0.0000 
0.0000 0.0000 0.0000 1.0000 
0.0000 1.0000 0.0000 0.0000 
1.0000 0.0000 0.0000 0.0000 
0.0222 0.3504 0.2392 0.3882 
0.2191 0.4116 0.1268 0.2425 
0.2836 0.1891 0.2636 0.2636 

MOTIF filter16 
letter-probability matrix: alength= 4 w= 12 nsites= 12 
0.2199 0.2776 0.2727 0.2297 
0.2408 0.2408 0.2801 0.2383 
0.2838 0.2801 0.2138 0.2224 
0.0921 0.0000 0.0000 0.9079 
0.0000 0.0000 0.0000 1.0000 
0.0000 0.0000 0.0000 1.0000 
0.5577 0.0000 0.4140 0.0283 
1.0000 0.0000 0.0000 0.0000 
0.0000 0.0000 0.0000 1.0000 
0.2236 0.2457 0.2457 0.2850 
0.2101 0.3157 0.2568 0.2174 
0.2150 0.2690 0.2604 0.2555 

MOTIF filter17 
letter-probability matrix: alength= 4 w= 15 nsites= 15 
0.2754 0.2287 0.2271 0.2689 
0.2641 0.2303 0.2367 0.2689 
0.1498 0.1771 0.1014 0.5717 
0.0000 0.0000 0.0000 1.0000 
0.0000 0.0000 0.0000 1.0000 
0.0064 0.9936 0.0000 0.0000 
0.0000 0.9227 0.0000 0.0773 
0.2335 0.2770 0.1433 0.3462 
0.2544 0.0000 0.7343 0.0113 
0.0000 0.0000 0.9597 0.0403 
0.9968 0.0032 0.0000 0.0000 
1.0000 0.0000 0.0000 0.0000 
0.5233 0.1288 0.2287 0.1192 
0.2448 0.2576 0.2448 0.2528 
0.2448 0.2512 0.2432 0.2609 

MOTIF filter18 
letter-probability matrix: alength= 4 w= 19 nsites= 19 
0.2199 0.2277 0.2587 0.2937 
0.2186 0.2820 0.2678 0.2316 
0.2768 0.2678 0.2018 0.2536 
0.1604 0.0595 0.0362 0.7439 
0.0336 0.0789 0.6714 0.2160 
0.3739 0.4295 0.0750 0.1216 
0.0000 1.0000 0.0000 0.0000 
0.0013 0.9858 0.0039 0.0091 
0.8344 0.0000 0.0142 0.1514 
0.0129 0.0000 0.0000 0.9871 
1.0000 0.0000 0.0000 0.0000 
0.0000 0.0039 0.0026 0.9935 
0.9858 0.0026 0.0000 0.0116 
0.1501 0.0013 0.0000 0.8486 
0.0013 0.0065 0.9922 0.0000 
0.0000 0.0078 0.9871 0.0052 
0.1177 0.0673 0.3842 0.4308 
0.2186 0.6740 0.0815 0.0259 
0.7749 0.0181 0.0466 0.1604 

MOTIF filter19 
letter-probability matrix: alength= 4 w= 15 nsites= 15 
0.2374 0.2529 0.2607 0.2490 
0.2685 0.2724 0.2568 0.2023 
0.1984 0.2840 0.2646 0.2529 
0.1051 0.0117 0.6965 0.1868 
0.0584 0.7938 0.1362 0.0117 
0.2724 0.3735 0.2646 0.0895 
0.0117 0.0000 0.8949 0.0934 
0.0000 1.0000 0.0000 0.0000 
0.0000 1.0000 0.0000 0.0000 
1.0000 0.0000 0.0000 0.0000 
0.0000 0.0000 0.0000 1.0000 
0.0078 0.4864 0.1128 0.3930 
0.0000 0.0272 0.0039 0.9689 
0.0000 0.0000 0.0000 1.0000 
0.0739 0.1012 0.7276 0.0973 

MOTIF filter20 
letter-probability matrix: alength= 4 w= 15 nsites= 15 
0.2798 0.2701 0.2847 0.1655 
0.2263 0.2725 0.2433 0.2579 
0.0535 0.3285 0.3698 0.2482 
0.5426 0.2311 0.2263 0.0000 
0.0000 0.0000 0.0000 1.0000 
0.0000 0.0000 0.9951 0.0049 
1.0000 0.0000 0.0000 0.0000 
0.0000 0.3674 0.6326 0.0000 
0.0000 0.0000 0.0000 1.0000 
0.0000 1.0000 0.0000 0.0000 
1.0000 0.0000 0.0000 0.0000 
0.0000 0.5572 0.0268 0.4161 
0.1703 0.4234 0.0219 0.3844 
0.2044 0.2190 0.2871 0.2895 
0.2652 0.2749 0.2506 0.2092 

MOTIF filter21 
letter-probability matrix: alength= 4 w= 16 nsites= 16 
0.1677 0.4039 0.2375 0.1909 
0.3390 0.1187 0.4394 0.1028 
0.1530 0.3721 0.2619 0.2130 
0.1812 0.0245 0.7332 0.0612 
0.1983 0.0110 0.6095 0.1812 
0.1554 0.0000 0.7736 0.0710 
0.0392 0.0563 0.8935 0.0110 
0.0110 0.0563 0.8996 0.0330 
0.2411 0.4039 0.2889 0.0661 
0.0991 0.0220 0.8323 0.0465 
0.0526 0.1089 0.8164 0.0220 
0.0465 0.0502 0.8666 0.0367 
0.2154 0.0318 0.7442 0.0086 
0.2362 0.2766 0.3476 0.1395 
0.1750 0.2069 0.3256 0.2925 
0.1836 0.3109 0.3023 0.2032 

MOTIF filter22 
letter-probability matrix: alength= 4 w= 18 nsites= 18 
0.2151 0.2755 0.2302 0.2792 
0.2604 0.2943 0.2830 0.1623 
0.2906 0.2415 0.2113 0.2566 
0.1509 0.7245 0.0943 0.0302 
1.0000 0.0000 0.0000 0.0000 
0.9811 0.0000 0.0189 0.0000 
0.4189 0.0604 0.5208 0.0000 
1.0000 0.0000 0.0000 0.0000 
0.0000 0.0000 0.0000 1.0000 
0.0000 0.0000 1.0000 0.0000 
0.0000 0.0000 1.0000 0.0000 
0.0528 0.8981 0.0000 0.0491 
0.0830 0.1774 0.4792 0.2604 
0.0528 0.0642 0.8000 0.0830 
0.1132 0.8226 0.0075 0.0566 
0.2226 0.2340 0.2377 0.3057 
0.2189 0.2377 0.3321 0.2113 
0.2453 0.2226 0.2906 0.2415 

MOTIF filter23 
letter-probability matrix: alength= 4 w= 12 nsites= 12 
0.5769 0.0385 0.2452 0.1394 
0.4712 0.1538 0.1827 0.1923 
0.3894 0.2740 0.1538 0.1827 
1.0000 0.0000 0.0000 0.0000 
0.0865 0.0000 0.0000 0.9135 
0.0769 0.0865 0.0000 0.8365 
0.9952 0.0000 0.0000 0.0048 
0.9760 0.0000 0.0240 0.0000 
0.9856 0.0000 0.0000 0.0144 
0.2740 0.1298 0.2115 0.3846 
0.4567 0.1394 0.1731 0.2308 
0.2740 0.3654 0.2356 0.1250 

MOTIF filter24 
letter-probability matrix: alength= 4 w= 14 nsites= 14 
0.4492 0.2062 0.1754 0.1692 
0.0615 0.3969 0.0923 0.4492 
0.0708 0.3015 0.3938 0.2338 
0.4215 0.0985 0.4800 0.0000 
0.5662 0.0123 0.3569 0.0646 
0.0000 1.0000 0.0000 0.0000 
0.0000 1.0000 0.0000 0.0000 
1.0000 0.0000 0.0000 0.0000 
1.0000 0.0000 0.0000 0.0000 
0.0000 0.0000 0.0000 1.0000 
0.0462 0.7723 0.1815 0.0000 
0.8277 0.0031 0.1662 0.0031 
0.0585 0.0277 0.9138 0.0000 
0.2523 0.2523 0.2554 0.2400 

MOTIF filter25 
letter-probability matrix: alength= 4 w= 16 nsites= 16 
0.2949 0.2535 0.1951 0.2565 
0.2719 0.2335 0.1889 0.3057 
0.4086 0.0307 0.1352 0.4255 
0.6436 0.1889 0.0768 0.0906 
0.5607 0.2427 0.0123 0.1843 
0.0476 0.1075 0.1382 0.7066 
0.0707 0.0292 0.3318 0.5684 
0.3748 0.0215 0.5899 0.0138 
0.0799 0.7650 0.1551 0.0000 
0.0015 0.0046 0.0000 0.9939 
0.0399 0.3548 0.6052 0.0000 
0.9263 0.0000 0.0661 0.0077 
0.0292 0.6006 0.2596 0.1106 
0.1091 0.4101 0.0937 0.3871 
0.4808 0.3548 0.1336 0.0307 
0.3318 0.1413 0.1736 0.3533 

MOTIF filter26 
letter-probability matrix: alength= 4 w= 16 nsites= 16 
0.2912 0.2862 0.2172 0.2054 
0.2593 0.2828 0.2609 0.1970 
0.0859 0.0471 0.3519 0.5152 
0.0219 0.9579 0.0000 0.0202 
0.0000 0.0000 0.0000 1.0000 
1.0000 0.0000 0.0000 0.0000 
0.2795 0.0000 0.0000 0.7205 
0.5168 0.0017 0.0000 0.4815 
0.6801 0.0000 0.0000 0.3199 
0.8047 0.0000 0.0000 0.1953 
0.0000 0.0000 0.0000 1.0000 
1.0000 0.0000 0.0000 0.0000 
0.0758 0.0000 0.9209 0.0034 
0.4663 0.3771 0.0370 0.1195 
0.2492 0.2239 0.2694 0.2576 
0.2778 0.2407 0.2222 0.2593 

MOTIF filter27 
letter-probability matrix: alength= 4 w= 17 nsites= 17 
0.1424 0.1454 0.5549 0.1573 
0.2077 0.4243 0.1840 0.1840 
0.2047 0.3086 0.3294 0.1573 
0.0445 0.0000 0.5401 0.4154 
0.0000 0.9792 0.0000 0.0208 
0.0000 0.4570 0.0000 0.5430 
1.0000 0.0000 0.0000 0.0000 
0.0000 0.0000 0.0000 1.0000 
0.0030 0.1009 0.0504 0.8457 
0.0000 0.0000 0.0000 1.0000 
0.1039 0.0000 0.0000 0.8961 
0.0356 0.0089 0.3056 0.6499 
0.7804 0.0950 0.0801 0.0445 
0.0682 0.1128 0.6647 0.1543 
0.3086 0.2967 0.1513 0.2433 
0.2226 0.1958 0.2700 0.3116 
0.2285 0.3086 0.2700 0.1929 

MOTIF filter28 
letter-probability matrix: alength= 4 w= 20 nsites= 20 
0.2683 0.2483 0.2444 0.2390 
0.3108 0.2284 0.2430 0.2178 
0.0252 0.6242 0.1580 0.1926 
0.2722 0.3373 0.3718 0.0186 
0.4449 0.0916 0.1912 0.2722 
0.1023 0.0611 0.5724 0.2643 
0.1421 0.2430 0.3254 0.2895 
0.5365 0.1288 0.3041 0.0305 
0.1328 0.2523 0.0398 0.5750 
0.3612 0.2151 0.4236 0.0000 
0.0478 0.0823 0.6122 0.2576 
0.1288 0.0159 0.2736 0.5817 
0.3054 0.0279 0.4223 0.2444 
0.0040 0.5817 0.2643 0.1501 
0.2629 0.1142 0.6189 0.0040 
0.0106 0.3944 0.5896 0.0053 
0.8632 0.0186 0.1102 0.0080 
0.5803 0.0465 0.1726 0.2005 
0.0013 0.4701 0.1222 0.4064 
0.2351 0.5325 0.1394 0.0930 

MOTIF filter29 
letter-probability matrix: alength= 4 w= 10 nsites= 10 
0.2354 0.2709 0.2670 0.2268 
0.0693 0.8589 0.0546 0.0172 
0.8886 0.0083 0.0657 0.0374 
0.0416 0.8669 0.0155 0.0760 
0.0801 0.0360 0.8800 0.0039 
0.0632 0.0643 0.0022 0.8703 
0.0003 0.0283 0.9143 0.0571 
0.1860 0.2867 0.2983 0.2290 
0.2307 0.2637 0.1605 0.3452 
0.2639 0.2498 0.2232 0.2631 

MOTIF filter30 
letter-probability matrix: alength= 4 w= 20 nsites= 20 
0.2000 0.4000 0.0000 0.4000 
0.2000 0.0000 0.6000 0.2000 
0.0000 0.2000 0.8000 0.0000 
0.6000 0.2000 0.2000 0.0000 
0.2000 0.0000 0.0000 0.8000 
0.0000 0.8000 0.0000 0.2000 
0.4000 0.6000 0.0000 0.0000 
0.8000 0.0000 0.2000 0.0000 
0.0000 0.0000 0.2000 0.8000 
0.0000 0.0000 0.0000 1.0000 
0.0000 0.2000 0.6000 0.2000 
0.0000 0.0000 1.0000 0.0000 
0.0000 0.6000 0.0000 0.4000 
0.8000 0.2000 0.0000 0.0000 
0.2000 0.4000 0.2000 0.2000 
0.2000 0.4000 0.4000 0.0000 
0.6000 0.0000 0.2000 0.2000 
0.0000 0.6000 0.2000 0.2000 
0.0000 0.0000 1.0000 0.0000 
0.2000 0.0000 0.0000 0.8000 

MOTIF filter31 
letter-probability matrix: alength= 4 w= 19 nsites= 19 
0.2338 0.2727 0.2078 0.2857 
0.3030 0.5714 0.0260 0.0996 
0.2771 0.2381 0.0779 0.4069 
0.3593 0.1602 0.2900 0.1905 
0.6710 0.0563 0.0563 0.2165 
0.1558 0.4026 0.4156 0.0260 
0.0000 0.0000 0.0043 0.9957 
0.0173 0.9827 0.0000 0.0000 
1.0000 0.0000 0.0000 0.0000 
0.0000 0.0000 0.9913 0.0087 
0.0000 1.0000 0.0000 0.0000 
0.9784 0.0000 0.0000 0.0216 
0.5195 0.1948 0.0649 0.2208 
0.4372 0.0649 0.0087 0.4892 
0.3983 0.0433 0.0087 0.5498 
0.2468 0.0952 0.0043 0.6537 
0.3377 0.1515 0.2294 0.2814 
0.3160 0.2727 0.1429 0.2684 
0.2814 0.2684 0.2597 0.1905 

MOTIF filter32 
letter-probability matrix: alength= 4 w= 14 nsites= 14 
0.1648 0.2088 0.3370 0.2894 
0.0000 0.5458 0.2161 0.2381 
0.0256 0.7216 0.1282 0.1245 
0.7656 0.0000 0.2308 0.0037 
0.0000 0.9414 0.0037 0.0549 
0.0000 0.0000 0.0000 1.0000 
0.0000 0.0000 0.0000 1.0000 
0.0000 1.0000 0.0000 0.0000 
0.0000 1.0000 0.0000 0.0000 
0.0000 0.0000 0.9963 0.0037 
0.0000 0.1685 0.8168 0.0147 
0.2125 0.2161 0.2784 0.2930 
0.2344 0.2198 0.2747 0.2711 
0.2857 0.1868 0.2234 0.3040 

MOTIF filter33 
letter-probability matrix: alength= 4 w= 17 nsites= 17 
0.2364 0.5736 0.0310 0.1589 
0.2287 0.1783 0.0504 0.5426 
0.2519 0.1744 0.3178 0.2558 
0.6395 0.0310 0.1240 0.2054 
0.1008 0.2519 0.6202 0.0271 
0.0000 0.0000 0.0000 1.0000 
0.0039 0.9961 0.0000 0.0000 
1.0000 0.0000 0.0000 0.0000 
0.0000 0.0000 0.9535 0.0465 
0.0000 1.0000 0.0000 0.0000 
0.9922 0.0000 0.0000 0.0078 
0.4535 0.0969 0.1938 0.2558 
0.4496 0.0039 0.0116 0.5349 
0.3295 0.0659 0.0271 0.5775 
0.3605 0.1279 0.0194 0.4922 
0.1744 0.2984 0.2442 0.2829 
0.2829 0.2674 0.2364 0.2132 

MOTIF filter34 
letter-probability matrix: alength= 4 w= 18 nsites= 18 
0.2201 0.2071 0.3010 0.2718 
0.2201 0.2848 0.2718 0.2233 
0.2848 0.2718 0.2168 0.2265 
0.1262 0.6893 0.1165 0.0680 
1.0000 0.0000 0.0000 0.0000 
0.9838 0.0000 0.0162 0.0000 
0.4207 0.0874 0.4595 0.0324 
1.0000 0.0000 0.0000 0.0000 
0.0000 0.0000 0.0000 1.0000 
0.0000 0.0000 1.0000 0.0000 
0.0000 0.0000 1.0000 0.0000 
0.0453 0.8479 0.0000 0.1068 
0.1036 0.1845 0.4304 0.2816 
0.0550 0.0841 0.8252 0.0356 
0.1068 0.7864 0.0162 0.0906 
0.3010 0.1974 0.2168 0.2848 
0.2330 0.2168 0.3107 0.2395 
0.3010 0.2298 0.2783 0.1909 

MOTIF filter35 
letter-probability matrix: alength= 4 w= 14 nsites= 14 
0.1276 0.1840 0.4688 0.2196 
0.3205 0.2730 0.0979 0.3086 
0.3828 0.3323 0.2344 0.0504 
0.1751 0.0772 0.6409 0.1068 
0.0534 0.6973 0.0237 0.2255 
0.0534 0.9466 0.0000 0.0000 
0.9941 0.0000 0.0000 0.0059 
0.3086 0.0030 0.0267 0.6617 
0.0950 0.3709 0.3205 0.2136 
0.4243 0.1751 0.0890 0.3116 
0.0475 0.1751 0.0000 0.7774 
0.0208 0.0564 0.8991 0.0237 
0.0119 0.0742 0.7685 0.1454 
0.0237 0.5668 0.0682 0.3412 

MOTIF filter36 
letter-probability matrix: alength= 4 w= 12 nsites= 12 
0.4383 0.2407 0.1296 0.1914 
0.0309 0.3611 0.1204 0.4877 
0.0370 0.3611 0.3395 0.2623 
0.4630 0.0957 0.4414 0.0000 
0.5926 0.0000 0.3858 0.0216 
0.0000 1.0000 0.0000 0.0000 
0.0000 1.0000 0.0000 0.0000 
1.0000 0.0000 0.0000 0.0000 
1.0000 0.0000 0.0000 0.0000 
0.0000 0.0000 0.0000 1.0000 
0.0062 0.7593 0.2346 0.0000 
0.8611 0.0031 0.1358 0.0000 

MOTIF filter37 
letter-probability matrix: alength= 4 w= 20 nsites= 20 
0.2349 0.2423 0.2509 0.2719 
0.2002 0.2855 0.2645 0.2497 
0.2732 0.1693 0.2967 0.2608 
0.1261 0.1347 0.0297 0.7095 
0.0247 0.0507 0.7083 0.2163 
0.4042 0.3486 0.1483 0.0989 
0.0000 0.9975 0.0012 0.0012 
0.0000 1.0000 0.0000 0.0000 
0.8467 0.0000 0.0012 0.1520 
0.0025 0.0000 0.0000 0.9975 
0.9197 0.0556 0.0074 0.0173 
0.0000 0.0000 0.0000 1.0000 
0.8838 0.0025 0.0000 0.1137 
0.1595 0.0074 0.0494 0.7837 
0.0371 0.0173 0.9333 0.0124 
0.0173 0.0087 0.9629 0.0111 
0.1075 0.0803 0.3881 0.4240 
0.2213 0.6205 0.1001 0.0581 
0.7108 0.0420 0.0692 0.1780 
0.1595 0.2917 0.2707 0.2781 

MOTIF filter38 
letter-probability matrix: alength= 4 w= 13 nsites= 13 
0.2690 0.2183 0.1774 0.3353 
0.1871 0.2456 0.3236 0.2437 
0.7505 0.0936 0.1189 0.0370 
0.0994 0.6491 0.2417 0.0097 
0.0000 0.9981 0.0019 0.0000 
0.9903 0.0000 0.0019 0.0078 
0.0058 0.7407 0.0000 0.2534 
0.2339 0.0000 0.7661 0.0000 
0.0000 0.0097 0.0019 0.9883 
0.2671 0.0000 0.7329 0.0000 
0.1150 0.1618 0.2183 0.5049 
0.0448 0.1287 0.4483 0.3782 
0.1754 0.2261 0.5166 0.0819 

MOTIF filter39 
letter-probability matrix: alength= 4 w= 15 nsites= 15 
0.3318 0.3341 0.2518 0.0824 
0.2753 0.1153 0.1412 0.4682 
0.3718 0.1788 0.0376 0.4118 
0.7882 0.0871 0.1106 0.0141 
0.5859 0.0376 0.2847 0.0918 
0.9576 0.0000 0.0094 0.0329 
0.0235 0.0965 0.0000 0.8800 
0.0235 0.0000 0.8565 0.1200 
0.0800 0.0400 0.8612 0.0188 
0.0212 0.8965 0.0118 0.0706 
0.3129 0.1459 0.1388 0.4024 
0.1224 0.0212 0.5953 0.2612 
0.3482 0.1976 0.1294 0.3247 
0.2094 0.2541 0.3412 0.1953 
0.2447 0.3812 0.2776 0.0965 

MOTIF filter40 
letter-probability matrix: alength= 4 w= 20 nsites= 20 
0.2202 0.2522 0.2574 0.2702 
0.1946 0.2932 0.2855 0.2266 
0.2958 0.2279 0.2215 0.2548 
0.1549 0.0640 0.0410 0.7401 
0.0294 0.0909 0.6748 0.2049 
0.4251 0.3995 0.0448 0.1306 
0.0026 0.9962 0.0013 0.0000 
0.0013 0.9898 0.0026 0.0064 
0.8323 0.0013 0.0064 0.1601 
0.0128 0.0000 0.0038 0.9834 
0.9987 0.0013 0.0000 0.0000 
0.0000 0.0000 0.0013 0.9987 
0.9987 0.0000 0.0000 0.0013 
0.1447 0.0026 0.0026 0.8502 
0.0013 0.0038 0.9949 0.0000 
0.0000 0.0000 1.0000 0.0000 
0.0935 0.0538 0.4174 0.4353 
0.2266 0.6607 0.0871 0.0256 
0.7401 0.0218 0.0615 0.1767 
0.2394 0.2791 0.2369 0.2446 

MOTIF filter41 
letter-probability matrix: alength= 4 w= 14 nsites= 14 
0.2371 0.2562 0.2562 0.2505 
0.5067 0.0994 0.3939 0.0000 
0.0000 0.0000 0.0000 1.0000 
0.0000 0.0000 0.0382 0.9618 
0.3174 0.0000 0.6558 0.0268 
0.0038 0.9522 0.0000 0.0440 
0.0325 0.0057 0.9579 0.0038 
0.0402 0.7686 0.0000 0.1912 
1.0000 0.0000 0.0000 0.0000 
1.0000 0.0000 0.0000 0.0000 
0.0076 0.4187 0.0440 0.5296 
0.3174 0.2620 0.2524 0.1683 
0.2562 0.2161 0.2677 0.2600 
0.2314 0.2218 0.2792 0.2677 

MOTIF filter42 
letter-probability matrix: alength= 4 w= 15 nsites= 15 
0.2683 0.2351 0.2075 0.2891 
0.2490 0.2725 0.2379 0.2407 
0.1203 0.2089 0.1425 0.5284 
0.0000 0.0000 0.0000 1.0000 
0.0000 0.0000 0.0014 0.9986 
0.0470 0.9530 0.0000 0.0000 
0.0138 0.7718 0.0000 0.2144 
0.2586 0.1936 0.2891 0.2586 
0.1425 0.0000 0.8575 0.0000 
0.0000 0.0000 0.9765 0.0235 
1.0000 0.0000 0.0000 0.0000 
1.0000 0.0000 0.0000 0.0000 
0.5809 0.0954 0.1563 0.1674 
0.2254 0.2725 0.2559 0.2462 
0.2697 0.2324 0.2683 0.2296 

MOTIF filter43 
letter-probability matrix: alength= 4 w= 19 nsites= 19 
0.2411 0.2545 0.2589 0.2455 
0.2455 0.2857 0.2366 0.2321 
0.5223 0.0045 0.1473 0.3259 
0.7098 0.0045 0.0089 0.2768 
0.4554 0.0000 0.0045 0.5402 
0.3214 0.1518 0.1161 0.4107 
0.0000 0.0000 0.0000 1.0000 
0.0000 0.0000 1.0000 0.0000 
0.0179 0.9821 0.0000 0.0000 
0.0000 0.0000 0.0000 1.0000 
0.0000 0.0000 0.9955 0.0045 
1.0000 0.0000 0.0000 0.0000 
0.0268 0.5268 0.3080 0.1384 
0.1741 0.1518 0.0179 0.6562 
0.1518 0.4375 0.0759 0.3348 
0.6205 0.0491 0.1384 0.1920 
0.1205 0.0446 0.5938 0.2411 
0.2812 0.2634 0.2679 0.1875 
0.2009 0.2277 0.2946 0.2768 

MOTIF filter44 
letter-probability matrix: alength= 4 w= 12 nsites= 12 
0.2348 0.2515 0.2706 0.2431 
0.4458 0.1681 0.2813 0.1049 
0.2336 0.3099 0.3409 0.1156 
0.0000 1.0000 0.0000 0.0000 
1.0000 0.0000 0.0000 0.0000 
0.0000 0.9988 0.0000 0.0012 
0.0000 0.0000 1.0000 0.0000 
0.0000 0.0000 0.0000 1.0000 
0.0000 0.0000 1.0000 0.0000 
0.1287 0.3230 0.3302 0.2181 
0.1406 0.2527 0.1311 0.4756 
0.2324 0.2467 0.2467 0.2741 

MOTIF filter45 
letter-probability matrix: alength= 4 w= 16 nsites= 16 
0.2111 0.3071 0.2380 0.2438 
0.3109 0.2265 0.2188 0.2438 
0.2668 0.2572 0.2361 0.2399 
0.6276 0.0345 0.3378 0.0000 
0.0000 0.0000 0.0000 1.0000 
0.0000 0.0000 0.0058 0.9942 
0.1536 0.0000 0.7927 0.0537 
0.0019 0.9251 0.0058 0.0672 
0.0403 0.0000 0.9597 0.0000 
0.0979 0.5912 0.0000 0.3109 
0.9750 0.0250 0.0000 0.0000 
1.0000 0.0000 0.0000 0.0000 
0.0211 0.2687 0.1401 0.5701 
0.2630 0.2553 0.2898 0.1919 
0.2284 0.1727 0.2553 0.3436 
0.2246 0.2399 0.2726 0.2630 

MOTIF filter46 
letter-probability matrix: alength= 4 w= 13 nsites= 13 
0.4233 0.1774 0.2911 0.1082 
0.0008 0.0023 0.0000 0.9969 
0.0000 0.0093 0.0669 0.9237 
0.3284 0.0039 0.5619 0.1058 
0.0125 0.8599 0.0288 0.0988 
0.1292 0.0156 0.8156 0.0397 
0.1191 0.6451 0.0047 0.2311 
0.9284 0.0669 0.0008 0.0039 
0.9805 0.0031 0.0163 0.0000 
0.0016 0.3315 0.1268 0.5401 
0.2576 0.2599 0.2646 0.2179 
0.2101 0.2350 0.2926 0.2623 
0.2942 0.2241 0.2786 0.2031 

MOTIF filter47 
letter-probability matrix: alength= 4 w= 12 nsites= 12 
0.2045 0.3288 0.2258 0.2409 
0.2848 0.2333 0.2091 0.2727 
0.2818 0.2606 0.1879 0.2697 
1.0000 0.0000 0.0000 0.0000 
0.0000 0.0000 0.0000 1.0000 
0.0000 0.4197 0.0000 0.5803 
1.0000 0.0000 0.0000 0.0000 
1.0000 0.0000 0.0000 0.0000 
0.9955 0.0000 0.0015 0.0030 
0.2561 0.2303 0.2394 0.2742 
0.2015 0.2591 0.2212 0.3182 
0.2106 0.2288 0.2788 0.2818 

MOTIF filter48 
letter-probability matrix: alength= 4 w= 14 nsites= 14 
0.2007 0.2611 0.4726 0.0656 
0.3102 0.2502 0.0104 0.4292 
0.2885 0.0321 0.1648 0.5146 
0.3154 0.5297 0.1473 0.0076 
0.1449 0.0331 0.2214 0.6006 
0.0633 0.3404 0.1695 0.4268 
0.4178 0.5316 0.0430 0.0076 
0.5241 0.0755 0.3008 0.0996 
0.1520 0.6449 0.0585 0.1445 
0.3036 0.0269 0.2554 0.4141 
0.4358 0.0028 0.2531 0.3083 
0.0500 0.8036 0.1180 0.0283 
0.1039 0.5359 0.1582 0.2021 
0.4476 0.0066 0.3003 0.2455 

MOTIF filter49 
letter-probability matrix: alength= 4 w= 12 nsites= 12 
0.2870 0.2209 0.1757 0.3165 
0.2400 0.2557 0.3061 0.1983 
0.2643 0.2417 0.2330 0.2609 
0.0000 0.0000 0.0000 1.0000 
0.0000 0.0000 0.0000 1.0000 
0.0000 0.0000 0.0000 1.0000 
0.6174 0.0000 0.3826 0.0000 
1.0000 0.0000 0.0000 0.0000 
0.0000 0.0000 0.0000 1.0000 
0.2122 0.3043 0.2487 0.2348 
0.2922 0.2574 0.1826 0.2678 
0.2609 0.1548 0.3148 0.2696 

MOTIF filter50 
letter-probability matrix: alength= 4 w= 13 nsites= 13 
0.2583 0.2236 0.2477 0.2704 
0.2100 0.2432 0.2734 0.2734 
0.2598 0.2492 0.2115 0.2795 
0.5242 0.0937 0.3822 0.0000 
0.0000 0.0000 0.0015 0.9985 
0.0000 0.0000 0.0151 0.9849 
0.2719 0.0000 0.6631 0.0650 
0.0045 0.9411 0.0000 0.0544 
0.0604 0.0015 0.9381 0.0000 
0.0468 0.6873 0.0000 0.2659 
0.9562 0.0438 0.0000 0.0000 
1.0000 0.0000 0.0000 0.0000 
0.0030 0.3610 0.1616 0.4743 

MOTIF filter51 
letter-probability matrix: alength= 4 w= 13 nsites= 13 
0.2050 0.2424 0.3078 0.2448 
0.0024 0.6108 0.1346 0.2521 
0.0539 0.6444 0.0392 0.2625 
0.0159 0.9412 0.0318 0.0110 
0.0171 0.9162 0.0618 0.0049 
0.1677 0.0043 0.4865 0.3415 
0.0184 0.9137 0.0153 0.0526 
0.0808 0.8978 0.0141 0.0073 
0.0110 0.6787 0.0410 0.2693 
0.1597 0.6206 0.0067 0.2130 
0.1016 0.4871 0.1395 0.2717 
0.2362 0.2846 0.2515 0.2277 
0.2540 0.2576 0.2209 0.2674 

MOTIF filter52 
letter-probability matrix: alength= 4 w= 14 nsites= 14 
0.2835 0.2641 0.2117 0.2408 
0.2602 0.2369 0.3301 0.1728 
0.2854 0.0330 0.4524 0.2291 
0.4019 0.0078 0.5903 0.0000 
0.0000 0.0000 0.0000 1.0000 
0.0000 0.0000 1.0000 0.0000 
1.0000 0.0000 0.0000 0.0000 
0.0039 0.5534 0.4427 0.0000 
0.0000 0.0000 0.0000 1.0000 
0.0019 0.9981 0.0000 0.0000 
1.0000 0.0000 0.0000 0.0000 
0.0058 0.2058 0.2757 0.5126 
0.2757 0.3320 0.2796 0.1126 
0.1961 0.2039 0.3243 0.2757 

MOTIF filter53 
letter-probability matrix: alength= 4 w= 20 nsites= 20 
0.3067 0.2089 0.2044 0.2800 
0.3422 0.2533 0.2356 0.1689 
0.2578 0.2844 0.1778 0.2800 
0.2489 0.5911 0.0356 0.1244 
0.2400 0.1156 0.0578 0.5867 
0.2844 0.0978 0.3422 0.2756 
0.6978 0.0311 0.0756 0.1956 
0.1511 0.2533 0.5867 0.0089 
0.0000 0.0000 0.0000 1.0000 
0.0000 1.0000 0.0000 0.0000 
1.0000 0.0000 0.0000 0.0000 
0.0000 0.0000 0.9822 0.0178 
0.0000 1.0000 0.0000 0.0000 
1.0000 0.0000 0.0000 0.0000 
0.4000 0.1956 0.1200 0.2844 
0.4089 0.0356 0.0000 0.5556 
0.4000 0.0489 0.0000 0.5511 
0.3067 0.1022 0.0133 0.5778 
0.2933 0.2489 0.2933 0.1644 
0.2622 0.2489 0.2578 0.2311 

MOTIF filter54 
letter-probability matrix: alength= 4 w= 18 nsites= 18 
0.0629 0.6856 0.1138 0.1377 
0.0000 0.1317 0.0000 0.8683 
0.0030 0.2455 0.7485 0.0030 
1.0000 0.0000 0.0000 0.0000 
0.0000 0.0000 0.0000 1.0000 
0.0000 0.0000 0.0000 1.0000 
0.0000 0.0000 1.0000 0.0000 
0.0000 0.0000 1.0000 0.0000 
0.0569 0.4042 0.0000 0.5389 
0.0060 0.4491 0.1317 0.4132 
0.1707 0.4281 0.3383 0.0629 
0.5000 0.1467 0.2725 0.0808 
0.1617 0.1677 0.2395 0.4311 
0.1527 0.1467 0.2545 0.4461 
0.0060 0.3144 0.1647 0.5150 
0.1916 0.2515 0.2994 0.2575 
0.2575 0.3024 0.1677 0.2725 
0.2575 0.2635 0.2126 0.2665 

MOTIF filter55 
letter-probability matrix: alength= 4 w= 13 nsites= 13 
0.1076 0.4104 0.2231 0.2590 
0.0598 0.7450 0.0717 0.1235 
0.7331 0.0040 0.2629 0.0000 
0.0000 0.9363 0.0279 0.0359 
0.0000 0.0000 0.0000 1.0000 
0.0000 0.0000 0.0000 1.0000 
0.0000 0.9960 0.0040 0.0000 
0.0000 1.0000 0.0000 0.0000 
0.0000 0.0000 0.9681 0.0319 
0.0000 0.1155 0.8845 0.0000 
0.4064 0.1394 0.2351 0.2191 
0.4422 0.1793 0.1554 0.2231 
0.2749 0.2550 0.2430 0.2271 

MOTIF filter56 
letter-probability matrix: alength= 4 w= 17 nsites= 17 
0.2489 0.2590 0.2489 0.2432 
0.2475 0.2576 0.2446 0.2504 
0.1180 0.0331 0.3712 0.4777 
0.0288 0.8993 0.0014 0.0705 
0.0000 0.0000 0.0000 1.0000 
1.0000 0.0000 0.0000 0.0000 
0.3022 0.0000 0.0072 0.6906 
0.4849 0.0000 0.0000 0.5151 
0.5957 0.0000 0.0000 0.4043 
0.7496 0.0000 0.0000 0.2504 
0.0000 0.0000 0.0000 1.0000 
1.0000 0.0000 0.0000 0.0000 
0.0561 0.0014 0.9367 0.0058 
0.5353 0.3885 0.0360 0.0403 
0.2978 0.2345 0.2374 0.2302 
0.2489 0.2475 0.2518 0.2518 
0.2547 0.2590 0.2518 0.2345 

MOTIF filter57 
letter-probability matrix: alength= 4 w= 18 nsites= 18 
0.3376 0.2179 0.1752 0.2692 
0.2564 0.3077 0.2436 0.1923 
0.2436 0.2607 0.2479 0.2479 
0.1410 0.0171 0.7308 0.1111 
0.0556 0.7949 0.0684 0.0812 
0.2778 0.4017 0.2137 0.1068 
0.0556 0.0000 0.9145 0.0299 
0.0000 1.0000 0.0000 0.0000 
0.0000 1.0000 0.0000 0.0000 
1.0000 0.0000 0.0000 0.0000 
0.0000 0.0000 0.0000 1.0000 
0.0085 0.5513 0.1538 0.2863 
0.0000 0.0171 0.0000 0.9829 
0.0000 0.0085 0.0000 0.9915 
0.0641 0.0726 0.7692 0.0940 
0.2564 0.2265 0.2265 0.2906 
0.2350 0.2607 0.2350 0.2692 
0.2521 0.3162 0.2137 0.2179 

MOTIF filter58 
letter-probability matrix: alength= 4 w= 20 nsites= 20 
0.2346 0.2789 0.2562 0.2303 
0.3416 0.2324 0.2562 0.1697 
0.1330 0.1319 0.0400 0.6951 
0.0389 0.0962 0.6562 0.2086 
0.4227 0.3838 0.1200 0.0735 
0.0562 0.8389 0.1005 0.0043 
0.0000 1.0000 0.0000 0.0000 
0.6476 0.1719 0.0032 0.1773 
0.1903 0.0000 0.0000 0.8097 
0.9968 0.0000 0.0011 0.0022 
0.0000 0.0000 0.0065 0.9935 
0.8530 0.1189 0.0281 0.0000 
0.2735 0.0141 0.0173 0.6951 
0.0043 0.0086 0.9870 0.0000 
0.0162 0.0324 0.9319 0.0195 
0.1070 0.0659 0.3935 0.4335 
0.1827 0.6659 0.1049 0.0465 
0.6065 0.0530 0.1103 0.2303 
0.2584 0.2497 0.2389 0.2530 
0.1989 0.2778 0.2476 0.2757 

MOTIF filter59 
letter-probability matrix: alength= 4 w= 16 nsites= 16 
0.2425 0.2752 0.2398 0.2425 
0.4605 0.1935 0.0409 0.3052 
0.2643 0.0082 0.0054 0.7221 
0.3188 0.0899 0.1853 0.4060 
0.3433 0.1417 0.0463 0.4687 
0.2180 0.0136 0.0926 0.6757 
0.0000 0.0000 0.5422 0.4578 
0.0000 1.0000 0.0000 0.0000 
0.4659 0.0000 0.0000 0.5341 
0.0000 0.0000 0.8965 0.1035 
0.6104 0.3896 0.0000 0.0000 
0.4305 0.2398 0.1444 0.1853 
0.3106 0.1144 0.0245 0.5504 
0.1253 0.2616 0.0872 0.5259 
0.5831 0.1144 0.0817 0.2207 
0.1880 0.0054 0.4741 0.3324 

MOTIF filter60 
letter-probability matrix: alength= 4 w= 14 nsites= 14 
0.2455 0.2738 0.2143 0.2664 
0.2560 0.2262 0.2307 0.2872 
0.2128 0.1086 0.4375 0.2411 
0.3542 0.1339 0.5104 0.0015 
0.0000 0.0000 0.0000 1.0000 
0.0000 0.0000 1.0000 0.0000 
1.0000 0.0000 0.0000 0.0000 
0.0015 0.4658 0.5327 0.0000 
0.0000 0.0000 0.0000 1.0000 
0.0000 1.0000 0.0000 0.0000 
1.0000 0.0000 0.0000 0.0000 
0.0000 0.3095 0.2351 0.4554 
0.2292 0.3393 0.2202 0.2113 
0.2589 0.2188 0.2738 0.2485 

MOTIF filter61 
letter-probability matrix: alength= 4 w= 18 nsites= 18 
0.2606 0.2342 0.2500 0.2553 
0.1937 0.0106 0.4454 0.3504 
0.0634 0.3116 0.5651 0.0599 
0.0194 0.1092 0.2412 0.6303 
0.1127 0.3468 0.2870 0.2535 
0.6813 0.2465 0.0194 0.0528 
0.0229 0.5106 0.0405 0.4261 
0.0546 0.3063 0.0088 0.6303 
0.0423 0.3768 0.0018 0.5792 
0.8116 0.0035 0.0704 0.1144 
0.5546 0.1391 0.0792 0.2271 
0.0915 0.3239 0.2148 0.3697 
0.2905 0.0722 0.1391 0.4982 
0.0211 0.1127 0.0035 0.8627 
0.5651 0.3134 0.0440 0.0775 
0.1461 0.1866 0.3803 0.2870 
0.5951 0.2359 0.0968 0.0722 
0.0317 0.3380 0.4894 0.1408 

MOTIF filter62 
letter-probability matrix: alength= 4 w= 12 nsites= 12 
0.2564 0.2908 0.1951 0.2577 
0.2687 0.2479 0.2012 0.2822 
0.1951 0.2110 0.2736 0.3202 
1.0000 0.0000 0.0000 0.0000 
0.0000 0.0000 0.0000 1.0000 
0.0000 0.0810 0.0000 0.9190 
1.0000 0.0000 0.0000 0.0000 
1.0000 0.0000 0.0000 0.0000 
0.4196 0.0000 0.0000 0.5804 
0.2896 0.2307 0.2442 0.2356 
0.2454 0.2356 0.3239 0.1951 
0.2589 0.2871 0.1975 0.2564 

MOTIF filter63 
letter-probability matrix: alength= 4 w= 13 nsites= 13 
0.2437 0.2626 0.2143 0.2794 
0.2878 0.2584 0.1996 0.2542 
0.2605 0.1849 0.1555 0.3992 
0.0168 0.1324 0.0987 0.7521 
0.0000 0.0000 0.0000 1.0000 
0.0000 0.2689 0.0042 0.7269 
0.0294 0.9706 0.0000 0.0000 
0.0210 0.5882 0.0000 0.3908 
0.4433 0.0000 0.4559 0.1008 
0.0000 0.0000 1.0000 0.0000 
0.3025 0.0000 0.6954 0.0021 
1.0000 0.0000 0.0000 0.0000 
0.9937 0.0000 0.0063 0.0000 

