MEME version 4

ALPHABET= ACGT

Background letter frequencies:
A 0.2500 C 0.2500 G 0.2500 T 0.2500 

MOTIF filter0 
letter-probability matrix: alength= 4 w= 15 nsites= 15 
0.2289 0.2740 0.2548 0.2424 
0.1274 0.0530 0.3461 0.4735 
0.0293 0.8681 0.0079 0.0947 
0.0000 0.0090 0.0000 0.9910 
0.9966 0.0011 0.0000 0.0023 
0.2841 0.0000 0.0023 0.7136 
0.4724 0.0000 0.0000 0.5276 
0.5524 0.0000 0.0000 0.4476 
0.7103 0.0011 0.0000 0.2886 
0.0045 0.0000 0.0000 0.9955 
0.9865 0.0000 0.0135 0.0000 
0.0846 0.0011 0.8997 0.0147 
0.4746 0.3427 0.0338 0.1488 
0.2740 0.2244 0.2559 0.2458 
0.2345 0.2864 0.2424 0.2368 

MOTIF filter1 
letter-probability matrix: alength= 4 w= 16 nsites= 16 
0.2493 0.2598 0.2493 0.2417 
0.2474 0.2674 0.2559 0.2293 
0.1237 0.0780 0.3321 0.4662 
0.0504 0.8249 0.0057 0.1189 
0.0000 0.0133 0.0010 0.9857 
0.9962 0.0010 0.0010 0.0019 
0.2835 0.0010 0.0095 0.7060 
0.4491 0.0029 0.0000 0.5480 
0.5490 0.0019 0.0010 0.4481 
0.6851 0.0029 0.0000 0.3121 
0.0048 0.0010 0.0029 0.9914 
0.9857 0.0000 0.0133 0.0010 
0.1218 0.0057 0.8230 0.0495 
0.4377 0.3559 0.0571 0.1494 
0.2731 0.2350 0.2569 0.2350 
0.2398 0.2892 0.2341 0.2369 

MOTIF filter2 
letter-probability matrix: alength= 4 w= 15 nsites= 15 
0.2209 0.2731 0.2530 0.2530 
0.2771 0.2169 0.2249 0.2811 
0.1847 0.2691 0.2932 0.2530 
0.0000 0.8956 0.1044 0.0000 
0.0080 0.9920 0.0000 0.0000 
0.0000 0.0000 1.0000 0.0000 
0.0000 0.0000 1.0000 0.0000 
1.0000 0.0000 0.0000 0.0000 
1.0000 0.0000 0.0000 0.0000 
0.0241 0.0120 0.9639 0.0000 
0.0000 0.2610 0.0000 0.7390 
0.1205 0.0763 0.7711 0.0321 
0.2329 0.2129 0.5301 0.0241 
0.2048 0.3052 0.2530 0.2369 
0.2088 0.3494 0.2892 0.1526 

MOTIF filter3 
letter-probability matrix: alength= 4 w= 11 nsites= 11 
0.2514 0.2641 0.2560 0.2285 
0.2572 0.2606 0.2423 0.2400 
0.0677 0.0000 0.0000 0.9323 
0.0000 0.0000 0.0000 1.0000 
0.0000 0.0000 0.0000 1.0000 
0.5798 0.0000 0.4202 0.0000 
1.0000 0.0000 0.0000 0.0000 
0.0000 0.0000 0.0000 1.0000 
0.2216 0.2652 0.2664 0.2468 
0.2572 0.2491 0.2526 0.2411 
0.2262 0.2365 0.2732 0.2641 

MOTIF filter4 
letter-probability matrix: alength= 4 w= 12 nsites= 12 
0.2268 0.2625 0.2605 0.2503 
0.3973 0.1992 0.2574 0.1461 
0.2329 0.3013 0.3238 0.1420 
0.0000 1.0000 0.0000 0.0000 
1.0000 0.0000 0.0000 0.0000 
0.0000 1.0000 0.0000 0.0000 
0.0000 0.0000 1.0000 0.0000 
0.0000 0.0000 0.0000 1.0000 
0.0000 0.0000 1.0000 0.0000 
0.1634 0.2911 0.3207 0.2247 
0.1634 0.2421 0.1706 0.4239 
0.2360 0.2513 0.2523 0.2605 

MOTIF filter5 
letter-probability matrix: alength= 4 w= 14 nsites= 14 
0.2690 0.2924 0.2827 0.1559 
0.2398 0.2125 0.2710 0.2768 
0.1150 0.2456 0.3392 0.3002 
0.4971 0.1852 0.3177 0.0000 
0.0000 0.0000 0.0000 1.0000 
0.0000 0.0000 0.9825 0.0175 
1.0000 0.0000 0.0000 0.0000 
0.0000 0.4230 0.5770 0.0000 
0.0000 0.0000 0.0019 0.9981 
0.0000 1.0000 0.0000 0.0000 
1.0000 0.0000 0.0000 0.0000 
0.0468 0.4483 0.1131 0.3918 
0.2456 0.3704 0.0468 0.3372 
0.1852 0.2437 0.2943 0.2768 

MOTIF filter6 
letter-probability matrix: alength= 4 w= 18 nsites= 18 
0.2636 0.3488 0.1938 0.1938 
0.2868 0.2209 0.2364 0.2558 
0.2248 0.2519 0.2868 0.2364 
0.0039 0.8915 0.0698 0.0349 
0.0000 0.1047 0.0000 0.8953 
0.0039 0.2636 0.7093 0.0233 
1.0000 0.0000 0.0000 0.0000 
0.0000 0.0000 0.0000 1.0000 
0.0000 0.0000 0.0000 1.0000 
0.0000 0.0000 1.0000 0.0000 
0.0000 0.0000 1.0000 0.0000 
0.0465 0.3837 0.0000 0.5698 
0.0078 0.3992 0.1008 0.4922 
0.1434 0.4651 0.3178 0.0736 
0.4961 0.1512 0.2403 0.1124 
0.1473 0.1822 0.2171 0.4535 
0.1667 0.1202 0.2558 0.4574 
0.0155 0.2674 0.1357 0.5814 

MOTIF filter7 
letter-probability matrix: alength= 4 w= 16 nsites= 16 
0.3218 0.2561 0.1730 0.2491 
0.2595 0.3045 0.1972 0.2388 
0.2249 0.1869 0.2595 0.3287 
0.0000 0.8927 0.0519 0.0554 
0.0000 0.2422 0.0000 0.7578 
0.0000 0.2318 0.7266 0.0415 
1.0000 0.0000 0.0000 0.0000 
0.0000 0.0000 0.0000 1.0000 
0.0000 0.0000 0.0000 1.0000 
0.0000 0.0000 1.0000 0.0000 
0.0000 0.0000 1.0000 0.0000 
0.0104 0.3702 0.0104 0.6090 
0.0000 0.4221 0.1384 0.4394 
0.2318 0.3945 0.3218 0.0519 
0.4775 0.1211 0.3633 0.0381 
0.1696 0.1038 0.2976 0.4291 

MOTIF filter8 
letter-probability matrix: alength= 4 w= 16 nsites= 16 
0.2969 0.2465 0.2577 0.1989 
0.2717 0.2661 0.2101 0.2521 
0.0644 0.1821 0.5602 0.1933 
0.0000 0.7647 0.0420 0.1933 
0.0084 0.8571 0.0000 0.1345 
0.0000 1.0000 0.0000 0.0000 
0.0000 1.0000 0.0000 0.0000 
0.1008 0.0000 0.6050 0.2941 
0.0000 1.0000 0.0000 0.0000 
0.0000 1.0000 0.0000 0.0000 
0.0000 0.7675 0.0000 0.2325 
0.0672 0.8431 0.0000 0.0896 
0.0532 0.7031 0.0532 0.1905 
0.2381 0.2577 0.2577 0.2465 
0.2605 0.2241 0.2297 0.2857 
0.2325 0.2913 0.2577 0.2185 

MOTIF filter9 
letter-probability matrix: alength= 4 w= 16 nsites= 16 
0.2418 0.2353 0.2876 0.2353 
0.1797 0.2876 0.1993 0.3333 
0.2190 0.2320 0.2974 0.2516 
0.2876 0.0033 0.6144 0.0948 
0.1797 0.0000 0.7386 0.0817 
0.1634 0.0000 0.8333 0.0033 
0.0000 0.0000 1.0000 0.0000 
0.0000 0.0000 1.0000 0.0000 
0.2320 0.6209 0.0000 0.1471 
0.0000 0.0000 1.0000 0.0000 
0.0000 0.0000 1.0000 0.0000 
0.1765 0.0000 0.8203 0.0033 
0.2255 0.0261 0.7484 0.0000 
0.1993 0.5654 0.1373 0.0980 
0.3105 0.2549 0.2582 0.1765 
0.2386 0.3007 0.1895 0.2712 

MOTIF filter10 
letter-probability matrix: alength= 4 w= 16 nsites= 16 
0.2539 0.2741 0.2336 0.2383 
0.2430 0.2944 0.2492 0.2134 
0.0717 0.0436 0.3614 0.5234 
0.0047 0.9657 0.0000 0.0296 
0.0000 0.0000 0.0000 1.0000 
1.0000 0.0000 0.0000 0.0000 
0.2290 0.0000 0.0000 0.7710 
0.4548 0.0000 0.0000 0.5452 
0.5592 0.0000 0.0000 0.4408 
0.7025 0.0000 0.0000 0.2975 
0.0000 0.0000 0.0000 1.0000 
1.0000 0.0000 0.0000 0.0000 
0.0358 0.0000 0.9564 0.0078 
0.4984 0.3645 0.0421 0.0950 
0.2944 0.2134 0.2819 0.2103 
0.2679 0.2383 0.2352 0.2586 

MOTIF filter11 
letter-probability matrix: alength= 4 w= 17 nsites= 17 
0.2500 0.2869 0.2377 0.2254 
0.2992 0.2582 0.1926 0.2500 
0.1066 0.0000 0.7336 0.1598 
0.0615 0.7582 0.1066 0.0738 
0.3525 0.3074 0.2541 0.0861 
0.0451 0.0000 0.8893 0.0656 
0.0000 1.0000 0.0000 0.0000 
0.0000 1.0000 0.0000 0.0000 
1.0000 0.0000 0.0000 0.0000 
0.0000 0.0000 0.0000 1.0000 
0.0123 0.4426 0.1680 0.3770 
0.0000 0.0000 0.0000 1.0000 
0.0000 0.0000 0.0000 1.0000 
0.0656 0.0492 0.7787 0.1066 
0.3156 0.2049 0.2172 0.2623 
0.2049 0.2705 0.2336 0.2910 
0.2582 0.2951 0.2131 0.2336 

MOTIF filter12 
letter-probability matrix: alength= 4 w= 16 nsites= 16 
0.5154 0.1762 0.1498 0.1586 
0.0705 0.3304 0.0969 0.5022 
0.0088 0.3568 0.4626 0.1718 
0.4802 0.1057 0.4141 0.0000 
0.6740 0.0000 0.3216 0.0044 
0.0000 1.0000 0.0000 0.0000 
0.0000 1.0000 0.0000 0.0000 
1.0000 0.0000 0.0000 0.0000 
1.0000 0.0000 0.0000 0.0000 
0.0000 0.0000 0.0000 1.0000 
0.0088 0.8106 0.1806 0.0000 
0.8062 0.0000 0.1938 0.0000 
0.0264 0.0573 0.9163 0.0000 
0.1542 0.2907 0.2203 0.3348 
0.3172 0.1542 0.3040 0.2247 
0.2643 0.2952 0.1762 0.2643 

MOTIF filter13 
letter-probability matrix: alength= 4 w= 12 nsites= 12 
0.2599 0.2732 0.2286 0.2383 
0.2804 0.2262 0.2214 0.2720 
0.2744 0.2491 0.2359 0.2407 
1.0000 0.0000 0.0000 0.0000 
0.0000 0.0000 0.0000 1.0000 
0.0000 0.4128 0.0000 0.5872 
1.0000 0.0000 0.0000 0.0000 
1.0000 0.0000 0.0000 0.0000 
0.9627 0.0000 0.0000 0.0373 
0.2623 0.2214 0.2262 0.2900 
0.2467 0.2335 0.2455 0.2744 
0.2323 0.2671 0.2443 0.2563 

MOTIF filter14 
letter-probability matrix: alength= 4 w= 20 nsites= 20 
0.2000 0.3037 0.2630 0.2333 
0.2519 0.2370 0.2593 0.2519 
0.5111 0.2259 0.2630 0.0000 
0.5037 0.2148 0.1370 0.1444 
0.5111 0.1815 0.1222 0.1852 
0.0222 0.4185 0.0926 0.4667 
0.0667 0.3074 0.3444 0.2815 
0.4407 0.1370 0.4222 0.0000 
0.5889 0.0074 0.3667 0.0370 
0.0000 1.0000 0.0000 0.0000 
0.0000 1.0000 0.0000 0.0000 
1.0000 0.0000 0.0000 0.0000 
0.9963 0.0000 0.0037 0.0000 
0.0000 0.0000 0.0000 1.0000 
0.0148 0.7926 0.1926 0.0000 
0.8296 0.0037 0.1667 0.0000 
0.0444 0.0593 0.8815 0.0148 
0.2815 0.2333 0.2259 0.2593 
0.2185 0.1926 0.2667 0.3222 
0.2444 0.2704 0.2407 0.2444 

MOTIF filter15 
letter-probability matrix: alength= 4 w= 15 nsites= 15 
0.2991 0.2564 0.2906 0.1538 
0.2607 0.3248 0.2179 0.1966 
0.0385 0.1752 0.4530 0.3333 
0.0000 0.8504 0.0256 0.1239 
0.0043 0.8846 0.0000 0.1111 
0.0000 1.0000 0.0000 0.0000 
0.0000 1.0000 0.0000 0.0000 
0.0983 0.0000 0.7179 0.1838 
0.0000 1.0000 0.0000 0.0000 
0.0000 1.0000 0.0000 0.0000 
0.0000 0.8803 0.0000 0.1197 
0.0043 0.9188 0.0000 0.0769 
0.0085 0.6709 0.0427 0.2778 
0.2650 0.2735 0.1923 0.2692 
0.2778 0.2564 0.2350 0.2308 

MOTIF filter16 
letter-probability matrix: alength= 4 w= 15 nsites= 15 
0.2762 0.2143 0.2143 0.2952 
0.2238 0.1619 0.4000 0.2143 
0.2476 0.2143 0.3143 0.2238 
0.0143 0.9429 0.0429 0.0000 
0.0238 0.9762 0.0000 0.0000 
0.0000 0.0000 1.0000 0.0000 
0.0000 0.0000 1.0000 0.0000 
1.0000 0.0000 0.0000 0.0000 
1.0000 0.0000 0.0000 0.0000 
0.0333 0.0000 0.9667 0.0000 
0.0476 0.3000 0.0095 0.6429 
0.1762 0.0476 0.7381 0.0381 
0.1952 0.2286 0.5667 0.0095 
0.2048 0.4810 0.2667 0.0476 
0.2000 0.2619 0.2952 0.2429 

MOTIF filter17 
letter-probability matrix: alength= 4 w= 12 nsites= 12 
0.2309 0.2655 0.2675 0.2360 
0.4069 0.2065 0.2523 0.1343 
0.2258 0.3174 0.3133 0.1434 
0.0000 1.0000 0.0000 0.0000 
1.0000 0.0000 0.0000 0.0000 
0.0000 0.9959 0.0000 0.0041 
0.0041 0.0000 0.9959 0.0000 
0.0000 0.0000 0.0000 1.0000 
0.0000 0.0000 1.0000 0.0000 
0.1475 0.2950 0.3164 0.2411 
0.1617 0.2411 0.1617 0.4354 
0.2319 0.2604 0.2452 0.2625 

MOTIF filter18 
letter-probability matrix: alength= 4 w= 20 nsites= 20 
0.2825 0.2370 0.2208 0.2597 
0.1299 0.0877 0.0211 0.7614 
0.0325 0.0568 0.6623 0.2484 
0.3442 0.4870 0.0942 0.0747 
0.0260 0.9692 0.0049 0.0000 
0.0000 0.9610 0.0390 0.0000 
0.8182 0.0016 0.0244 0.1558 
0.0130 0.0260 0.0000 0.9610 
0.9789 0.0032 0.0000 0.0179 
0.0000 0.0000 0.0000 1.0000 
0.9594 0.0130 0.0032 0.0244 
0.0552 0.0000 0.0049 0.9399 
0.0114 0.0000 0.9886 0.0000 
0.0097 0.0308 0.9513 0.0081 
0.0795 0.0666 0.4627 0.3912 
0.2857 0.5487 0.1347 0.0308 
0.8506 0.0032 0.0130 0.1331 
0.2240 0.3052 0.2776 0.1932 
0.2110 0.2159 0.3036 0.2695 
0.2825 0.1916 0.2744 0.2516 

MOTIF filter19 
letter-probability matrix: alength= 4 w= 18 nsites= 18 
0.2491 0.2601 0.2527 0.2381 
0.2637 0.2051 0.2821 0.2491 
0.2747 0.2784 0.2088 0.2381 
0.5128 0.0000 0.1319 0.3553 
0.6630 0.0000 0.0147 0.3223 
0.4359 0.0000 0.0256 0.5385 
0.3223 0.1282 0.1282 0.4212 
0.0037 0.0000 0.0000 0.9963 
0.0000 0.0000 1.0000 0.0000 
0.0073 0.9927 0.0000 0.0000 
0.0000 0.0000 0.0000 1.0000 
0.0000 0.0000 1.0000 0.0000 
1.0000 0.0000 0.0000 0.0000 
0.0403 0.5238 0.3077 0.1282 
0.1612 0.1392 0.0403 0.6593 
0.1685 0.4103 0.1099 0.3114 
0.4945 0.0916 0.1355 0.2784 
0.1465 0.0440 0.5201 0.2894 

MOTIF filter20 
letter-probability matrix: alength= 4 w= 12 nsites= 12 
0.4198 0.1604 0.3278 0.0920 
0.0142 0.0401 0.0000 0.9458 
0.0000 0.0000 0.1061 0.8939 
0.1038 0.0000 0.7995 0.0967 
0.0566 0.8325 0.0024 0.1085 
0.0448 0.0118 0.9080 0.0354 
0.0236 0.5991 0.0000 0.3774 
0.9741 0.0000 0.0259 0.0000 
0.9717 0.0024 0.0000 0.0259 
0.0401 0.2382 0.1392 0.5825 
0.2453 0.2406 0.2594 0.2547 
0.3396 0.2311 0.3514 0.0778 

MOTIF filter21 
letter-probability matrix: alength= 4 w= 16 nsites= 16 
0.2770 0.2449 0.2653 0.2128 
0.2741 0.3120 0.2420 0.1720 
0.1050 0.1603 0.5248 0.2099 
0.0000 0.8863 0.0000 0.1137 
0.0000 0.8192 0.0000 0.1808 
0.0000 1.0000 0.0000 0.0000 
0.0000 1.0000 0.0000 0.0000 
0.1020 0.0000 0.5977 0.3003 
0.0000 1.0000 0.0000 0.0000 
0.0000 1.0000 0.0000 0.0000 
0.0000 0.7930 0.0000 0.2070 
0.0962 0.8309 0.0000 0.0729 
0.0525 0.6181 0.0496 0.2799 
0.2682 0.2303 0.2595 0.2420 
0.2741 0.2303 0.2536 0.2420 
0.2420 0.2945 0.2391 0.2245 

MOTIF filter22 
letter-probability matrix: alength= 4 w= 15 nsites= 15 
0.2767 0.2522 0.2353 0.2357 
0.2969 0.0495 0.1601 0.4936 
0.5941 0.3242 0.0028 0.0788 
0.0957 0.0068 0.7820 0.1154 
0.1331 0.2820 0.5056 0.0792 
0.0318 0.1798 0.2405 0.5479 
0.0471 0.1673 0.2442 0.5414 
0.1275 0.1082 0.6577 0.1066 
0.0607 0.0805 0.6665 0.1923 
0.0821 0.3049 0.5177 0.0953 
0.0977 0.3278 0.2023 0.3721 
0.5784 0.3914 0.0129 0.0173 
0.1098 0.3053 0.2377 0.3471 
0.2659 0.5265 0.0153 0.1923 
0.1516 0.1207 0.5965 0.1311 

MOTIF filter23 
letter-probability matrix: alength= 4 w= 13 nsites= 13 
0.2395 0.2286 0.2732 0.2587 
0.2684 0.1480 0.3670 0.2166 
0.3634 0.2286 0.3959 0.0120 
0.0000 0.0000 0.0000 1.0000 
0.0000 0.0000 1.0000 0.0000 
1.0000 0.0000 0.0000 0.0000 
0.0060 0.4753 0.5174 0.0012 
0.0000 0.0000 0.0000 1.0000 
0.0120 0.9880 0.0000 0.0000 
1.0000 0.0000 0.0000 0.0000 
0.0060 0.3165 0.2659 0.4116 
0.2130 0.3767 0.1865 0.2238 
0.2828 0.1588 0.3069 0.2515 

MOTIF filter24 
letter-probability matrix: alength= 4 w= 15 nsites= 15 
0.4201 0.0632 0.1524 0.3643 
0.6357 0.0074 0.0520 0.3048 
0.4572 0.0000 0.0223 0.5204 
0.2528 0.1933 0.1301 0.4238 
0.0000 0.0000 0.0000 1.0000 
0.0000 0.0000 1.0000 0.0000 
0.0446 0.9554 0.0000 0.0000 
0.0000 0.0000 0.0000 1.0000 
0.0000 0.0000 0.9851 0.0149 
1.0000 0.0000 0.0000 0.0000 
0.0260 0.5242 0.2342 0.2156 
0.2156 0.0558 0.0074 0.7212 
0.1822 0.3643 0.1301 0.3234 
0.5539 0.0335 0.2082 0.2045 
0.1561 0.0409 0.5316 0.2714 

MOTIF filter25 
letter-probability matrix: alength= 4 w= 20 nsites= 20 
0.2710 0.2196 0.2384 0.2710 
0.0665 0.0715 0.5044 0.3576 
0.5031 0.0878 0.1242 0.2848 
0.1832 0.4981 0.0025 0.3162 
0.5182 0.0163 0.4429 0.0226 
0.2158 0.3977 0.1405 0.2459 
0.0527 0.4203 0.1079 0.4191 
0.2911 0.1355 0.1619 0.4115 
0.1769 0.1066 0.2346 0.4818 
0.4617 0.0489 0.0063 0.4831 
0.1995 0.1656 0.0502 0.5847 
0.6198 0.1368 0.0000 0.2434 
0.1305 0.0000 0.1443 0.7252 
0.6524 0.2008 0.0828 0.0640 
0.4479 0.0514 0.0652 0.4354 
0.5646 0.3074 0.0100 0.1179 
0.1945 0.0903 0.7001 0.0151 
0.5609 0.2409 0.1970 0.0013 
0.1230 0.3501 0.2008 0.3262 
0.0038 0.2221 0.5922 0.1819 

MOTIF filter26 
letter-probability matrix: alength= 4 w= 14 nsites= 14 
0.2281 0.2613 0.2523 0.2583 
0.5257 0.1027 0.3716 0.0000 
0.0000 0.0000 0.0015 0.9985 
0.0000 0.0000 0.0196 0.9804 
0.3233 0.0000 0.6133 0.0634 
0.0000 0.9335 0.0000 0.0665 
0.0544 0.0000 0.9456 0.0000 
0.0498 0.7402 0.0000 0.2100 
0.9758 0.0242 0.0000 0.0000 
1.0000 0.0000 0.0000 0.0000 
0.0060 0.3686 0.0861 0.5393 
0.2734 0.2417 0.2825 0.2024 
0.2221 0.2160 0.2689 0.2931 
0.2508 0.2236 0.2931 0.2326 

MOTIF filter27 
letter-probability matrix: alength= 4 w= 19 nsites= 19 
0.3274 0.2242 0.1973 0.2511 
0.3184 0.2646 0.2287 0.1883 
0.2422 0.2691 0.1659 0.3229 
0.2691 0.5919 0.0359 0.1031 
0.2377 0.1749 0.0807 0.5067 
0.3094 0.1076 0.3004 0.2825 
0.7534 0.0179 0.0673 0.1614 
0.1390 0.2825 0.5740 0.0045 
0.0000 0.0000 0.0000 1.0000 
0.0090 0.9910 0.0000 0.0000 
1.0000 0.0000 0.0000 0.0000 
0.0000 0.0000 1.0000 0.0000 
0.0000 1.0000 0.0000 0.0000 
1.0000 0.0000 0.0000 0.0000 
0.4574 0.1704 0.1031 0.2691 
0.3991 0.0179 0.0000 0.5830 
0.4215 0.0493 0.0000 0.5291 
0.3184 0.1166 0.0224 0.5426 
0.3004 0.2197 0.2870 0.1928 

MOTIF filter28 
letter-probability matrix: alength= 4 w= 14 nsites= 14 
0.2153 0.2301 0.2743 0.2802 
0.2183 0.3009 0.2891 0.1917 
0.3127 0.2448 0.2006 0.2419 
0.1504 0.6932 0.1121 0.0442 
0.9794 0.0000 0.0206 0.0000 
0.9853 0.0000 0.0147 0.0000 
0.4425 0.0590 0.4661 0.0324 
1.0000 0.0000 0.0000 0.0000 
0.0000 0.0000 0.0000 1.0000 
0.0000 0.0000 1.0000 0.0000 
0.0000 0.0000 1.0000 0.0000 
0.0442 0.9027 0.0000 0.0531 
0.1357 0.1770 0.4307 0.2566 
0.0914 0.0914 0.7847 0.0324 

MOTIF filter29 
letter-probability matrix: alength= 4 w= 18 nsites= 18 
0.2912 0.2175 0.2421 0.2491 
0.2947 0.2316 0.2316 0.2421 
0.2281 0.3018 0.2561 0.2140 
0.2386 0.5930 0.0175 0.1509 
0.2561 0.1895 0.0246 0.5298 
0.3123 0.1193 0.3368 0.2316 
0.5404 0.0561 0.1544 0.2491 
0.1263 0.3088 0.5474 0.0175 
0.0000 0.0000 0.0000 1.0000 
0.0070 0.9930 0.0000 0.0000 
1.0000 0.0000 0.0000 0.0000 
0.0000 0.0000 0.9439 0.0561 
0.0000 1.0000 0.0000 0.0000 
0.9860 0.0000 0.0000 0.0140 
0.4596 0.1719 0.1088 0.2596 
0.4175 0.0491 0.0105 0.5228 
0.3860 0.0456 0.0070 0.5614 
0.3754 0.0561 0.0316 0.5368 

MOTIF filter30 
letter-probability matrix: alength= 4 w= 14 nsites= 14 
0.2733 0.2702 0.2298 0.2267 
0.2174 0.2981 0.2547 0.2298 
0.0155 0.8261 0.0683 0.0901 
0.0000 0.2143 0.0093 0.7764 
0.0000 0.2236 0.7640 0.0124 
0.9969 0.0000 0.0000 0.0031 
0.0000 0.0000 0.0000 1.0000 
0.0000 0.0000 0.0000 1.0000 
0.0000 0.0000 1.0000 0.0000 
0.0000 0.0000 1.0000 0.0000 
0.0714 0.4286 0.0062 0.4938 
0.0155 0.4876 0.1304 0.3665 
0.1739 0.4596 0.3168 0.0497 
0.5124 0.1335 0.2981 0.0559 

MOTIF filter31 
letter-probability matrix: alength= 4 w= 18 nsites= 18 
0.0355 0.1021 0.6450 0.2175 
0.4320 0.3994 0.0488 0.1198 
0.0000 1.0000 0.0000 0.0000 
0.0000 1.0000 0.0000 0.0000 
0.8462 0.0015 0.0030 0.1494 
0.0000 0.0000 0.0000 1.0000 
0.9985 0.0000 0.0015 0.0000 
0.0000 0.0000 0.0000 1.0000 
0.9970 0.0000 0.0000 0.0030 
0.1435 0.0000 0.0000 0.8565 
0.0000 0.0015 0.9985 0.0000 
0.0000 0.0000 1.0000 0.0000 
0.1021 0.0503 0.4275 0.4201 
0.2367 0.6834 0.0769 0.0030 
0.7500 0.0237 0.0562 0.1701 
0.1893 0.2825 0.2604 0.2678 
0.2278 0.2618 0.2411 0.2692 
0.2500 0.2234 0.2766 0.2500 

MOTIF filter32 
letter-probability matrix: alength= 4 w= 20 nsites= 20 
0.2828 0.2386 0.2312 0.2474 
0.1237 0.0633 0.0191 0.7938 
0.0133 0.0265 0.7747 0.1856 
0.4183 0.3962 0.0869 0.0987 
0.0029 0.9912 0.0059 0.0000 
0.0000 1.0000 0.0000 0.0000 
0.8247 0.0029 0.0029 0.1694 
0.0280 0.0000 0.0000 0.9720 
0.9971 0.0015 0.0015 0.0000 
0.0000 0.0000 0.0015 0.9985 
0.9956 0.0000 0.0000 0.0044 
0.1296 0.0029 0.0015 0.8660 
0.0015 0.0015 0.9971 0.0000 
0.0015 0.0015 0.9971 0.0000 
0.0928 0.0633 0.3594 0.4845 
0.2047 0.6819 0.0825 0.0309 
0.7452 0.0221 0.0648 0.1679 
0.2445 0.2784 0.2327 0.2445 
0.2297 0.2577 0.2224 0.2901 
0.2459 0.2533 0.2725 0.2283 

MOTIF filter33 
letter-probability matrix: alength= 4 w= 13 nsites= 13 
0.2306 0.2427 0.2299 0.2968 
0.2137 0.1704 0.3996 0.2164 
0.3847 0.2441 0.3374 0.0338 
0.0000 0.0020 0.0000 0.9980 
0.0000 0.0061 0.9270 0.0669 
0.9716 0.0041 0.0223 0.0020 
0.0325 0.4584 0.4801 0.0291 
0.0095 0.0338 0.0014 0.9554 
0.0581 0.9256 0.0007 0.0156 
0.9919 0.0000 0.0081 0.0000 
0.0284 0.2941 0.2928 0.3847 
0.1947 0.3867 0.1954 0.2231 
0.2792 0.2211 0.2529 0.2468 

MOTIF filter34 
letter-probability matrix: alength= 4 w= 15 nsites= 15 
0.2943 0.2895 0.1651 0.2512 
0.2488 0.2703 0.2990 0.1818 
0.2608 0.0096 0.5431 0.1866 
0.3421 0.0048 0.6435 0.0096 
0.0000 0.0000 0.0000 1.0000 
0.0000 0.0000 1.0000 0.0000 
1.0000 0.0000 0.0000 0.0000 
0.0120 0.5120 0.4761 0.0000 
0.0000 0.0000 0.0000 1.0000 
0.0072 0.9928 0.0000 0.0000 
1.0000 0.0000 0.0000 0.0000 
0.0000 0.1483 0.3301 0.5215 
0.2895 0.2727 0.3445 0.0933 
0.1746 0.2416 0.2919 0.2919 
0.2943 0.2081 0.2847 0.2129 

MOTIF filter35 
letter-probability matrix: alength= 4 w= 17 nsites= 17 
0.2529 0.2261 0.2337 0.2874 
0.3027 0.2184 0.2874 0.1916 
0.2759 0.2107 0.2529 0.2605 
0.2644 0.0268 0.6513 0.0575 
0.0766 0.0000 0.8774 0.0460 
0.1762 0.0000 0.8238 0.0000 
0.0000 0.0000 1.0000 0.0000 
0.0000 0.0000 1.0000 0.0000 
0.3027 0.6054 0.0000 0.0920 
0.0000 0.0000 1.0000 0.0000 
0.0000 0.0000 1.0000 0.0000 
0.1609 0.0000 0.8391 0.0000 
0.1264 0.0383 0.8352 0.0000 
0.1533 0.6322 0.1533 0.0613 
0.3027 0.1494 0.2759 0.2720 
0.2490 0.3027 0.2261 0.2222 
0.2874 0.2184 0.2759 0.2184 

MOTIF filter36 
letter-probability matrix: alength= 4 w= 15 nsites= 15 
0.5000 0.0558 0.2482 0.1960 
0.5252 0.1124 0.0845 0.2779 
0.5656 0.1529 0.1700 0.1115 
0.4802 0.4532 0.0306 0.0360 
0.2032 0.1070 0.6214 0.0683 
0.0009 0.2122 0.5576 0.2293 
0.0629 0.7635 0.0800 0.0935 
0.5297 0.1619 0.1097 0.1987 
0.0612 0.3921 0.0432 0.5036 
0.4550 0.0000 0.4119 0.1331 
0.2248 0.0090 0.1403 0.6259 
0.0764 0.0773 0.4353 0.4110 
0.4514 0.1745 0.3687 0.0054 
0.5665 0.1844 0.0450 0.2041 
0.1295 0.1124 0.0594 0.6987 

MOTIF filter37 
letter-probability matrix: alength= 4 w= 18 nsites= 18 
0.2706 0.2706 0.2549 0.2039 
0.2157 0.3569 0.2118 0.2157 
0.2392 0.2235 0.2588 0.2784 
0.1569 0.0235 0.6431 0.1765 
0.0667 0.7333 0.0824 0.1176 
0.2235 0.3216 0.2627 0.1922 
0.0196 0.0118 0.8745 0.0941 
0.0000 0.9961 0.0000 0.0039 
0.0000 1.0000 0.0000 0.0000 
1.0000 0.0000 0.0000 0.0000 
0.0000 0.0000 0.0000 1.0000 
0.0157 0.4745 0.1451 0.3647 
0.0275 0.0353 0.0000 0.9373 
0.0000 0.0078 0.0000 0.9922 
0.0392 0.0275 0.8824 0.0510 
0.2549 0.2353 0.2745 0.2353 
0.1725 0.3412 0.2627 0.2235 
0.2431 0.2118 0.3333 0.2118 

MOTIF filter38 
letter-probability matrix: alength= 4 w= 15 nsites= 15 
0.2714 0.2250 0.2429 0.2607 
0.1964 0.3000 0.3107 0.1929 
0.2500 0.2143 0.2000 0.3357 
0.1607 0.6929 0.1036 0.0429 
0.9929 0.0000 0.0071 0.0000 
0.9750 0.0000 0.0250 0.0000 
0.4250 0.1179 0.4500 0.0071 
1.0000 0.0000 0.0000 0.0000 
0.0000 0.0000 0.0000 1.0000 
0.0000 0.0000 1.0000 0.0000 
0.0000 0.0000 1.0000 0.0000 
0.0929 0.8679 0.0000 0.0393 
0.0714 0.2179 0.4321 0.2786 
0.0643 0.0786 0.7643 0.0929 
0.0643 0.9107 0.0000 0.0250 

MOTIF filter39 
letter-probability matrix: alength= 4 w= 20 nsites= 20 
0.2330 0.2634 0.2455 0.2581 
0.3208 0.0520 0.5753 0.0520 
0.2706 0.2563 0.0753 0.3978 
0.1201 0.2007 0.0108 0.6685 
0.1685 0.6004 0.0609 0.1703 
0.1326 0.1935 0.5878 0.0860 
0.4642 0.2527 0.0108 0.2724 
0.2168 0.0591 0.5054 0.2186 
0.4946 0.1434 0.0591 0.3029 
0.0323 0.6953 0.0376 0.2348 
0.1344 0.4068 0.3495 0.1093 
0.1720 0.3423 0.2186 0.2670 
0.8154 0.0932 0.0914 0.0000 
0.0090 0.4785 0.0215 0.4910 
0.1774 0.2724 0.3208 0.2294 
0.1147 0.2007 0.2384 0.4462 
0.5233 0.1237 0.1470 0.2061 
0.1792 0.0305 0.7545 0.0358 
0.1720 0.6201 0.1254 0.0824 
0.8154 0.0878 0.0968 0.0000 

MOTIF filter40 
letter-probability matrix: alength= 4 w= 19 nsites= 19 
0.1405 0.3429 0.0997 0.4169 
0.4486 0.3625 0.0166 0.1722 
0.1511 0.2447 0.5740 0.0302 
0.0468 0.5544 0.3822 0.0166 
0.1360 0.6314 0.0015 0.2311 
0.4305 0.3837 0.1707 0.0151 
0.4441 0.0076 0.1375 0.4109 
0.0347 0.1193 0.7779 0.0680 
0.0060 0.2795 0.2870 0.4275 
0.3731 0.1858 0.3807 0.0604 
0.0574 0.2251 0.6314 0.0861 
0.3505 0.4199 0.0604 0.1692 
0.0045 0.4441 0.3746 0.1767 
0.1375 0.3384 0.2281 0.2961 
0.1360 0.4789 0.0166 0.3686 
0.5015 0.2069 0.0030 0.2885 
0.5831 0.1858 0.0015 0.2296 
0.0211 0.2039 0.0211 0.7538 
0.2236 0.0091 0.2583 0.5091 

MOTIF filter41 
letter-probability matrix: alength= 4 w= 15 nsites= 15 
0.2321 0.2658 0.2574 0.2447 
0.1477 0.1477 0.3966 0.3080 
0.0084 0.5063 0.2785 0.2068 
0.0169 0.7975 0.0633 0.1224 
0.7679 0.0000 0.2194 0.0127 
0.0000 0.9451 0.0211 0.0338 
0.0000 0.0000 0.0000 1.0000 
0.0000 0.0000 0.0000 1.0000 
0.0000 1.0000 0.0000 0.0000 
0.0000 1.0000 0.0000 0.0000 
0.0000 0.0000 1.0000 0.0000 
0.0000 0.1941 0.8059 0.0000 
0.2363 0.2278 0.3038 0.2321 
0.2658 0.2321 0.2700 0.2321 
0.2827 0.1730 0.2405 0.3038 

MOTIF filter42 
letter-probability matrix: alength= 4 w= 15 nsites= 15 
0.2198 0.2672 0.2457 0.2672 
0.1336 0.1810 0.4095 0.2759 
0.0086 0.5000 0.1638 0.3276 
0.0819 0.7026 0.1121 0.1034 
0.7543 0.0086 0.2112 0.0259 
0.0000 0.9741 0.0086 0.0172 
0.0000 0.0000 0.0000 1.0000 
0.0000 0.0000 0.0000 1.0000 
0.0000 1.0000 0.0000 0.0000 
0.0000 1.0000 0.0000 0.0000 
0.0000 0.0000 0.9957 0.0043 
0.0000 0.1207 0.8793 0.0000 
0.3922 0.1595 0.2069 0.2414 
0.3534 0.1810 0.2069 0.2586 
0.2241 0.2586 0.2586 0.2586 

MOTIF filter43 
letter-probability matrix: alength= 4 w= 20 nsites= 20 
0.2176 0.2595 0.2576 0.2653 
0.1183 0.3454 0.2710 0.2653 
0.2901 0.3397 0.2156 0.1546 
0.0935 0.0344 0.0477 0.8244 
0.0134 0.0821 0.7156 0.1889 
0.4943 0.3473 0.0324 0.1260 
0.0019 0.9981 0.0000 0.0000 
0.0000 0.9905 0.0019 0.0076 
0.8683 0.0000 0.0019 0.1298 
0.0038 0.0000 0.0000 0.9962 
0.9962 0.0038 0.0000 0.0000 
0.0000 0.0000 0.0038 0.9962 
1.0000 0.0000 0.0000 0.0000 
0.1527 0.0076 0.0000 0.8397 
0.0038 0.0076 0.9885 0.0000 
0.0000 0.0000 1.0000 0.0000 
0.0840 0.0267 0.3607 0.5286 
0.1489 0.7595 0.0687 0.0229 
0.7805 0.0401 0.0687 0.1107 
0.2042 0.2958 0.2767 0.2233 

MOTIF filter44 
letter-probability matrix: alength= 4 w= 14 nsites= 14 
0.2273 0.2719 0.2623 0.2385 
0.2687 0.2607 0.2329 0.2377 
0.5008 0.1383 0.3339 0.0270 
0.0000 0.0000 0.0000 1.0000 
0.0000 0.0000 0.0684 0.9316 
0.3140 0.0024 0.5795 0.1041 
0.0223 0.8474 0.0254 0.1049 
0.1328 0.0175 0.8291 0.0207 
0.1176 0.6065 0.0000 0.2758 
0.9221 0.0779 0.0000 0.0000 
0.9992 0.0000 0.0008 0.0000 
0.0286 0.3362 0.1574 0.4777 
0.2591 0.2520 0.2695 0.2194 
0.2480 0.2130 0.2528 0.2862 

MOTIF filter45 
letter-probability matrix: alength= 4 w= 19 nsites= 19 
0.1647 0.0950 0.0543 0.6860 
0.0213 0.0329 0.7151 0.2306 
0.4186 0.4593 0.0349 0.0872 
0.0019 0.9981 0.0000 0.0000 
0.0000 0.9942 0.0000 0.0058 
0.8256 0.0000 0.0155 0.1589 
0.0078 0.0019 0.0019 0.9884 
1.0000 0.0000 0.0000 0.0000 
0.0000 0.0039 0.0000 0.9961 
0.9574 0.0000 0.0039 0.0388 
0.0523 0.0116 0.0000 0.9360 
0.0000 0.0058 0.9922 0.0019 
0.0000 0.0019 0.9981 0.0000 
0.0523 0.1124 0.3934 0.4419 
0.1783 0.7035 0.0795 0.0388 
0.8895 0.0019 0.0329 0.0756 
0.3062 0.2190 0.2209 0.2539 
0.2229 0.2500 0.2597 0.2674 
0.2597 0.2636 0.2384 0.2384 

MOTIF filter46 
letter-probability matrix: alength= 4 w= 19 nsites= 19 
0.2767 0.3774 0.0000 0.3459 
0.4214 0.0377 0.2642 0.2767 
0.2390 0.3711 0.1635 0.2264 
0.0503 0.5031 0.3899 0.0566 
0.1384 0.2138 0.4969 0.1509 
0.1447 0.4403 0.1258 0.2893 
0.5283 0.2201 0.2453 0.0063 
0.0566 0.0189 0.3962 0.5283 
0.4654 0.0943 0.4277 0.0126 
0.8679 0.0000 0.1258 0.0063 
0.0126 0.0189 0.9497 0.0189 
0.0629 0.3082 0.0503 0.5786 
0.0126 0.6289 0.3082 0.0503 
0.8553 0.0692 0.0755 0.0000 
0.1006 0.7925 0.0063 0.1006 
0.0377 0.1006 0.0000 0.8616 
0.1887 0.1132 0.1698 0.5283 
0.4340 0.2390 0.1195 0.2075 
0.0566 0.6226 0.1509 0.1698 

MOTIF filter47 
letter-probability matrix: alength= 4 w= 12 nsites= 12 
0.0521 0.0507 0.0452 0.8521 
0.0000 0.0000 0.0000 1.0000 
0.0096 0.9904 0.0000 0.0000 
0.0000 0.8589 0.0000 0.1411 
0.2466 0.2493 0.2178 0.2863 
0.1822 0.0000 0.8164 0.0014 
0.0000 0.0000 0.9904 0.0096 
1.0000 0.0000 0.0000 0.0000 
1.0000 0.0000 0.0000 0.0000 
0.5192 0.1219 0.2068 0.1521 
0.2192 0.3055 0.2521 0.2233 
0.2493 0.2630 0.2301 0.2575 

MOTIF filter48 
letter-probability matrix: alength= 4 w= 19 nsites= 19 
0.2441 0.2723 0.2441 0.2394 
0.6479 0.0000 0.0376 0.3146 
0.6808 0.0282 0.0423 0.2488 
0.5258 0.0000 0.0094 0.4648 
0.2864 0.1972 0.1221 0.3944 
0.0047 0.0000 0.0000 0.9953 
0.0000 0.0047 0.9953 0.0000 
0.0235 0.9765 0.0000 0.0000 
0.0000 0.0000 0.0000 1.0000 
0.0000 0.0000 0.9859 0.0141 
0.9906 0.0000 0.0094 0.0000 
0.0141 0.5211 0.3897 0.0751 
0.1878 0.0657 0.0704 0.6761 
0.1737 0.3803 0.1033 0.3427 
0.5399 0.0094 0.1831 0.2676 
0.1221 0.0282 0.6056 0.2441 
0.1831 0.2864 0.3146 0.2160 
0.2629 0.1549 0.2770 0.3052 
0.2723 0.2441 0.2019 0.2817 

MOTIF filter49 
letter-probability matrix: alength= 4 w= 15 nsites= 15 
0.2753 0.2390 0.2117 0.2740 
0.2584 0.2558 0.2312 0.2545 
0.1416 0.1987 0.1247 0.5351 
0.0000 0.0000 0.0000 1.0000 
0.0000 0.0000 0.0000 1.0000 
0.0338 0.9662 0.0000 0.0000 
0.0000 0.8377 0.0000 0.1623 
0.2364 0.2364 0.2286 0.2987 
0.2091 0.0000 0.7883 0.0026 
0.0000 0.0000 0.9403 0.0597 
1.0000 0.0000 0.0000 0.0000 
1.0000 0.0000 0.0000 0.0000 
0.5325 0.1156 0.2104 0.1416 
0.2325 0.2727 0.2506 0.2442 
0.2727 0.2260 0.2597 0.2416 

MOTIF filter50 
letter-probability matrix: alength= 4 w= 17 nsites= 17 
0.2471 0.2471 0.2548 0.2510 
0.2243 0.2319 0.2776 0.2662 
0.1901 0.2471 0.2928 0.2700 
0.2357 0.0532 0.6692 0.0418 
0.1255 0.0000 0.8251 0.0494 
0.1255 0.0000 0.8745 0.0000 
0.0000 0.0000 1.0000 0.0000 
0.0000 0.0000 1.0000 0.0000 
0.3574 0.4905 0.0000 0.1521 
0.0000 0.0000 1.0000 0.0000 
0.0000 0.0000 1.0000 0.0000 
0.0722 0.0000 0.9278 0.0000 
0.1787 0.0114 0.8099 0.0000 
0.1597 0.6312 0.1825 0.0266 
0.2433 0.2281 0.2814 0.2471 
0.2433 0.3080 0.2243 0.2243 
0.3042 0.2015 0.2357 0.2586 

MOTIF filter51 
letter-probability matrix: alength= 4 w= 15 nsites= 15 
0.2091 0.2091 0.2648 0.3171 
0.2509 0.2369 0.3101 0.2021 
0.2439 0.2787 0.2369 0.2404 
0.0000 0.8571 0.1429 0.0000 
0.0174 0.9826 0.0000 0.0000 
0.0000 0.0000 1.0000 0.0000 
0.0000 0.0000 1.0000 0.0000 
1.0000 0.0000 0.0000 0.0000 
1.0000 0.0000 0.0000 0.0000 
0.0523 0.0000 0.9477 0.0000 
0.0174 0.2648 0.0105 0.7073 
0.1498 0.0767 0.7456 0.0279 
0.2962 0.2753 0.3972 0.0314 
0.2230 0.3345 0.2509 0.1916 
0.2265 0.1986 0.2787 0.2962 

MOTIF filter52 
letter-probability matrix: alength= 4 w= 18 nsites= 18 
0.2593 0.2778 0.2176 0.2454 
0.2917 0.2685 0.2685 0.1713 
0.1759 0.2870 0.2593 0.2778 
0.0880 0.0093 0.7824 0.1204 
0.0602 0.7731 0.1250 0.0417 
0.2731 0.4259 0.2454 0.0556 
0.0463 0.0000 0.8981 0.0556 
0.0000 1.0000 0.0000 0.0000 
0.0000 1.0000 0.0000 0.0000 
1.0000 0.0000 0.0000 0.0000 
0.0000 0.0000 0.0000 1.0000 
0.0093 0.5093 0.1204 0.3611 
0.0000 0.0185 0.0046 0.9769 
0.0000 0.0139 0.0000 0.9861 
0.0370 0.1204 0.7500 0.0926 
0.2685 0.2407 0.2454 0.2454 
0.2176 0.2685 0.2176 0.2963 
0.2083 0.3426 0.1806 0.2685 

MOTIF filter53 
letter-probability matrix: alength= 4 w= 12 nsites= 12 
0.3144 0.1572 0.3537 0.1747 
0.3013 0.1528 0.2358 0.3100 
0.1572 0.3581 0.3275 0.1572 
0.6026 0.3493 0.0044 0.0437 
0.0000 0.0000 0.0000 1.0000 
0.0000 0.0000 0.9520 0.0480 
1.0000 0.0000 0.0000 0.0000 
0.0000 0.5066 0.4672 0.0262 
0.0000 0.0000 0.0000 1.0000 
0.0000 0.9825 0.0175 0.0000 
0.9956 0.0000 0.0044 0.0000 
0.0000 0.7642 0.0000 0.2358 

MOTIF filter54 
letter-probability matrix: alength= 4 w= 14 nsites= 14 
0.1198 0.3234 0.3293 0.2275 
0.3832 0.0719 0.5389 0.0060 
0.5299 0.0120 0.3922 0.0659 
0.0000 1.0000 0.0000 0.0000 
0.0000 1.0000 0.0000 0.0000 
1.0000 0.0000 0.0000 0.0000 
1.0000 0.0000 0.0000 0.0000 
0.0000 0.0000 0.0000 1.0000 
0.0210 0.7605 0.2186 0.0000 
0.8892 0.0030 0.1078 0.0000 
0.0808 0.0749 0.8413 0.0030 
0.1826 0.3084 0.2934 0.2156 
0.2874 0.2096 0.2395 0.2635 
0.1737 0.3323 0.1916 0.3024 

MOTIF filter55 
letter-probability matrix: alength= 4 w= 16 nsites= 16 
0.2689 0.2197 0.2348 0.2765 
0.2386 0.2292 0.2348 0.2973 
0.2443 0.1818 0.1364 0.4375 
0.0076 0.0758 0.0758 0.8409 
0.0000 0.0019 0.0000 0.9981 
0.0000 0.3750 0.0114 0.6136 
0.0436 0.9564 0.0000 0.0000 
0.0606 0.5511 0.0000 0.3883 
0.4508 0.0000 0.4621 0.0871 
0.0000 0.0000 1.0000 0.0000 
0.3958 0.0076 0.5928 0.0038 
1.0000 0.0000 0.0000 0.0000 
0.9697 0.0114 0.0152 0.0038 
0.4735 0.1080 0.2083 0.2102 
0.2746 0.2614 0.2121 0.2519 
0.2140 0.2348 0.3295 0.2216 

MOTIF filter56 
letter-probability matrix: alength= 4 w= 20 nsites= 20 
0.2560 0.2248 0.2461 0.2731 
0.0669 0.1337 0.1650 0.6344 
0.2105 0.0000 0.4054 0.3841 
0.1394 0.3300 0.4865 0.0441 
0.0626 0.5548 0.3385 0.0441 
0.2077 0.3101 0.1323 0.3499 
0.4694 0.2518 0.2219 0.0569 
0.0370 0.0199 0.0284 0.9147 
0.2489 0.1650 0.1536 0.4324 
0.4381 0.4139 0.0156 0.1323 
0.6302 0.1479 0.1636 0.0583 
0.2959 0.1394 0.1935 0.3713 
0.5562 0.0057 0.0000 0.4381 
0.1550 0.0469 0.1636 0.6344 
0.0427 0.6188 0.3144 0.0242 
0.1124 0.5448 0.0156 0.3272 
0.0725 0.2703 0.2233 0.4339 
0.0868 0.0384 0.1451 0.7297 
0.2475 0.3642 0.1351 0.2532 
0.3727 0.0014 0.3883 0.2376 

MOTIF filter57 
letter-probability matrix: alength= 4 w= 17 nsites= 17 
0.0942 0.2846 0.5110 0.1102 
0.2846 0.2525 0.4289 0.0341 
0.4489 0.0782 0.2806 0.1924 
0.1824 0.7275 0.0782 0.0120 
0.0200 0.7054 0.1283 0.1463 
0.7796 0.0842 0.0160 0.1202 
0.6172 0.2084 0.0000 0.1743 
0.0020 0.0561 0.0281 0.9138 
0.0641 0.4309 0.4509 0.0541 
0.9038 0.0000 0.0962 0.0000 
0.2064 0.0120 0.3928 0.3888 
0.3246 0.0100 0.1784 0.4870 
0.1082 0.1383 0.5651 0.1884 
0.0421 0.0782 0.8156 0.0641 
0.1202 0.2104 0.1443 0.5251 
0.1463 0.3387 0.2866 0.2285 
0.1242 0.2605 0.2685 0.3467 

MOTIF filter58 
letter-probability matrix: alength= 4 w= 20 nsites= 20 
0.2726 0.2403 0.2377 0.2494 
0.1434 0.0749 0.0297 0.7519 
0.0233 0.0827 0.7028 0.1912 
0.4083 0.3992 0.0672 0.1253 
0.0000 1.0000 0.0000 0.0000 
0.0000 0.9897 0.0013 0.0090 
0.8669 0.0000 0.0013 0.1318 
0.0168 0.0000 0.0000 0.9832 
1.0000 0.0000 0.0000 0.0000 
0.0000 0.0000 0.0000 1.0000 
0.9922 0.0000 0.0000 0.0078 
0.1615 0.0026 0.0000 0.8359 
0.0013 0.0039 0.9948 0.0000 
0.0000 0.0000 0.9974 0.0026 
0.1098 0.0724 0.4018 0.4160 
0.2287 0.6641 0.0762 0.0310 
0.7442 0.0220 0.0568 0.1770 
0.2455 0.2778 0.2235 0.2532 
0.2196 0.2674 0.2687 0.2442 
0.2326 0.2326 0.2817 0.2532 

MOTIF filter59 
letter-probability matrix: alength= 4 w= 13 nsites= 13 
0.0816 0.4031 0.2398 0.2755 
0.0765 0.6990 0.1480 0.0765 
0.7041 0.0000 0.2806 0.0153 
0.0000 0.9796 0.0000 0.0204 
0.0000 0.0000 0.0000 1.0000 
0.0000 0.0000 0.0000 1.0000 
0.0000 1.0000 0.0000 0.0000 
0.0000 1.0000 0.0000 0.0000 
0.0000 0.0000 0.9592 0.0408 
0.0000 0.0561 0.9286 0.0153 
0.2449 0.1837 0.1429 0.4286 
0.1327 0.3112 0.2347 0.3214 
0.2143 0.2653 0.2704 0.2500 

MOTIF filter60 
letter-probability matrix: alength= 4 w= 18 nsites= 18 
0.2978 0.4533 0.0844 0.1644 
0.2400 0.2000 0.0444 0.5156 
0.2711 0.2000 0.3689 0.1600 
0.7689 0.0267 0.0444 0.1600 
0.1378 0.3156 0.4800 0.0667 
0.0000 0.0000 0.0000 1.0000 
0.0133 0.9867 0.0000 0.0000 
1.0000 0.0000 0.0000 0.0000 
0.0000 0.0000 0.9956 0.0044 
0.0000 1.0000 0.0000 0.0000 
0.9911 0.0000 0.0000 0.0089 
0.4400 0.0711 0.1778 0.3111 
0.4756 0.0489 0.0133 0.4622 
0.3778 0.0533 0.0178 0.5511 
0.2089 0.1067 0.0311 0.6533 
0.2356 0.2222 0.2178 0.3244 
0.2889 0.3111 0.1644 0.2356 
0.2711 0.2756 0.2533 0.2000 

MOTIF filter61 
letter-probability matrix: alength= 4 w= 20 nsites= 20 
0.0000 1.0000 0.0000 0.0000 
1.0000 0.0000 0.0000 0.0000 
0.0000 0.0000 0.0000 1.0000 
0.0000 0.0000 1.0000 0.0000 
0.0000 0.0000 0.0000 1.0000 
0.0000 0.0000 0.0000 1.0000 
0.0000 1.0000 0.0000 0.0000 
1.0000 0.0000 0.0000 0.0000 
0.0000 1.0000 0.0000 0.0000 
0.0000 0.0000 1.0000 0.0000 
0.0000 1.0000 0.0000 0.0000 
0.0000 0.0000 1.0000 0.0000 
0.0000 0.0000 1.0000 0.0000 
1.0000 0.0000 0.0000 0.0000 
0.0000 1.0000 0.0000 0.0000 
0.0000 1.0000 0.0000 0.0000 
0.0000 0.0000 1.0000 0.0000 
0.0000 0.0000 0.0000 1.0000 
1.0000 0.0000 0.0000 0.0000 
0.0000 0.0000 1.0000 0.0000 

MOTIF filter62 
letter-probability matrix: alength= 4 w= 20 nsites= 20 
0.2256 0.2187 0.2975 0.2581 
0.0522 0.3754 0.4946 0.0778 
0.1251 0.2798 0.5931 0.0020 
0.1695 0.1596 0.2887 0.3823 
0.1695 0.4778 0.3527 0.0000 
0.1685 0.3704 0.1803 0.2808 
0.0177 0.4877 0.4246 0.0700 
0.3734 0.3478 0.1103 0.1685 
0.1626 0.4296 0.0246 0.3833 
0.5044 0.1695 0.0010 0.3251 
0.2778 0.6374 0.0000 0.0847 
0.3300 0.0916 0.4493 0.1291 
0.0296 0.0039 0.2749 0.6916 
0.0256 0.1182 0.2877 0.5685 
0.2167 0.6355 0.0286 0.1192 
0.1133 0.7488 0.0177 0.1202 
0.1399 0.1399 0.1714 0.5488 
0.2305 0.3970 0.2473 0.1251 
0.2315 0.6680 0.0828 0.0177 
0.1635 0.3576 0.2059 0.2729 

MOTIF filter63 
letter-probability matrix: alength= 4 w= 14 nsites= 14 
0.2042 0.2372 0.2432 0.3153 
0.2312 0.3093 0.2342 0.2252 
0.2763 0.2222 0.2222 0.2793 
0.1532 0.6637 0.1261 0.0571 
1.0000 0.0000 0.0000 0.0000 
0.9790 0.0030 0.0120 0.0060 
0.4685 0.0330 0.4835 0.0150 
1.0000 0.0000 0.0000 0.0000 
0.0000 0.0000 0.0000 1.0000 
0.0000 0.0000 1.0000 0.0000 
0.0000 0.0000 1.0000 0.0000 
0.0090 0.9099 0.0000 0.0811 
0.1381 0.1982 0.4054 0.2583 
0.0961 0.0811 0.7447 0.0781 

