<!DOCTYPE HTML>
<html>
  <head>
    <meta charset="UTF-8">
    <title>Tomtom Results</title>
    <script>
      // @JSON_VAR data
      var data = {
        "program": "Tomtom",
        "version": "5.3.3",
        "release": "Sun Feb 7 15:39:52 2021 -0800",
        "cmd": [
          "tomtom", "-evalue", "-thresh", "0.1", "-o",
          "results/heads/model-01/trial-2",
          "motifs/heads/model-01/trial-2.txt", "./motif_database.txt"
        ],
        "options": {
          "strands": "both",
          "distance_measure": "ed",
          "threshold_type": "evalue",
          "threshold_value": 0.1,
          "background_source": "--query--"
        },
        "alphabet": {
          "name": "DNA",
          "like": "dna",
          "ncore": 4,
          "symbols": [
            {
              "symbol": "A",
              "name": "Adenine",
              "colour": "CC0000",
              "complement": "T"
            }, {
              "symbol": "C",
              "name": "Cytosine",
              "colour": "0000CC",
              "complement": "G"
            }, {
              "symbol": "G",
              "name": "Guanine",
              "colour": "FFB300",
              "complement": "C"
            }, {
              "symbol": "T",
              "aliases": "U",
              "name": "Thymine",
              "colour": "008000",
              "complement": "A"
            }, {
              "symbol": "N",
              "aliases": "X.",
              "name": "Any base",
              "equals": "ACGT"
            }, {
              "symbol": "V",
              "name": "Not T",
              "equals": "ACG"
            }, {
              "symbol": "H",
              "name": "Not G",
              "equals": "ACT"
            }, {
              "symbol": "D",
              "name": "Not C",
              "equals": "AGT"
            }, {
              "symbol": "B",
              "name": "Not A",
              "equals": "CGT"
            }, {
              "symbol": "M",
              "name": "Amino",
              "equals": "AC"
            }, {
              "symbol": "R",
              "name": "Purine",
              "equals": "AG"
            }, {
              "symbol": "W",
              "name": "Weak",
              "equals": "AT"
            }, {
              "symbol": "S",
              "name": "Strong",
              "equals": "CG"
            }, {
              "symbol": "Y",
              "name": "Pyrimidine",
              "equals": "CT"
            }, {
              "symbol": "K",
              "name": "Keto",
              "equals": "GT"
            }
          ]
        },
        "background": [0.25, 0.25, 0.25, 0.25],
        "query_dbs": [
          {
            "source": "motifs/heads/model-01/trial-2.txt",
            "name": "trial-2.txt",
            "loaded": 32,
            "excluded": 0,
            "last_modified": "Tue Mar 30 15:33:19 2021"
          }
        ],
        "target_dbs": [
          {
            "source": "./motif_database.txt",
            "name": "motif_database.txt",
            "loaded": 1964,
            "excluded": 0,
            "last_modified": "Mon Mar 29 09:53:08 2021"
          }
        ],
        "queries": [
          {
            "db": 0,
            "id": "filter0",
            "len": 15,
            "nsites": 15,
            "evalue": "1.0e+000",
            "pwm": [
              [0.240464, 0.245629, 0.236689, 0.277219], 
              [0.278907, 0.232417, 0.230232, 0.258444], 
              [0.148661, 0.267854, 0.171308, 0.412177], 
              [0.084106, 0.0324503, 0.0631457, 0.820298], 
              [0.0413907, 0.0525166, 0.0892715, 0.816821], 
              [0.169139, 0.766457, 0.0404967, 0.0239073], 
              [0.0478477, 0.639106, 0.0499338, 0.263113], 
              [0.254595, 0.287479, 0.24009, 0.217836], 
              [0.229338, 0.00682119, 0.742119, 0.0217219], 
              [0.00890728, 0.0174503, 0.859636, 0.114007], 
              [0.923212, 0.0533113, 0.0110927, 0.0123841], 
              [0.986392, 0.00682068, 0.00294689, 0.00384084], 
              [0.428056, 0.140941, 0.298606, 0.132397], 
              [0.227649, 0.252483, 0.221689, 0.298179], 
              [0.25755, 0.230629, 0.276424, 0.235397]
            ]
          }, {
            "db": 0,
            "id": "filter1",
            "len": 20,
            "nsites": 20,
            "evalue": "1.0e+000",
            "pwm": [
              [0.00124378, 0.00124378, 0.00124378, 0.996269], 
              [0.996269, 0.00124378, 0.00124378, 0.00124378], 
              [0.00124378, 0.996269, 0.00124378, 0.00124378], 
              [0.00124378, 0.00124378, 0.996269, 0.00124378], 
              [0.00124378, 0.00124378, 0.00124378, 0.996269], 
              [0.00124378, 0.00124378, 0.00124378, 0.996269], 
              [0.996269, 0.00124378, 0.00124378, 0.00124378], 
              [0.00124378, 0.00124378, 0.996269, 0.00124378], 
              [0.00124378, 0.00124378, 0.00124378, 0.996269], 
              [0.00124378, 0.996269, 0.00124378, 0.00124378], 
              [0.996269, 0.00124378, 0.00124378, 0.00124378], 
              [0.00124378, 0.00124378, 0.00124378, 0.996269], 
              [0.996269, 0.00124378, 0.00124378, 0.00124378], 
              [0.00124378, 0.00124378, 0.996269, 0.00124378], 
              [0.996269, 0.00124378, 0.00124378, 0.00124378], 
              [0.00124378, 0.00124378, 0.996269, 0.00124378], 
              [0.00124378, 0.996269, 0.00124378, 0.00124378], 
              [0.00124378, 0.00124378, 0.00124378, 0.996269], 
              [0.996269, 0.00124378, 0.00124378, 0.00124378], 
              [0.00124378, 0.00124378, 0.996269, 0.00124378]
            ]
          }, {
            "db": 0,
            "id": "filter10",
            "len": 13,
            "nsites": 13,
            "evalue": "1.0e+000",
            "pwm": [
              [0.120099, 0.424855, 0.268855, 0.186191], 
              [0.122878, 0.573611, 0.187977, 0.115534], 
              [0.526473, 0.0854656, 0.234221, 0.15384], 
              [0.027313, 0.613802, 0.0817939, 0.277092], 
              [0.379603, 0.201374, 0.158008, 0.261015], 
              [0.117321, 0.0652214, 0.101641, 0.715817], 
              [0.295153, 0.618863, 0.0804046, 0.00558015], 
              [0.0429924, 0.778634, 0.0144122, 0.163962], 
              [0.0222499, 0.00240453, 0.970659, 0.00468675], 
              [0.00240458, 0.018084, 0.960534, 0.0189771], 
              [0.329786, 0.0753435, 0.146893, 0.447977], 
              [0.418446, 0.25588, 0.144625, 0.181048], 
              [0.234618, 0.128931, 0.490947, 0.145504]
            ]
          }, {
            "db": 0,
            "id": "filter11",
            "len": 13,
            "nsites": 13,
            "evalue": "1.0e+000",
            "pwm": [
              [0.255855, 0.243847, 0.249206, 0.251092], 
              [0.256649, 0.158206, 0.284634, 0.300511], 
              [0.261015, 0.003, 0.461473, 0.274511], 
              [0.150153, 0.748887, 0.0933954, 0.00756432], 
              [0.342985, 0.100649, 0.11613, 0.440237], 
              [0.0102434, 0.0168916, 0.0632305, 0.909634], 
              [0.512382, 0.0229466, 0.204252, 0.26042], 
              [0.153756, 0.581806, 0.149587, 0.114851], 
              [0.0541121, 0.681152, 0.192065, 0.0726712], 
              [0.0228473, 0.577084, 0.135679, 0.264389], 
              [0.460878, 0.155527, 0.208321, 0.175275], 
              [0.305374, 0.198496, 0.367893, 0.128237], 
              [0.30716, 0.339511, 0.175473, 0.177855]
            ]
          }, {
            "db": 0,
            "id": "filter12",
            "len": 14,
            "nsites": 14,
            "evalue": "1.0e+000",
            "pwm": [
              [0.192728, 0.131559, 0.335523, 0.34019], 
              [0.261319, 0.189929, 0.171461, 0.377291], 
              [0.218702, 0.13064, 0.248387, 0.402272], 
              [0.117645, 0.575674, 0.0240142, 0.282667], 
              [0.0648227, 0.754596, 0.0360284, 0.144553], 
              [0.00266676, 0.923383, 0.00266676, 0.0712835], 
              [0.0778222, 0.336449, 0.570057, 0.0156724], 
              [0.0137872, 0.16034, 0.823206, 0.00266667], 
              [0.196482, 0.00177305, 0.780511, 0.021234], 
              [0.630383, 0.0165674, 0.255759, 0.0972908], 
              [0.576567, 0.00365957, 0.389305, 0.0304681], 
              [0.312355, 0.166794, 0.0462553, 0.474596], 
              [0.166794, 0.262312, 0.502397, 0.0684965], 
              [0.262312, 0.240965, 0.00177305, 0.49495]
            ]
          }, {
            "db": 0,
            "id": "filter13",
            "len": 11,
            "nsites": 11,
            "evalue": "1.0e+000",
            "pwm": [
              [0.151892, 0.159027, 0.397261, 0.29182], 
              [0.103521, 0.247102, 0.483132, 0.166245], 
              [0.228793, 0.514198, 0.0761802, 0.180829], 
              [0.109962, 0.633748, 0.184973, 0.0713174], 
              [0.521432, 0.0208829, 0.00710811, 0.450577], 
              [0.0116667, 0.887009, 0.0676577, 0.0336667], 
              [0.502703, 0.00225225, 0.154568, 0.340477], 
              [0.0404054, 0.431153, 0.526189, 0.00225225], 
              [0.143355, 0.147715, 0.348965, 0.359964], 
              [0.336976, 0.129978, 0.275045, 0.258001], 
              [0.268558, 0.232185, 0.166971, 0.332285]
            ]
          }, {
            "db": 0,
            "id": "filter14",
            "len": 10,
            "nsites": 10,
            "evalue": "1.0e+000",
            "pwm": [
              [0.253366, 0.223465, 0.255347, 0.267822], 
              [0.217921, 0.302673, 0.233465, 0.245941], 
              [0.132673, 0.230693, 0.284752, 0.351881], 
              [0.0553465, 0.448119, 0.494059, 0.00247525], 
              [0.148995, 0.0168302, 0.673794, 0.16038], 
              [0.715319, 0.279236, 0.00297035, 0.00247525], 
              [0.00287125, 0.514899, 0.479754, 0.00247525], 
              [0.00247525, 0.393802, 0.353996, 0.249728], 
              [0.165545, 0.270792, 0.221386, 0.342277], 
              [0.0458416, 0.418713, 0.301881, 0.233564]
            ]
          }, {
            "db": 0,
            "id": "filter15",
            "len": 11,
            "nsites": 11,
            "evalue": "1.0e+000",
            "pwm": [
              [0.287162, 0.356928, 0.197676, 0.158234], 
              [0.235432, 0.379919, 0.282207, 0.102441], 
              [0.0260384, 0.460433, 0.130301, 0.383227], 
              [0.0819279, 0.00472973, 0.91109, 0.00225225], 
              [0.00225225, 0.12791, 0.00304505, 0.866793], 
              [0.81427, 0.0934234, 0.0892613, 0.00304505], 
              [0.00225225, 0.925955, 0.00225225, 0.0695405], 
              [0.237094, 0.00393677, 0.756717, 0.00225225], 
              [0.0802432, 0.186973, 0.238703, 0.494081], 
              [0.0646847, 0.192721, 0.553144, 0.18945], 
              [0.103234, 0.365946, 0.275667, 0.255153]
            ]
          }, {
            "db": 0,
            "id": "filter16",
            "len": 16,
            "nsites": 16,
            "evalue": "1.0e+000",
            "pwm": [
              [0.259043, 0.233602, 0.259043, 0.248311], 
              [0.24672, 0.213925, 0.273752, 0.265602], 
              [0.135217, 0.0524348, 0.375416, 0.436932], 
              [0.0679379, 0.782174, 0.0565093, 0.0933789], 
              [0.00324207, 0.00562692, 0.0130796, 0.978051], 
              [0.797776, 0.00731677, 0.192559, 0.00234783], 
              [0.38287, 0.00890683, 0.185205, 0.423019], 
              [0.338547, 0.25, 0.0491553, 0.362298], 
              [0.485329, 0.0589938, 0.0212298, 0.434447], 
              [0.375416, 0.472211, 0.0015528, 0.15082], 
              [0.0015528, 0.159764, 0.0048323, 0.833851], 
              [0.983019, 0.00890683, 0.00652174, 0.0015528], 
              [0.127863, 0.0573043, 0.757528, 0.0573043], 
              [0.423814, 0.400857, 0.0893043, 0.0860248], 
              [0.270472, 0.232807, 0.251689, 0.245031], 
              [0.277031, 0.222969, 0.27872, 0.22128]
            ]
          }, {
            "db": 0,
            "id": "filter17",
            "len": 20,
            "nsites": 20,
            "evalue": "1.0e+000",
            "pwm": [
              [0.25, 0.25, 0.25, 0.25], [0.25, 0.25, 0.25, 0.25], 
              [0.25, 0.25, 0.25, 0.25], [0.25, 0.25, 0.25, 0.25], 
              [0.25, 0.25, 0.25, 0.25], [0.25, 0.25, 0.25, 0.25], 
              [0.25, 0.25, 0.25, 0.25], [0.25, 0.25, 0.25, 0.25], 
              [0.25, 0.25, 0.25, 0.25], [0.25, 0.25, 0.25, 0.25], 
              [0.25, 0.25, 0.25, 0.25], [0.25, 0.25, 0.25, 0.25], 
              [0.25, 0.25, 0.25, 0.25], [0.25, 0.25, 0.25, 0.25], 
              [0.25, 0.25, 0.25, 0.25], [0.25, 0.25, 0.25, 0.25], 
              [0.25, 0.25, 0.25, 0.25], [0.25, 0.25, 0.25, 0.25], 
              [0.25, 0.25, 0.25, 0.25], [0.25, 0.25, 0.25, 0.25]
            ]
          }, {
            "db": 0,
            "id": "filter18",
            "len": 15,
            "nsites": 15,
            "evalue": "1.0e+000",
            "pwm": [
              [0.330166, 0.232815, 0.195861, 0.241159], 
              [0.129516, 0.29334, 0.17005, 0.407094], 
              [0.169851, 0.219525, 0.460543, 0.150081], 
              [0.504155, 0.0659207, 0.38814, 0.0417841], 
              [0.168642, 0.21702, 0.336424, 0.277914], 
              [0.0141709, 0.120352, 0.00731731, 0.858159], 
              [0.00791328, 0.786246, 0.0931365, 0.112704], 
              [0.688377, 0.00165563, 0.308311, 0.00165563], 
              [0.269245, 0.310168, 0.334503, 0.0860843], 
              [0.00225172, 0.440176, 0.00225172, 0.55532], 
              [0.355695, 0.158808, 0.46904, 0.016457], 
              [0.686223, 0.036619, 0.115386, 0.161772], 
              [0.27963, 0.178594, 0.201643, 0.340133], 
              [0.246995, 0.157799, 0.181936, 0.41327], 
              [0.211258, 0.267781, 0.12702, 0.39394]
            ]
          }, {
            "db": 0,
            "id": "filter19",
            "len": 9,
            "nsites": 9,
            "evalue": "1.0e+000",
            "pwm": [
              [0.144473, 0.30489, 0.197681, 0.352956], 
              [0.263945, 0.00274725, 0.469857, 0.263451], 
              [0.163379, 0.401754, 0.405216, 0.029651], 
              [0.368582, 0.00274725, 0.608418, 0.0202527], 
              [0.00482418, 0.784758, 0.0212418, 0.189176], 
              [0.0799813, 0.772813, 0.0156031, 0.131602], 
              [0.237835, 0.473813, 0.0221319, 0.26622], 
              [0.207967, 0.426143, 0.050022, 0.315868], 
              [0.200431, 0.368051, 0.151282, 0.280236]
            ]
          }, {
            "db": 0,
            "id": "filter2",
            "len": 14,
            "nsites": 14,
            "evalue": "1.0e+000",
            "pwm": [
              [0.191816, 0.250397, 0.332511, 0.225277], 
              [0.308849, 0.248089, 0.305473, 0.137589], 
              [0.327976, 0.121828, 0.336416, 0.21378], 
              [0.0743546, 0.81695, 0.0835887, 0.0251064], 
              [0.00177305, 0.87434, 0.00207092, 0.121816], 
              [0.385929, 0.192113, 0.349589, 0.0723688], 
              [0.755688, 0.0155745, 0.188738, 0.04], 
              [0.0402979, 0.271149, 0.0498298, 0.638723], 
              [0.0459574, 0.537447, 0.202837, 0.213759], 
              [0.158668, 0.00455347, 0.835005, 0.00177305], 
              [0.0386099, 0.099078, 0.811092, 0.0512199], 
              [0.295644, 0.274795, 0.176706, 0.252854], 
              [0.187943, 0.317518, 0.216043, 0.278496], 
              [0.219418, 0.322383, 0.234312, 0.223887]
            ]
          }, {
            "db": 0,
            "id": "filter20",
            "len": 14,
            "nsites": 14,
            "evalue": "1.0e+000",
            "pwm": [
              [0.244241, 0.252284, 0.24295, 0.260525], 
              [0.0948985, 0.171643, 0.475938, 0.257521], 
              [0.0808085, 0.505277, 0.201447, 0.212468], 
              [0.00574508, 0.79032, 0.0250094, 0.178926], 
              [0.00226945, 0.775667, 0.00882199, 0.213241], 
              [0.372326, 0.540525, 0.0190496, 0.0680993], 
              [0.129858, 0.0745532, 0.129163, 0.666426], 
              [0.195966, 0.634291, 0.0150767, 0.154666], 
              [0.0215319, 0.706936, 0.00326241, 0.26827], 
              [0.292794, 0.397149, 0.00177305, 0.308284], 
              [0.125589, 0.399631, 0.00832624, 0.466454], 
              [0.211177, 0.431206, 0.112383, 0.245234], 
              [0.165702, 0.169475, 0.32427, 0.340553], 
              [0.266482, 0.196979, 0.113674, 0.422865]
            ]
          }, {
            "db": 0,
            "id": "filter21",
            "len": 12,
            "nsites": 12,
            "evalue": "1.0e+000",
            "pwm": [
              [0.233537, 0.219752, 0.322893, 0.223818], 
              [0.13724, 0.270231, 0.26557, 0.326959], 
              [0.149849, 0.546385, 0.194581, 0.109184], 
              [0.646531, 0.0290386, 0.277642, 0.0467889], 
              [0.00950413, 0.710165, 0.278264, 0.00206612], 
              [0.00266116, 0.00206612, 0.00206612, 0.993207], 
              [0.483851, 0.00206612, 0.00206612, 0.512017], 
              [0.00206612, 0.993802, 0.00206612, 0.00206612], 
              [0.0771405, 0.706198, 0.134959, 0.0817025], 
              [0.0800165, 0.155587, 0.574397, 0.19], 
              [0.215785, 0.329736, 0.348678, 0.105802], 
              [0.160149, 0.408876, 0.237008, 0.193967]
            ]
          }, {
            "db": 0,
            "id": "filter22",
            "len": 12,
            "nsites": 12,
            "evalue": "1.0e+000",
            "pwm": [
              [0.332413, 0.275587, 0.243653, 0.148347], 
              [0.151322, 0.291058, 0.234331, 0.323289], 
              [0.130496, 0.326264, 0.301967, 0.241273], 
              [0.00652893, 0.277769, 0.702033, 0.0136694], 
              [0.363653, 0.00206612, 0.562496, 0.0717851], 
              [0.136248, 0.0432231, 0.605537, 0.214992], 
              [0.523917, 0.00206612, 0.00216529, 0.471851], 
              [0.550099, 0.132579, 0.00206612, 0.315256], 
              [0.00206612, 0.760248, 0.235223, 0.00246281], 
              [0.317835, 0.38319, 0.00464463, 0.294331], 
              [0.218683, 0.269762, 0.35387, 0.157685], 
              [0.210033, 0.28719, 0.245041, 0.257736]
            ]
          }, {
            "db": 0,
            "id": "filter23",
            "len": 14,
            "nsites": 14,
            "evalue": "1.0e+000",
            "pwm": [
              [0.235603, 0.269957, 0.265887, 0.228553], 
              [0.250794, 0.267872, 0.247716, 0.233617], 
              [0.487603, 0.140879, 0.352567, 0.0189504], 
              [0.00177305, 0.00177305, 0.00177305, 0.994681], 
              [0.00177305, 0.00177305, 0.0592624, 0.937191], 
              [0.302128, 0.00177305, 0.616681, 0.0794184], 
              [0.00683739, 0.891905, 0.00375906, 0.0974989], 
              [0.0995647, 0.00276586, 0.88577, 0.0118997], 
              [0.0884539, 0.662057, 0.00177305, 0.247716], 
              [0.936199, 0.0602553, 0.00177305, 0.00177305], 
              [0.994681, 0.00177305, 0.00177305, 0.00177305], 
              [0.0128936, 0.347504, 0.146936, 0.492667], 
              [0.266879, 0.253773, 0.272936, 0.206411], 
              [0.24372, 0.221482, 0.257818, 0.27698]
            ]
          }, {
            "db": 0,
            "id": "filter24",
            "len": 12,
            "nsites": 12,
            "evalue": "1.0e+000",
            "pwm": [
              [0.117306, 0.472545, 0.203884, 0.206264], 
              [0.107686, 0.438331, 0.286397, 0.167587], 
              [0.140909, 0.270132, 0.528479, 0.0604793], 
              [0.0581983, 0.466198, 0.471256, 0.00434711], 
              [0.0241818, 0.233636, 0.706595, 0.0355868], 
              [0.00256198, 0.509934, 0.447355, 0.0401488], 
              [0.0251736, 0.884612, 0.0772397, 0.0129752], 
              [0.00236364, 0.428909, 0.48395, 0.0847769], 
              [0.0263636, 0.347686, 0.583025, 0.0429256], 
              [0.274027, 0.210351, 0.431729, 0.0838925], 
              [0.306033, 0.185835, 0.393901, 0.114231], 
              [0.114331, 0.306926, 0.433669, 0.145074]
            ]
          }, {
            "db": 0,
            "id": "filter25",
            "len": 15,
            "nsites": 15,
            "evalue": "1.0e+000",
            "pwm": [
              [0.0766481, 0.314042, 0.0578752, 0.551435], 
              [0.0766556, 0.470232, 0.207781, 0.245331], 
              [0.232791, 0.139125, 0.551435, 0.0766481], 
              [0.239073, 0.0953311, 0.651424, 0.0141722], 
              [0.00165563, 0.688874, 0.00165563, 0.307815], 
              [0.00165563, 0.463974, 0.532715, 0.00165563], 
              [0.995033, 0.00165563, 0.00165563, 0.00165563], 
              [0.495265, 0.0578808, 0.00165563, 0.445199], 
              [0.00165563, 0.00165563, 0.00165563, 0.995033], 
              [0.00165563, 0.445199, 0.55149, 0.00165563], 
              [0.332748, 0.00165563, 0.66394, 0.00165563], 
              [0.0266862, 0.4827, 0.0578752, 0.432738], 
              [0.0516225, 0.320331, 0.339007, 0.28904], 
              [0.301556, 0.357781, 0.232815, 0.107848], 
              [0.426481, 0.12661, 0.376519, 0.0703905]
            ]
          }, {
            "db": 0,
            "id": "filter26",
            "len": 17,
            "nsites": 17,
            "evalue": "1.0e+000",
            "pwm": [
              [0.128428, 0.0990975, 0.519865, 0.25261], 
              [0.30776, 0.412345, 0.0844737, 0.195421], 
              [0.0349649, 0.535819, 0.117977, 0.31124], 
              [0.231708, 0.704725, 0.00494152, 0.0586257], 
              [0.316807, 0.0028538, 0.0028538, 0.677485], 
              [0.284, 0.00146199, 0.00146199, 0.713076], 
              [0.632152, 0.00146199, 0.00215789, 0.364228], 
              [0.381725, 0.00215789, 0.00354971, 0.612567], 
              [0.869357, 0.00146199, 0.00633333, 0.122848], 
              [0.600737, 0.00494152, 0.00215789, 0.392164], 
              [0.048883, 0.00424561, 0.507982, 0.438889], 
              [0.456332, 0.0502797, 0.48775, 0.00563784], 
              [0.146608, 0.0509708, 0.626585, 0.175836], 
              [0.279825, 0.592386, 0.0712515, 0.056538], 
              [0.510019, 0.12214, 0.145898, 0.221943], 
              [0.224749, 0.255368, 0.291655, 0.228228], 
              [0.207947, 0.327942, 0.261731, 0.20238]
            ]
          }, {
            "db": 0,
            "id": "filter27",
            "len": 13,
            "nsites": 13,
            "evalue": "1.0e+000",
            "pwm": [
              [0.240946, 0.204926, 0.231221, 0.322907], 
              [0.53729, 0.0536107, 0.25387, 0.155229], 
              [0.136361, 0.110165, 0.148665, 0.60481], 
              [0.106713, 0.00210689, 0.618329, 0.272852], 
              [0.746903, 0.0019084, 0.24293, 0.00825891], 
              [0.223802, 0.193634, 0.139947, 0.442618], 
              [0.027313, 0.258237, 0.0135191, 0.700931], 
              [0.464252, 0.191847, 0.052916, 0.290985], 
              [0.575752, 0.148595, 0.237123, 0.0385304], 
              [0.142342, 0.270073, 0.00726771, 0.580317], 
              [0.348542, 0.332565, 0.0620458, 0.256847], 
              [0.150168, 0.36174, 0.322641, 0.16545], 
              [0.16684, 0.455321, 0.186092, 0.191748]
            ]
          }, {
            "db": 0,
            "id": "filter28",
            "len": 13,
            "nsites": 13,
            "evalue": "1.0e+000",
            "pwm": [
              [0.250372, 0.250868, 0.257814, 0.240946], 
              [0.29294, 0.202346, 0.255333, 0.24938], 
              [0.452795, 0.0019084, 0.33402, 0.211277], 
              [0.16674, 0.408282, 0.0019084, 0.423069], 
              [0.544886, 0.0019084, 0.348874, 0.104331], 
              [0.0019084, 0.0019084, 0.994275, 0.0019084], 
              [0.0019084, 0.0153053, 0.0019084, 0.980878], 
              [0.181527, 0.517145, 0.287015, 0.014313], 
              [0.00885496, 0.778931, 0.00240458, 0.209809], 
              [0.178649, 0.0295954, 0.666595, 0.12516], 
              [0.224099, 0.368687, 0.271137, 0.136076], 
              [0.283542, 0.271137, 0.283046, 0.162275], 
              [0.251389, 0.274115, 0.262702, 0.211794]
            ]
          }, {
            "db": 0,
            "id": "filter29",
            "len": 18,
            "nsites": 18,
            "evalue": "1.0e+000",
            "pwm": [
              [0.190431, 0.0748729, 0.517017, 0.21768], 
              [0.168354, 0.471867, 0.227127, 0.132652], 
              [0.312223, 0.267078, 0.247091, 0.173607], 
              [0.141006, 0.0349945, 0.686077, 0.137923], 
              [0.123204, 0.674541, 0.175713, 0.0265414], 
              [0.513834, 0.435072, 0.0476243, 0.00346961], 
              [0.901291, 0.0202744, 0.0549781, 0.0234564], 
              [0.156802, 0.195682, 0.230287, 0.417229], 
              [0.215591, 0.443525, 0.204055, 0.136829], 
              [0.00138122, 0.406729, 0.00138122, 0.590508], 
              [0.00138122, 0.0108287, 0.64411, 0.34368], 
              [0.0223646, 0.0549834, 0.897105, 0.025547], 
              [0.258678, 0.634627, 0.0223667, 0.0843287], 
              [0.375204, 0.132652, 0.256564, 0.23558], 
              [0.101127, 0.116939, 0.67663, 0.105304], 
              [0.144188, 0.457149, 0.0654254, 0.333238], 
              [0.201987, 0.21979, 0.38469, 0.193533], 
              [0.209326, 0.307978, 0.31116, 0.171536]
            ]
          }, {
            "db": 0,
            "id": "filter3",
            "len": 13,
            "nsites": 13,
            "evalue": "1.0e+000",
            "pwm": [
              [0.243947, 0.239382, 0.259725, 0.256947], 
              [0.226458, 0.170991, 0.387206, 0.215345], 
              [0.399252, 0.238489, 0.353901, 0.00835878], 
              [0.0019084, 0.0019084, 0.0019084, 0.994275], 
              [0.0019084, 0.0019084, 0.980382, 0.0158015], 
              [0.994275, 0.0019084, 0.0019084, 0.0019084], 
              [0.00280153, 0.497198, 0.497198, 0.00280153], 
              [0.0019084, 0.0019084, 0.00280153, 0.993382], 
              [0.00280153, 0.993382, 0.0019084, 0.0019084], 
              [0.917565, 0.0721679, 0.0019084, 0.00835878], 
              [0.00280153, 0.328099, 0.289298, 0.379802], 
              [0.211674, 0.354858, 0.204232, 0.229237], 
              [0.254168, 0.224595, 0.266176, 0.255061]
            ]
          }, {
            "db": 0,
            "id": "filter30",
            "len": 16,
            "nsites": 16,
            "evalue": "1.0e+000",
            "pwm": [
              [0.248932, 0.253205, 0.252311, 0.245552], 
              [0.282894, 0.36995, 0.228335, 0.11882], 
              [0.113056, 0.0292795, 0.576658, 0.281006], 
              [0.0413004, 0.784779, 0.0163588, 0.157562], 
              [0.0785714, 0.263317, 0.0881118, 0.57], 
              [0.775792, 0.0015528, 0.219711, 0.00294424], 
              [0.214919, 0.0273913, 0.107292, 0.650398], 
              [0.23887, 0.063764, 0.0302733, 0.667093], 
              [0.0336522, 0.423118, 0.0809565, 0.462273], 
              [0.139391, 0.202497, 0.257553, 0.400559], 
              [0.0187453, 0.27713, 0.343217, 0.360907], 
              [0.632708, 0.282398, 0.0326584, 0.052236], 
              [0.272333, 0.0647514, 0.598661, 0.0642546], 
              [0.620683, 0.161851, 0.0853292, 0.132137], 
              [0.405826, 0.204882, 0.0724099, 0.316882], 
              [0.282426, 0.124497, 0.0862321, 0.506846]
            ]
          }, {
            "db": 0,
            "id": "filter31",
            "len": 11,
            "nsites": 11,
            "evalue": "1.0e+000",
            "pwm": [
              [0.277027, 0.284954, 0.25384, 0.18418], 
              [0.0842072, 0.0676577, 0.314018, 0.534117], 
              [0.167748, 0.295586, 0.458306, 0.0783604], 
              [0.884333, 0.00225225, 0.111162, 0.00225225], 
              [0.299976, 0.440512, 0.25726, 0.00225225], 
              [0.280297, 0.19835, 0.072011, 0.449343], 
              [0.00225225, 0.357954, 0.422474, 0.217319], 
              [0.00225225, 0.275171, 0.00235135, 0.720225], 
              [0.271604, 0.275369, 0.265162, 0.187865], 
              [0.220369, 0.253171, 0.21373, 0.31273], 
              [0.21918, 0.310748, 0.158829, 0.311243]
            ]
          }, {
            "db": 0,
            "id": "filter4",
            "len": 15,
            "nsites": 15,
            "evalue": "1.0e+000",
            "pwm": [
              [0.219404, 0.316656, 0.229437, 0.234503], 
              [0.329636, 0.146575, 0.388736, 0.135053], 
              [0.261152, 0.138656, 0.429149, 0.171043], 
              [0.0622456, 0.706585, 0.0845944, 0.146575], 
              [0.0138742, 0.917152, 0.0370199, 0.0319536], 
              [0.810464, 0.00741722, 0.00165563, 0.180464], 
              [0.379399, 0.0651261, 0.242426, 0.313048], 
              [0.450066, 0.126325, 0.16745, 0.256159], 
              [0.175397, 0.14798, 0.0895695, 0.587053], 
              [0.0953311, 0.00165563, 0.00165563, 0.901358], 
              [0.0283775, 0.0924503, 0.834305, 0.0448675], 
              [0.0809351, 0.0384143, 0.807663, 0.0729873], 
              [0.069404, 0.467351, 0.156623, 0.306623], 
              [0.040596, 0.442815, 0.16894, 0.347649], 
              [0.176788, 0.289338, 0.385894, 0.14798]
            ]
          }, {
            "db": 0,
            "id": "filter5",
            "len": 14,
            "nsites": 14,
            "evalue": "1.0e+000",
            "pwm": [
              [0.25484, 0.257918, 0.24243, 0.244813], 
              [0.202936, 0.410752, 0.233418, 0.152894], 
              [0.484774, 0.0889416, 0.347668, 0.0786164], 
              [0.0746525, 0.0784255, 0.0994752, 0.747447], 
              [0.0866752, 0.00534788, 0.881379, 0.0265982], 
              [0.472558, 0.0250094, 0.176443, 0.32599], 
              [0.0111054, 0.300112, 0.647893, 0.0408897], 
              [0.250695, 0.0608511, 0.372624, 0.31583], 
              [0.040695, 0.892709, 0.00296454, 0.0636312], 
              [0.476383, 0.281674, 0.0842837, 0.15766], 
              [0.163021, 0.56366, 0.00435461, 0.268965], 
              [0.330458, 0.218844, 0.228278, 0.222419], 
              [0.206411, 0.355248, 0.174241, 0.264099], 
              [0.159745, 0.277603, 0.379674, 0.182979]
            ]
          }, {
            "db": 0,
            "id": "filter6",
            "len": 12,
            "nsites": 12,
            "evalue": "1.0e+000",
            "pwm": [
              [0.441802, 0.101835, 0.202992, 0.253372], 
              [0.381702, 0.228182, 0.0984628, 0.291653], 
              [0.245661, 0.216104, 0.335719, 0.202516], 
              [0.0291432, 0.00543835, 0.00881059, 0.956608], 
              [0.00355372, 0.551686, 0.442694, 0.00206612], 
              [0.248512, 0.747355, 0.00206612, 0.00206612], 
              [0.00206612, 0.00206612, 0.56914, 0.426727], 
              [0.00206612, 0.270331, 0.724545, 0.00305785], 
              [0.961868, 0.0131736, 0.00305785, 0.0219008], 
              [0.196744, 0.368612, 0.224314, 0.210331], 
              [0.238893, 0.110066, 0.208347, 0.442694], 
              [0.21174, 0.27373, 0.0712962, 0.443234]
            ]
          }, {
            "db": 0,
            "id": "filter7",
            "len": 14,
            "nsites": 14,
            "evalue": "1.0e+000",
            "pwm": [
              [0.144638, 0.124881, 0.375665, 0.354816], 
              [0.398043, 0.250695, 0.289518, 0.0617447], 
              [0.235504, 0.0785248, 0.204624, 0.481348], 
              [0.672812, 0.0324508, 0.27827, 0.0164666], 
              [0.379078, 0.0209362, 0.329433, 0.270553], 
              [0.460496, 0.0107092, 0.331915, 0.196879], 
              [0.127984, 0.0577787, 0.113784, 0.700453], 
              [0.225498, 0.00207095, 0.745635, 0.0267968], 
              [0.0055461, 0.00246809, 0.906809, 0.0851773], 
              [0.3388, 0.185678, 0.415658, 0.059864], 
              [0.101362, 0.124894, 0.711305, 0.0624397], 
              [0.296667, 0.268667, 0.281376, 0.153291], 
              [0.29756, 0.254667, 0.276511, 0.171262], 
              [0.303121, 0.204128, 0.234312, 0.25844]
            ]
          }, {
            "db": 0,
            "id": "filter8",
            "len": 14,
            "nsites": 14,
            "evalue": "1.0e+000",
            "pwm": [
              [0.177103, 0.163005, 0.437517, 0.222375], 
              [0.222397, 0.384936, 0.142965, 0.249702], 
              [0.0178582, 0.432199, 0.380766, 0.169177], 
              [0.519773, 0.0939149, 0.373716, 0.0125957], 
              [0.481943, 0.351277, 0.0908369, 0.0759433], 
              [0.0169645, 0.828567, 0.152695, 0.00177305], 
              [0.613442, 0.108699, 0.190506, 0.0873531], 
              [0.0151773, 0.322681, 0.0886525, 0.573489], 
              [0.00197163, 0.123404, 0.856369, 0.0182553], 
              [0.107121, 0.0231206, 0.566837, 0.302922], 
              [0.0495319, 0.60556, 0.0814043, 0.263504], 
              [0.20522, 0.248113, 0.336383, 0.210284], 
              [0.260624, 0.181291, 0.270156, 0.287929], 
              [0.239102, 0.450513, 0.0948178, 0.215567]
            ]
          }, {
            "db": 0,
            "id": "filter9",
            "len": 14,
            "nsites": 14,
            "evalue": "1.0e+000",
            "pwm": [
              [0.0815115, 0.216858, 0.453591, 0.248039], 
              [0.352567, 0.313943, 0.237191, 0.0962979], 
              [0.245035, 0.473504, 0.239773, 0.0416879], 
              [0.00266667, 0.918823, 0.0598582, 0.0186525], 
              [0.284057, 0.347305, 0.162624, 0.206014], 
              [0.33827, 0.103645, 0.14922, 0.408865], 
              [0.894099, 0.0286809, 0.0754468, 0.00177305], 
              [0.00177305, 0.0937163, 0.0221277, 0.882383], 
              [0.298752, 0.643887, 0.0217305, 0.0356312], 
              [0.421914, 0.0754542, 0.181309, 0.321323], 
              [0.00395745, 0.0277872, 0.966482, 0.00177305], 
              [0.0616454, 0.411546, 0.402809, 0.124], 
              [0.222872, 0.16092, 0.224659, 0.39155], 
              [0.248908, 0.465262, 0.127972, 0.157858]
            ]
          }
        ],
        "targets": [
          {
            "db": 0,
            "id": "MA0001.2",
            "alt": "AGL3",
            "len": 18,
            "nsites": 95,
            "url": "http://jaspar.genereg.net/matrix/MA0001.2",
            "pwm": [
              [0.231598, 0.305205, 0.357782, 0.105415], 
              [0.168507, 0.0949003, 0.305205, 0.431388], 
              [0.263144, 0.0843853, 0.0423236, 0.610147], 
              [0.284175, 0.168507, 0.136961, 0.410357], 
              [0.000262881, 0.967666, 0.000262881, 0.0318087], 
              [0.000262881, 0.830967, 0.000262881, 0.168507], 
              [0.862513, 0.0107778, 0.0212937, 0.105415], 
              [0.420873, 0.0423236, 0.0318087, 0.504995], 
              [0.589117, 0.000262881, 0.0107778, 0.399842], 
              [0.368296, 0.000262881, 0.000262881, 0.631178], 
              [0.683754, 0.0107778, 0.0423236, 0.263144], 
              [0.263144, 0.0423236, 0.0318087, 0.662724], 
              [0.673238, 0.000262881, 0.29469, 0.0318087], 
              [0.000262881, 0.000262881, 0.967666, 0.0318087], 
              [0.347266, 0.147476, 0.157992, 0.347266], 
              [0.547055, 0.0528395, 0.0738694, 0.326236], 
              [0.473449, 0.242113, 0.136961, 0.147476], 
              [0.221083, 0.252629, 0.273659, 0.252629]
            ]
          }, {
            "db": 0,
            "id": "MA0025.2",
            "alt": "NFIL3",
            "len": 13,
            "nsites": 22996,
            "url": "http://jaspar.genereg.net/matrix/MA0025.2",
            "pwm": [
              [0.276918, 0.169769, 0.244173, 0.309141], 
              [0.393154, 0.169421, 0.315751, 0.121674], 
              [0.0378339, 0.029615, 0.022527, 0.910025], 
              [0.020352, 0.00904605, 0.0745358, 0.896066], 
              [0.92855, 0.00956805, 0.0430519, 0.01883], 
              [0.028658, 0.0657078, 0.021396, 0.884238], 
              [0.0634898, 0.020309, 0.889673, 0.026527], 
              [0.0590548, 0.522003, 0.019744, 0.399199], 
              [0.950075, 0.023614, 0.00743705, 0.018874], 
              [0.952815, 0.010916, 0.015656, 0.020613], 
              [0.0953647, 0.215646, 0.117456, 0.571533], 
              [0.33358, 0.244825, 0.180553, 0.241042], 
              [0.291007, 0.214342, 0.194903, 0.299748]
            ]
          }, {
            "db": 0,
            "id": "MA0039.1",
            "alt": "Klf4",
            "len": 10,
            "nsites": 49,
            "url": "http://jaspar.genereg.net/matrix/MA0039.1",
            "pwm": [
              [0.367108, 0.183808, 0.041242, 0.407841], 
              [0.672607, 0.000509165, 0.265275, 0.0616085], 
              [0.611507, 0.0616085, 0.306008, 0.0208756], 
              [0.468941, 0.0208756, 0.387474, 0.122709], 
              [0.265275, 0.122709, 0.591141, 0.0208756], 
              [0.407841, 0.0819759, 0.468941, 0.041242], 
              [0.733707, 0.0819759, 0.102342, 0.0819759], 
              [0.65224, 0.041242, 0.265275, 0.041242], 
              [0.265275, 0.0208756, 0.672607, 0.041242], 
              [0.041242, 0.0208756, 0.937373, 0.000509165]
            ]
          }, {
            "db": 0,
            "id": "MA0043.1",
            "alt": "HLF",
            "len": 12,
            "nsites": 18,
            "url": "http://jaspar.genereg.net/matrix/MA0043.1",
            "pwm": [
              [0.0566303, 0.222375, 0.44337, 0.277625], 
              [0.332873, 0.00138122, 0.664365, 0.00138122], 
              [0.0566303, 0.00138122, 0.00138122, 0.940607], 
              [0.00138122, 0.00138122, 0.167127, 0.83011], 
              [0.719613, 0.0566303, 0.111878, 0.111878], 
              [0.00138122, 0.83011, 0.0566303, 0.111878], 
              [0.332873, 0.00138122, 0.664365, 0.00138122], 
              [0.00138122, 0.498619, 0.00138122, 0.498619], 
              [0.719613, 0.222375, 0.0566303, 0.00138122], 
              [0.83011, 0.00138122, 0.0566303, 0.111878], 
              [0.111878, 0.167127, 0.0566303, 0.664365], 
              [0.277625, 0.277625, 0.167127, 0.277625]
            ]
          }, {
            "db": 0,
            "id": "MA0043.2",
            "alt": "HLF",
            "len": 12,
            "nsites": 2138,
            "url": "http://jaspar.genereg.net/matrix/MA0043.2",
            "pwm": [
              [0.200657, 0.343775, 0.177271, 0.278296], 
              [0.387123, 0.239892, 0.333217, 0.0397668], 
              [0.00327354, 0.000477671, 1.16926e-05, 0.996237], 
              [0.00248058, 0.015649, 0.102065, 0.879806], 
              [0.865909, 1.16926e-05, 0.125563, 0.00851629], 
              [0.00504846, 0.717909, 0.0117641, 0.265278], 
              [0.439271, 0.0237486, 0.53422, 0.00276056], 
              [0.0184198, 0.236194, 0.00279056, 0.742596], 
              [0.879806, 0.116055, 0.00165762, 0.00248058], 
              [0.994384, 1.16926e-05, 0.00233758, 0.00326754], 
              [0.0499114, 0.486826, 0.110027, 0.353237], 
              [0.301214, 0.344711, 0.168386, 0.185691]
            ]
          }, {
            "db": 0,
            "id": "MA0043.3",
            "alt": "HLF",
            "len": 14,
            "nsites": 24424,
            "url": "http://jaspar.genereg.net/matrix/MA0043.3",
            "pwm": [
              [0.278824, 0.207296, 0.230347, 0.283533], 
              [0.25348, 0.164142, 0.25782, 0.324558], 
              [0.359851, 0.181461, 0.400957, 0.0577308], 
