<!DOCTYPE HTML>
<html>
  <head>
    <meta charset="UTF-8">
    <title>Tomtom Results</title>
    <script>
      // @JSON_VAR data
      var data = {
        "program": "Tomtom",
        "version": "5.3.3",
        "release": "Sun Feb 7 15:39:52 2021 -0800",
        "cmd": [
          "tomtom", "-evalue", "-thresh", "0.1", "-o",
          "results/filters/model-256/trial-5",
          "motifs/filters/model-256/trial-5.txt", "./motif_database.txt"
        ],
        "options": {
          "strands": "both",
          "distance_measure": "ed",
          "threshold_type": "evalue",
          "threshold_value": 0.1,
          "background_source": "--query--"
        },
        "alphabet": {
          "name": "DNA",
          "like": "dna",
          "ncore": 4,
          "symbols": [
            {
              "symbol": "A",
              "name": "Adenine",
              "colour": "CC0000",
              "complement": "T"
            }, {
              "symbol": "C",
              "name": "Cytosine",
              "colour": "0000CC",
              "complement": "G"
            }, {
              "symbol": "G",
              "name": "Guanine",
              "colour": "FFB300",
              "complement": "C"
            }, {
              "symbol": "T",
              "aliases": "U",
              "name": "Thymine",
              "colour": "008000",
              "complement": "A"
            }, {
              "symbol": "N",
              "aliases": "X.",
              "name": "Any base",
              "equals": "ACGT"
            }, {
              "symbol": "V",
              "name": "Not T",
              "equals": "ACG"
            }, {
              "symbol": "H",
              "name": "Not G",
              "equals": "ACT"
            }, {
              "symbol": "D",
              "name": "Not C",
              "equals": "AGT"
            }, {
              "symbol": "B",
              "name": "Not A",
              "equals": "CGT"
            }, {
              "symbol": "M",
              "name": "Amino",
              "equals": "AC"
            }, {
              "symbol": "R",
              "name": "Purine",
              "equals": "AG"
            }, {
              "symbol": "W",
              "name": "Weak",
              "equals": "AT"
            }, {
              "symbol": "S",
              "name": "Strong",
              "equals": "CG"
            }, {
              "symbol": "Y",
              "name": "Pyrimidine",
              "equals": "CT"
            }, {
              "symbol": "K",
              "name": "Keto",
              "equals": "GT"
            }
          ]
        },
        "background": [0.25, 0.25, 0.25, 0.25],
        "query_dbs": [
          {
            "source": "motifs/filters/model-256/trial-5.txt",
            "name": "trial-5.txt",
            "loaded": 256,
            "excluded": 0,
            "last_modified": "Tue Mar 30 11:05:05 2021"
          }
        ],
        "target_dbs": [
          {
            "source": "./motif_database.txt",
            "name": "motif_database.txt",
            "loaded": 1964,
            "excluded": 0,
            "last_modified": "Mon Mar 29 09:53:08 2021"
          }
        ],
        "queries": [
          {
            "db": 0,
            "id": "filter0",
            "len": 10,
            "nsites": 10,
            "evalue": "1.0e+000",
            "pwm": [
              [0.145644, 0.168317, 0.226832, 0.459208], 
              [0.0886139, 0.252871, 0.433564, 0.22495], 
              [0.36396, 0.376436, 0.245842, 0.0137624], 
              [0.64251, 0.0800912, 0.0890012, 0.188397], 
              [0.176634, 0.362178, 0.412673, 0.0485149], 
              [0.261214, 0.086345, 0.614319, 0.0381224], 
              [0.0451485, 0.0483168, 0.00772277, 0.898812], 
              [0.145629, 0.380457, 0.372438, 0.101475], 
              [0.0264356, 0.247921, 0.497426, 0.228218], 
              [0.201683, 0.258416, 0.0149505, 0.52495]
            ]
          }, {
            "db": 0,
            "id": "filter1",
            "len": 10,
            "nsites": 10,
            "evalue": "1.0e+000",
            "pwm": [
              [0.20505, 0.314554, 0.106931, 0.373465], 
              [0.175248, 0.45901, 0.147624, 0.218119], 
              [0.101584, 0.514158, 0.0719802, 0.312277], 
              [0.137426, 0.120495, 0.660594, 0.0814851], 
              [0.0173282, 0.582533, 0.395683, 0.00445564], 
              [0.351153, 0.0150482, 0.56628, 0.0675182], 
              [0.331023, 0.0817901, 0.541341, 0.0458459], 
              [0.589901, 0.234653, 0.0946535, 0.0807921], 
              [0.492673, 0.0848515, 0.150495, 0.27198], 
              [0.205446, 0.236436, 0.0168317, 0.541287]
            ]
          }, {
            "db": 0,
            "id": "filter10",
            "len": 13,
            "nsites": 13,
            "evalue": "1.0e+000",
            "pwm": [
              [0.240152, 0.274087, 0.264065, 0.221696], 
              [0.219953, 0.55362, 0.0707855, 0.155641], 
              [0.254962, 0.292374, 0.105015, 0.347649], 
              [0.0730611, 0.0559924, 0.0834809, 0.787466], 
              [0.180435, 0.665405, 0.0145115, 0.139649], 
              [0.198873, 0.312389, 0.298993, 0.189745], 
              [0.347847, 0.434481, 0.129824, 0.0878473], 
              [0.339577, 0.0632305, 0.554304, 0.042889], 
              [0.0315802, 0.405504, 0.212191, 0.350725], 
              [0.743008, 0.224893, 0.00458779, 0.0275115], 
              [0.872015, 0.00508397, 0.118214, 0.00468702], 
              [0.0773282, 0.369084, 0.256649, 0.296939], 
              [0.24345, 0.280763, 0.237198, 0.238588]
            ]
          }, {
            "db": 0,
            "id": "filter100",
            "len": 12,
            "nsites": 12,
            "evalue": "1.0e+000",
            "pwm": [
              [0.221736, 0.252876, 0.280645, 0.244744], 
              [0.127322, 0.131388, 0.484942, 0.256347], 
              [0.367025, 0.016843, 0.340446, 0.275686], 
              [0.297177, 0.682725, 0.0037519, 0.0163457], 
              [0.00682645, 0.819355, 0.115322, 0.0584959], 
              [0.363022, 0.250967, 0.342098, 0.0439132], 
              [0.447013, 0.0289395, 0.28736, 0.236687], 
              [0.00454521, 0.101131, 0.763246, 0.131078], 
              [0.60395, 0.24405, 0.0217025, 0.130298], 
              [0.64114, 0.080314, 0.0332066, 0.245339], 
              [0.201405, 0.251587, 0.503289, 0.043719], 
              [0.180083, 0.165008, 0.450331, 0.204579]
            ]
          }, {
            "db": 0,
            "id": "filter101",
            "len": 16,
            "nsites": 16,
            "evalue": "1.0e+000",
            "pwm": [
              [0.146745, 0.220882, 0.496857, 0.135516], 
              [0.221975, 0.375217, 0.230224, 0.172584], 
              [0.193354, 0.246621, 0.148932, 0.411093], 
              [0.598621, 0.24364, 0.049354, 0.108385], 
              [0.291313, 0.0528272, 0.369516, 0.286344], 
              [0.488858, 0.137092, 0.278395, 0.0956552], 
              [0.376609, 0.0455776, 0.163739, 0.414075], 
              [0.602398, 0.257255, 0.134621, 0.00572671], 
              [0.248609, 0.0972547, 0.34441, 0.309727], 
              [0.092882, 0.250199, 0.605776, 0.0511429], 
              [0.100027, 0.194726, 0.394458, 0.310789], 
              [0.182224, 0.263217, 0.123391, 0.431168], 
              [0.172087, 0.0454783, 0.666298, 0.116137], 
              [0.049354, 0.289255, 0.552807, 0.108584], 
              [0.214004, 0.346164, 0.0152657, 0.424566], 
              [0.159466, 0.569006, 0.235491, 0.0360373]
            ]
          }, {
            "db": 0,
            "id": "filter102",
            "len": 14,
            "nsites": 14,
            "evalue": "1.0e+000",
            "pwm": [
              [0.330922, 0.292, 0.118539, 0.258539], 
              [0.149632, 0.117359, 0.399274, 0.333735], 
              [0.512525, 0.167986, 0.174241, 0.145248], 
              [0.147219, 0.00852415, 0.0708725, 0.773384], 
              [0.299973, 0.477523, 0.18965, 0.0328542], 
              [0.291007, 0.124894, 0.0692908, 0.514809], 
              [0.0641339, 0.298682, 0.382889, 0.254295], 
              [0.0262979, 0.290809, 0.639816, 0.043078], 
              [0.245309, 0.00276586, 0.507311, 0.244614], 
              [0.656199, 0.286043, 0.0309645, 0.0267943], 
              [0.829759, 0.0136879, 0.0529078, 0.103645], 
              [0.1826, 0.23364, 0.376137, 0.207623], 
              [0.206511, 0.25417, 0.0408936, 0.498426], 
              [0.243645, 0.326057, 0.326355, 0.103943]
            ]
          }, {
            "db": 0,
            "id": "filter103",
            "len": 16,
            "nsites": 16,
            "evalue": "1.0e+000",
            "pwm": [
              [0.350671, 0.254373, 0.339043, 0.055913], 
              [0.259441, 0.17964, 0.180137, 0.380783], 
              [0.257752, 0.364981, 0.328311, 0.0489565], 
              [0.705325, 0.0801694, 0.0723176, 0.142188], 
              [0.248708, 0.38595, 0.231317, 0.134025], 
              [0.267789, 0.248311, 0.102124, 0.381776], 
              [0.233106, 0.320957, 0.110969, 0.334969], 
              [0.31685, 0.184491, 0.481306, 0.0173525], 
              [0.0121853, 0.300554, 0.33732, 0.34994], 
              [0.0525342, 0.382273, 0.330994, 0.234199], 
              [0.129851, 0.12836, 0.497155, 0.244634], 
              [0.247814, 0.171292, 0.0283851, 0.552509], 
              [0.0235177, 0.343351, 0.0328603, 0.600271], 
              [0.441304, 0.219391, 0.20041, 0.138894], 
              [0.315292, 0.0663478, 0.369752, 0.248609], 
              [0.105691, 0.339507, 0.0400086, 0.514793]
            ]
          }, {
            "db": 0,
            "id": "filter104",
            "len": 18,
            "nsites": 18,
            "evalue": "1.0e+000",
            "pwm": [
              [0.249304, 0.248807, 0.256265, 0.245624], 
              [0.0838232, 0.632475, 0.233392, 0.0503094], 
              [0.164161, 0.280204, 0.390779, 0.164857], 
              [0.348816, 0.0950514, 0.340861, 0.215271], 
              [0.216188, 0.144188, 0.0458343, 0.59379], 
              [0.209823, 0.167657, 0.0506077, 0.571912], 
              [0.20137, 0.354221, 0.0119227, 0.432486], 
              [0.331249, 0.232099, 0.0456354, 0.391017], 
              [0.107591, 0.302508, 0.303105, 0.286796], 
              [0.43358, 0.249403, 0.248707, 0.0683094], 
              [0.0425525, 0.0436464, 0.578674, 0.335127], 
              [0.16963, 0.06701, 0.43483, 0.328531], 
              [0.484247, 0.134953, 0.206065, 0.174736], 
              [0.396028, 0.465052, 0.0852239, 0.0536958], 
              [0.175315, 0.035989, 0.71611, 0.0725856], 
              [0.215591, 0.391613, 0.0205746, 0.372221], 
              [0.240552, 0.466298, 0.167657, 0.125492], 
              [0.361644, 0.1041, 0.276724, 0.257532]
            ]
          }, {
            "db": 0,
            "id": "filter105",
            "len": 14,
            "nsites": 14,
            "evalue": "1.0e+000",
            "pwm": [
              [0.24305, 0.255362, 0.257645, 0.243943], 
              [0.303289, 0.17333, 0.235778, 0.287603], 
              [0.155658, 0.453104, 0.281546, 0.109691], 
              [0.0431773, 0.509546, 0.0258014, 0.421475], 
              [0.272043, 0.292397, 0.281376, 0.154184], 
              [0.459305, 0.389106, 0.135121, 0.0164681], 
              [0.172057, 0.102752, 0.700383, 0.0248085], 
              [0.0806178, 0.196303, 0.0210374, 0.702042], 
              [0.00177305, 0.603674, 0.392284, 0.0022695], 
              [0.278568, 0.0854668, 0.53511, 0.100855], 
              [0.0846809, 0.484823, 0.020539, 0.409957], 
              [0.045461, 0.232028, 0.325064, 0.397447], 
              [0.200255, 0.298156, 0.48244, 0.0191489], 
              [0.162211, 0.365935, 0.384302, 0.0875517]
            ]
          }, {
            "db": 0,
            "id": "filter106",
            "len": 13,
            "nsites": 13,
            "evalue": "1.0e+000",
            "pwm": [
              [0.427534, 0.215069, 0.259427, 0.0979695], 
              [0.30587, 0.292473, 0.17071, 0.230947], 
              [0.427832, 0.0682977, 0.331275, 0.172595], 
              [0.00379389, 0.00994656, 0.125557, 0.860702], 
              [0.125954, 0.491244, 0.238588, 0.144214], 
              [0.0638321, 0.125359, 0.535702, 0.275107], 
              [0.147588, 0.53471, 0.0839771, 0.233725], 
              [0.311328, 0.00528244, 0.653695, 0.0296947], 
              [0.0785191, 0.122977, 0.527069, 0.271435], 
              [0.601436, 0.376886, 0.00468675, 0.0169909], 
              [0.798282, 0.107992, 0.0865573, 0.00716794], 
              [0.11474, 0.178351, 0.393893, 0.313015], 
              [0.155031, 0.222908, 0.35271, 0.269351]
            ]
          }, {
            "db": 0,
            "id": "filter107",
            "len": 9,
            "nsites": 9,
            "evalue": "1.0e+000",
            "pwm": [
              [0.267479, 0.568998, 0.0585219, 0.105001], 
              [0.0744505, 0.395187, 0.349593, 0.180769], 
              [0.0612967, 0.596451, 0.0944286, 0.247824], 
              [0.62078, 0.0069011, 0.182451, 0.189868], 
              [0.25319, 0.503039, 0.0059124, 0.237859], 
              [0.0783077, 0.0433956, 0.875055, 0.00324176], 
              [0.183934, 0.257022, 0.0358791, 0.523165], 
              [0.281549, 0.206088, 0.443549, 0.0688132], 
              [0.328198, 0.381105, 0.0859148, 0.204782]
            ]
          }, {
            "db": 0,
            "id": "filter108",
            "len": 11,
            "nsites": 11,
            "evalue": "1.0e+000",
            "pwm": [
              [0.372982, 0.257234, 0.365847, 0.00393694], 
              [0.0130541, 0.44364, 0.163288, 0.380018], 
              [0.170919, 0.175676, 0.151793, 0.501613], 
              [0.0780631, 0.161604, 0.110468, 0.649865], 
              [0.078955, 0.551856, 0.0481351, 0.321054], 
              [0.364261, 0.0421892, 0.463658, 0.129892], 
              [0.274505, 0.334466, 0.0739081, 0.317122], 
              [0.680121, 0.258794, 0.0328708, 0.0282136], 
              [0.572865, 0.183009, 0.104027, 0.140099], 
              [0.106306, 0.491405, 0.11136, 0.290928], 
              [0.086594, 0.313653, 0.16598, 0.433773]
            ]
          }, {
            "db": 0,
            "id": "filter109",
            "len": 11,
            "nsites": 11,
            "evalue": "1.0e+000",
            "pwm": [
              [0.183505, 0.258225, 0.283495, 0.274775], 
              [0.210955, 0.321054, 0.232658, 0.235333], 
              [0.18618, 0.257532, 0.259811, 0.296477], 
              [0.0519059, 0.0750974, 0.24943, 0.623567], 
              [0.473421, 0.427345, 0.0145393, 0.0846945], 
              [0.0338649, 0.339784, 0.0103784, 0.615973], 
              [0.366838, 0.308964, 0.0139459, 0.310252], 
              [0.63873, 0.00958632, 0.335457, 0.0162266], 
              [0.391177, 0.0914325, 0.474511, 0.0428788], 
              [0.395973, 0.097982, 0.382198, 0.123847], 
              [0.359306, 0.167847, 0.301432, 0.171414]
            ]
          }, {
            "db": 0,
            "id": "filter11",
            "len": 13,
            "nsites": 13,
            "evalue": "1.0e+000",
            "pwm": [
              [0.528306, 0.0176854, 0.183989, 0.270019], 
              [0.247693, 0.180913, 0.120881, 0.450512], 
              [0.311, 0.101929, 0.544182, 0.042889], 
              [0.14162, 0.0593607, 0.710387, 0.0886325], 
              [0.352313, 0.0411069, 0.0955878, 0.510992], 
              [0.0711686, 0.210285, 0.0426906, 0.675856], 
              [0.104033, 0.150877, 0.043592, 0.701497], 
              [0.209391, 0.424912, 0.13517, 0.230527], 
              [0.227076, 0.410267, 0.103527, 0.25913], 
              [0.0428931, 0.433191, 0.0585725, 0.465344], 
              [0.468618, 0.0888397, 0.338718, 0.103824], 
              [0.386153, 0.12655, 0.316885, 0.170412], 
              [0.468221, 0.16287, 0.274015, 0.0948931]
            ]
          }, {
            "db": 0,
            "id": "filter110",
            "len": 12,
            "nsites": 12,
            "evalue": "1.0e+000",
            "pwm": [
              [0.201306, 0.217471, 0.520942, 0.060281], 
              [0.0748595, 0.250992, 0.296017, 0.378132], 
              [0.485636, 0.104711, 0.264479, 0.145174], 
              [0.184924, 0.649605, 0.0477806, 0.117691], 
              [0.177207, 0.153802, 0.664248, 0.0047438], 
              [0.356711, 0.0800165, 0.527289, 0.0359835], 
              [0.390986, 0.332579, 0.23163, 0.0448056], 
              [0.0609752, 0.33886, 0.468579, 0.131587], 
              [0.0120826, 0.41681, 0.548314, 0.0227934], 
              [0.268221, 0.158546, 0.270601, 0.302631], 
              [0.0871655, 0.358432, 0.50929, 0.0451117], 
              [0.224612, 0.352744, 0.178397, 0.244248]
            ]
          }, {
            "db": 0,
            "id": "filter111",
            "len": 9,
            "nsites": 9,
            "evalue": "1.0e+000",
            "pwm": [
              [0.161567, 0.232669, 0.321474, 0.284291], 
              [0.292429, 0.36967, 0.237637, 0.100264], 
              [0.471044, 0.384802, 0.126571, 0.0175824], 
              [0.179385, 0.0416154, 0.672703, 0.106297], 
              [0.141816, 0.477322, 0.332813, 0.0480485], 
              [0.00976923, 0.574198, 0.0108571, 0.405176], 
              [0.00274725, 0.463976, 0.20587, 0.327407], 
              [0.332451, 0.0734545, 0.519652, 0.0744434], 
              [0.223121, 0.382368, 0.151312, 0.2432]
            ]
          }, {
            "db": 0,
            "id": "filter112",
            "len": 11,
            "nsites": 11,
            "evalue": "1.0e+000",
            "pwm": [
              [0.256342, 0.237315, 0.252577, 0.253766], 
              [0.22158, 0.259539, 0.370244, 0.148636], 
              [0.0132523, 0.401225, 0.121171, 0.464351], 
              [0.139122, 0.350125, 0.337538, 0.173215], 
              [0.659378, 0.00542342, 0.295189, 0.040009], 
              [0.279829, 0.175477, 0.499829, 0.0448649], 
              [0.776712, 0.0123604, 0.0472432, 0.163685], 
              [0.356071, 0.471732, 0.167269, 0.0049282], 
              [0.286044, 0.101044, 0.280396, 0.332517], 
              [0.0663694, 0.374171, 0.421342, 0.138117], 
              [0.498144, 0.0351532, 0.316495, 0.150207]
            ]
          }, {
            "db": 0,
            "id": "filter113",
            "len": 11,
            "nsites": 11,
            "evalue": "1.0e+000",
            "pwm": [
              [0.244847, 0.202829, 0.236622, 0.315703], 
              [0.137239, 0.289867, 0.23615, 0.336745], 
              [0.250124, 0.328321, 0.166872, 0.254683], 
              [0.293831, 0.00264869, 0.504537, 0.198984], 
              [0.0764775, 0.874423, 0.0456577, 0.00344144], 
              [0.168243, 0.00264865, 0.205405, 0.623703], 
              [0.308004, 0.00522552, 0.647055, 0.0397155], 
              [0.161901, 0.560577, 0.00284685, 0.274676], 
              [0.321748, 0.472279, 0.00998198, 0.195991], 
              [0.203919, 0.197874, 0.233252, 0.364955], 
              [0.216207, 0.276856, 0.264171, 0.242766]
            ]
          }, {
            "db": 0,
            "id": "filter114",
            "len": 13,
            "nsites": 13,
            "evalue": "1.0e+000",
            "pwm": [
              [0.252977, 0.336336, 0.232237, 0.17845], 
              [0.193336, 0.429519, 0.168924, 0.208221], 
              [0.168031, 0.467527, 0.244046, 0.120397], 
              [0.0396183, 0.0059771, 0.329786, 0.624618], 
              [0.146085, 0.592109, 0.0958761, 0.16593], 
              [0.148297, 0.258858, 0.443754, 0.149091], 
              [0.0524198, 0.489557, 0.289397, 0.168626], 
              [0.303519, 0.00309936, 0.439983, 0.253399], 
              [0.0283053, 0.462366, 0.209115, 0.300214], 
              [0.768038, 0.22497, 0.00280144, 0.00419061], 
              [0.753328, 0.0123282, 0.231542, 0.00280153], 
              [0.226282, 0.317977, 0.206534, 0.249206], 
              [0.0860611, 0.410366, 0.251985, 0.251588]
            ]
          }, {
            "db": 0,
            "id": "filter115",
            "len": 12,
            "nsites": 12,
            "evalue": "1.0e+000",
            "pwm": [
              [0.247049, 0.370929, 0.161156, 0.220865], 
              [0.0639504, 0.267752, 0.188512, 0.479785], 
              [0.185159, 0.0689158, 0.271448, 0.474477], 
              [0.14319, 0.0313223, 0.647884, 0.177603], 
              [0.333736, 0.52635, 0.134873, 0.00504162], 
              [0.0021653, 0.164033, 0.0325154, 0.801287], 
              [0.399058, 0.151421, 0.162727, 0.286793], 
              [0.562298, 0.0081157, 0.416711, 0.012876], 
              [0.00444604, 0.0413349, 0.783277, 0.170942], 
              [0.40838, 0.269934, 0.217967, 0.103719], 
              [0.503537, 0.119773, 0.181056, 0.195634], 
              [0.360083, 0.168975, 0.316446, 0.154496]
            ]
          }, {
            "db": 0,
            "id": "filter116",
            "len": 11,
            "nsites": 11,
            "evalue": "1.0e+000",
            "pwm": [
              [0.150901, 0.0533874, 0.350685, 0.445027], 
              [0.164775, 0.169928, 0.355838, 0.309459], 
              [0.373874, 0.171811, 0.23573, 0.218586], 
              [0.505328, 0.303087, 0.188639, 0.00294588], 
              [0.107297, 0.11136, 0.778991, 0.00235135], 
              [0.30609, 0.300441, 0.097982, 0.295486], 
              [0.281712, 0.177658, 0.0461532, 0.494477], 
              [0.00254955, 0.0310901, 0.615775, 0.350586], 
              [0.0415985, 0.272423, 0.452604, 0.233374], 
              [0.392246, 0.307012, 0.166674, 0.134067], 
              [0.339387, 0.0858919, 0.327297, 0.247423]
            ]
          }, {
            "db": 0,
            "id": "filter117",
            "len": 10,
            "nsites": 10,
            "evalue": "1.0e+000",
            "pwm": [
              [0.0957426, 0.0594059, 0.562673, 0.282178], 
              [0.604455, 0.135248, 0.197624, 0.0626733], 
              [0.209802, 0.305545, 0.365842, 0.118812], 
              [0.189227, 0.0165361, 0.100802, 0.693435], 
              [0.214257, 0.15802, 0.0412871, 0.586436], 
              [0.0217841, 0.865433, 0.0469351, 0.0658479], 
              [0.444851, 0.0754455, 0.0130693, 0.466634], 
              [0.157426, 0.283861, 0.0640594, 0.494653], 
              [0.459954, 0.0741512, 0.300267, 0.165627], 
              [0.0690166, 0.218635, 0.427369, 0.284979]
            ]
          }, {
            "db": 0,
            "id": "filter118",
            "len": 17,
            "nsites": 17,
            "evalue": "1.0e+000",
            "pwm": [
              [0.153667, 0.183193, 0.185579, 0.477561], 
              [0.229222, 0.0327778, 0.232105, 0.505895], 
              [0.108841, 0.114707, 0.386138, 0.390314], 
              [0.0539532, 0.479351, 0.409164, 0.0575322], 
              [0.108245, 0.272296, 0.322406, 0.297053], 
              [0.0262164, 0.0380468, 0.671123, 0.264614], 
              [0.205561, 0.0740351, 0.671719, 0.0486842], 
              [0.429246, 0.105848, 0.381427, 0.0834795], 
              [0.267, 0.0734386, 0.0197544, 0.639807], 
              [0.0675731, 0.086462, 0.32476, 0.521205], 
              [0.090538, 0.0510702, 0.723018, 0.135374], 
              [0.0947135, 0.436304, 0.35369, 0.115292], 
              [0.1159, 0.0799084, 0.740787, 0.0634039], 
              [0.0987895, 0.740713, 0.0675731, 0.092924], 
              [0.504105, 0.0870585, 0.302392, 0.106444], 
              [0.544215, 0.220949, 0.140729, 0.0941077], 
              [0.0722456, 0.388485, 0.248111, 0.291158]
            ]
          }, {
            "db": 0,
            "id": "filter119",
            "len": 14,
            "nsites": 14,
            "evalue": "1.0e+000",
            "pwm": [
              [0.151603, 0.400823, 0.20234, 0.245234], 
              [0.122213, 0.129957, 0.361504, 0.386326], 
              [0.269732, 0.396414, 0.0789143, 0.254939], 
              [0.0103112, 0.462833, 0.1361, 0.390755], 
              [0.512426, 0.347702, 0.135617, 0.00425532], 
              [0.0804113, 0.0418865, 0.752809, 0.124894], 
              [0.228576, 0.232151, 0.184884, 0.35439], 
              [0.475688, 0.0745532, 0.299745, 0.150014], 
              [0.193423, 0.319933, 0.167407, 0.319237], 
              [0.261842, 0.323309, 0.114082, 0.300767], 
              [0.495199, 0.119421, 0.0146796, 0.370701], 
              [0.0482411, 0.0188511, 0.911574, 0.0213333], 
              [0.422567, 0.27244, 0.256057, 0.0489362], 
              [0.274624, 0.172652, 0.269163, 0.28356]
            ]
          }, {
            "db": 0,
            "id": "filter12",
            "len": 16,
            "nsites": 16,
            "evalue": "1.0e+000",
            "pwm": [
              [0.205478, 0.25805, 0.346596, 0.189876], 
              [0.433298, 0.15809, 0.221003, 0.187609], 
              [0.329304, 0.308534, 0.284286, 0.0778758], 
              [0.026, 0.691043, 0.155888, 0.127068], 
              [0.105205, 0.332683, 0.236186, 0.325925], 
              [0.271466, 0.0715155, 0.469826, 0.187193], 
              [0.227441, 0.0370311, 0.166025, 0.569503], 
              [0.173396, 0.0513466, 0.0252073, 0.75005], 
              [0.212754, 0.109489, 0.475141, 0.202616], 
              [0.334075, 0.212236, 0.193255, 0.260435], 
              [0.0696205, 0.0949596, 0.377863, 0.457557], 
              [0.194168, 0.359054, 0.258374, 0.188404], 
              [0.572882, 0.0870186, 0.25964, 0.0804596], 
              [0.860882, 0.0946708, 0.00423602, 0.0402112], 
              [0.25713, 0.155376, 0.205855, 0.381639], 
              [0.234275, 0.400817, 0.141961, 0.222947]
            ]
          }, {
            "db": 0,
            "id": "filter120",
            "len": 12,
            "nsites": 12,
            "evalue": "1.0e+000",
            "pwm": [
              [0.177207, 0.391124, 0.118992, 0.312678], 
              [0.235917, 0.100248, 0.135455, 0.52838], 
              [0.111058, 0.252479, 0.12762, 0.508843], 
              [0.576224, 0.158051, 0.244224, 0.0215022], 
              [0.133782, 0.203012, 0.0109926, 0.652214], 
              [0.0143636, 0.315653, 0.00722314, 0.66276], 
              [0.43595, 0.0107934, 0.16114, 0.392116], 
              [0.693802, 0.070595, 0.23076, 0.00484298], 
              [0.180461, 0.0048427, 0.643556, 0.17114], 
              [0.0272587, 0.289897, 0.369739, 0.313105], 
              [0.364347, 0.167785, 0.234926, 0.232942], 
              [0.169967, 0.140612, 0.349273, 0.340149]
            ]
          }, {
            "db": 0,
            "id": "filter121",
            "len": 13,
            "nsites": 13,
            "evalue": "1.0e+000",
            "pwm": [
              [0.203061, 0.141634, 0.318672, 0.336634], 
              [0.46574, 0.131511, 0.20316, 0.199588], 
              [0.0916183, 0.347748, 0.107695, 0.452939], 
              [0.0398168, 0.575099, 0.287908, 0.0971756], 
              [0.145206, 0.0704809, 0.648435, 0.135878], 
              [0.058374, 0.0937023, 0.388038, 0.459885], 
              [0.348011, 0.107982, 0.0239367, 0.52007], 
              [0.659649, 0.0156031, 0.0750458, 0.249702], 
              [0.0151056, 0.799691, 0.0179831, 0.16722], 
              [0.167237, 0.0597634, 0.709466, 0.0635344], 
              [0.450855, 0.220924, 0.00508397, 0.323137], 
              [0.289864, 0.128323, 0.263272, 0.318541], 
              [0.347748, 0.200977, 0.261611, 0.189664]
            ]
          }, {
            "db": 0,
            "id": "filter122",
            "len": 14,
            "nsites": 14,
            "evalue": "1.0e+000",
            "pwm": [
              [0.136014, 0.371135, 0.127773, 0.365078], 
              [0.323244, 0.31421, 0.0751416, 0.287404], 
              [0.120624, 0.29617, 0.42356, 0.159645], 
              [0.781284, 0.0437773, 0.128183, 0.0467563], 
              [0.0262954, 0.287702, 0.395124, 0.290879], 
              [0.245631, 0.421475, 0.0674043, 0.265489], 
              [0.226965, 0.0532057, 0.625319, 0.0945106], 
              [0.451407, 0.148738, 0.250223, 0.149632], 
              [0.473901, 0.246823, 0.178908, 0.100369], 
              [0.00634043, 0.187447, 0.0218298, 0.784383], 
              [0.483583, 0.116442, 0.383508, 0.0164666], 
              [0.370241, 0.264794, 0.121418, 0.243546], 
              [0.0899433, 0.242255, 0.39834, 0.269461], 
              [0.197872, 0.264099, 0.363092, 0.174936]
            ]
          }, {
            "db": 0,
            "id": "filter123",
            "len": 15,
            "nsites": 15,
            "evalue": "1.0e+000",
            "pwm": [
              [0.192781, 0.138344, 0.0916556, 0.577219], 
              [0.391319, 0.303116, 0.23001, 0.0755555], 
              [0.0138742, 0.333046, 0.221887, 0.431192], 
              [0.721358, 0.0306623, 0.0911589, 0.156821], 
              [0.210045, 0.191968, 0.234579, 0.363408], 
              [0.162881, 0.270166, 0.518013, 0.0489404], 
              [0.0259934, 0.353113, 0.311987, 0.308907], 
              [0.0896601, 0.00682068, 0.655729, 0.24779], 
              [0.167765, 0.269497, 0.369043, 0.193695], 
              [0.27543, 0.267285, 0.159106, 0.298179], 
              [0.247517, 0.0451656, 0.547914, 0.159404], 
              [0.110033, 0.463775, 0.409934, 0.0162583], 
              [0.345166, 0.0811258, 0.507285, 0.0664238], 
              [0.456974, 0.0706885, 0.138529, 0.333808], 
              [0.118874, 0.457219, 0.300166, 0.123742]
            ]
          }, {
            "db": 0,
            "id": "filter124",
            "len": 13,
            "nsites": 13,
            "evalue": "1.0e+000",
            "pwm": [
              [0.260618, 0.240176, 0.246031, 0.253176], 
              [0.165351, 0.317679, 0.161977, 0.354992], 
              [0.23045, 0.226183, 0.282053, 0.261313], 
              [0.00478597, 0.292841, 0.151642, 0.550731], 
              [0.189267, 0.108885, 0.429618, 0.272229], 
              [0.419893, 0.31758, 0.251092, 0.0114351], 
              [0.1185, 0.62148, 0.0399122, 0.220108], 
              [0.155924, 0.00230534, 0.666595, 0.175176], 
              [0.0819924, 0.669076, 0.10174, 0.147191], 
              [0.564977, 0.0786183, 0.00200763, 0.354397], 
              [0.0198684, 0.341561, 0.450711, 0.187859], 
              [0.121774, 0.390976, 0.156504, 0.330746], 
              [0.143703, 0.194507, 0.192424, 0.469365]
            ]
          }, {
            "db": 0,
            "id": "filter125",
            "len": 12,
            "nsites": 12,
            "evalue": "1.0e+000",
            "pwm": [
              [0.275289, 0.226496, 0.24881, 0.249405], 
              [0.276804, 0.0944059, 0.275713, 0.353076], 
              [0.137253, 0.310725, 0.313899, 0.238123], 
              [0.0196216, 0.173852, 0.0353918, 0.771135], 
              [0.00395041, 0.0706942, 0.919124, 0.0062314], 
              [0.0708003, 0.773019, 0.137947, 0.018233], 
              [0.365339, 0.127025, 0.371686, 0.13595], 
              [0.0554215, 0.0800165, 0.414529, 0.450033], 
              [0.606331, 0.277471, 0.0378678, 0.0783306], 
              [0.31866, 0.421315, 0.236933, 0.023093], 
              [0.184527, 0.222209, 0.262073, 0.33119], 
              [0.223521, 0.23314, 0.268149, 0.27519]
            ]
          }, {
            "db": 0,
            "id": "filter126",
            "len": 12,
            "nsites": 12,
            "evalue": "1.0e+000",
            "pwm": [
              [0.274793, 0.29324, 0.270826, 0.16114], 
              [0.317934, 0.344116, 0.25, 0.0879504], 
              [0.230364, 0.474727, 0.214992, 0.0799174], 
              [0.630231, 0.188612, 0.0641488, 0.117008], 
              [0.17076, 0.00206612, 0.167488, 0.659686], 
              [0.00206612, 0.675784, 0.0774305, 0.24472], 
              [0.553471, 0.00791736, 0.0062314, 0.43238], 
              [0.427974, 0.026262, 0.537451, 0.00831342], 
              [0.523124, 0.120182, 0.354132, 0.00256198], 
              [0.166893, 0.41681, 0.0591901, 0.357107], 
              [0.233636, 0.359884, 0.19357, 0.212909], 
              [0.151025, 0.313074, 0.216083, 0.319818]
            ]
          }, {
            "db": 0,
            "id": "filter127",
            "len": 12,
            "nsites": 12,
            "evalue": "1.0e+000",
            "pwm": [
              [0.297236, 0.265299, 0.185754, 0.251711], 
              [0.345107, 0.207256, 0.44557, 0.00206612], 
              [0.154298, 0.0425289, 0.470463, 0.332711], 
              [0.225306, 0.657702, 0.112545, 0.00444628], 
              [0.525802, 0.418298, 0.0498678, 0.00603306], 
              [0.288579, 0.380017, 0.321504, 0.00990083], 
              [0.103709, 0.0947841, 0.339718, 0.461789], 
              [0.258628, 0.191091, 0.317934, 0.232347], 
              [0.705802, 0.0581983, 0.176909, 0.0590909], 
              [0.0292397, 0.294926, 0.162331, 0.513504], 
              [0.262893, 0.213901, 0.315752, 0.207455], 
              [0.458463, 0.249603, 0.182562, 0.109372]
            ]
          }, {
            "db": 0,
            "id": "filter128",
            "len": 12,
            "nsites": 12,
            "evalue": "1.0e+000",
            "pwm": [
              [0.352481, 0.171769, 0.191209, 0.284541], 
              [0.246628, 0.171554, 0.487719, 0.0940992], 
              [0.607818, 0.0798182, 0.198033, 0.114331], 
              [0.0243824, 0.191011, 0.0808178, 0.703789], 
              [0.00395022, 0.548656, 0.16043, 0.286963], 
              [0.497388, 0.042624, 0.405166, 0.0548212], 
              [0.711851, 0.112645, 0.0442149, 0.131289], 
              [0.174926, 0.0121818, 0.28243, 0.530463], 
              [0.0434215, 0.155289, 0.799025, 0.00226446], 
              [0.13435, 0.22806, 0.3775, 0.26009], 
              [0.124843, 0.480083, 0.105603, 0.289471], 
              [0.0909256, 0.267157, 0.383091, 0.258826]
            ]
          }, {
            "db": 0,
            "id": "filter129",
            "len": 12,
            "nsites": 12,
            "evalue": "1.0e+000",
            "pwm": [
              [0.312808, 0.271151, 0.352581, 0.0634607], 
              [0.432126, 0.101349, 0.388782, 0.0777431], 
              [0.327025, 0.310068, 0.307193, 0.0557136], 
              [0.105306, 0.768579, 0.00206612, 0.12405], 
              [0.16243, 0.0851736, 0.0032562, 0.74914], 
              [0.592248, 0.0249752, 0.241273, 0.141504], 
              [0.202773, 0.222209, 0.345569, 0.229448], 
              [0.388248, 0.578066, 0.00970248, 0.0239835], 
              [0.667025, 0.0474876, 0.0634545, 0.222033], 
              [0.285603, 0.323884, 0.243653, 0.14686], 
              [0.273432, 0.243776, 0.252504, 0.230287], 
              [0.260711, 0.195554, 0.20676, 0.336975]
            ]
          }, {
            "db": 0,
            "id": "filter13",
            "len": 12,
            "nsites": 12,
            "evalue": "1.0e+000",
            "pwm": [
              [0.0846777, 0.363653, 0.303752, 0.247917], 
              [0.408083, 0.0254711, 0.398264, 0.168182], 
              [0.28702, 0.391659, 0.206682, 0.114639], 
              [0.135058, 0.0383636, 0.147157, 0.679421], 
              [0.00206612, 0.647423, 0.210111, 0.140399], 
              [0.119587, 0.123554, 0.0269587, 0.729901], 
              [0.175521, 0.290959, 0.486331, 0.0471901], 
              [0.54946, 0.0192249, 0.424191, 0.00712447], 
              [0.027157, 0.219752, 0.0279504, 0.72514], 
              [0.114628, 0.396777, 0.0765455, 0.41205], 
              [0.130397, 0.213306, 0.166992, 0.489306], 
              [0.288281, 0.289669, 0.331223, 0.0908264]
            ]
          }, {
            "db": 0,
            "id": "filter130",
            "len": 11,
            "nsites": 11,
            "evalue": "1.0e+000",
            "pwm": [
              [0.168161, 0.418015, 0.384615, 0.0292099], 
              [0.11234, 0.146031, 0.259686, 0.481943], 
              [0.125928, 0.209468, 0.471883, 0.192721], 
              [0.0426847, 0.658685, 0.283793, 0.0148378], 
              [0.0123604, 0.753919, 0.167351, 0.0663694], 
              [0.165964, 0.477135, 0.0437748, 0.313126], 
              [0.132852, 0.107683, 0.648314, 0.111151], 
              [0.0329699, 0.0951979, 0.590545, 0.281287], 
              [0.210063, 0.252081, 0.426892, 0.110964], 
              [0.320955, 0.334532, 0.316991, 0.0275225], 
              [0.217396, 0.351775, 0.236324, 0.194505]
            ]
          }, {
            "db": 0,
            "id": "filter131",
            "len": 9,
            "nsites": 9,
            "evalue": "1.0e+000",
            "pwm": [
              [0.279445, 0.212792, 0.293586, 0.214177], 
              [0.250495, 0.125187, 0.220429, 0.40389], 
              [0.10866, 0.51085, 0.194695, 0.185795], 
              [0.932609, 0.00601132, 0.00581349, 0.0555657], 
              [0.285732, 0.133409, 0.275742, 0.305118], 
              [0.0646532, 0.0192621, 0.0582252, 0.85786], 
              [0.401952, 0.220253, 0.369509, 0.00828627], 
              [0.431978, 0.162176, 0.095022, 0.310824], 
              [0.0971978, 0.128154, 0.309736, 0.464912]
            ]
          }, {
            "db": 0,
            "id": "filter132",
            "len": 15,
            "nsites": 15,
            "evalue": "1.0e+000",
            "pwm": [
              [0.478974, 0.270464, 0.107649, 0.142914], 
              [0.136755, 0.202914, 0.320331, 0.34], 
              [0.146008, 0.408782, 0.348975, 0.0962346], 
              [0.682715, 0.0886755, 0.0663245, 0.162285], 
              [0.070901, 0.182468, 0.280425, 0.466205], 
              [0.113013, 0.101589, 0.12096, 0.664437], 
              [0.0690066, 0.583278, 0.116391, 0.231325], 
              [0.133675, 0.147781, 0.680232, 0.0383113], 
              [0.0738742, 0.459801, 0.399503, 0.0668212], 
              [0.156722, 0.0349338, 0.670099, 0.138245], 
              [0.0901567, 0.38665, 0.419428, 0.103765], 
              [0.505795, 0.254669, 0.0621523, 0.177384], 
              [0.766358, 0.077947, 0.0986093, 0.0570861], 
              [0.284371, 0.23649, 0.120464, 0.358675], 
              [0.120277, 0.272179, 0.258569, 0.348975]
            ]
          }, {
            "db": 0,
            "id": "filter133",
            "len": 8,
            "nsites": 8,
            "evalue": "1.0e+000",
            "pwm": [
              [0.285824, 0.135913, 0.200894, 0.37737], 
              [0.131593, 0.444513, 0.313735, 0.110159], 
              [0.328914, 0.264123, 0.403877, 0.00308642], 
              [0.00338275, 0.0184954, 0.714466, 0.263656], 
              [0.383037, 0.609802, 0.00397531, 0.00318519], 
              [0.00516049, 0.32437, 0.463531, 0.206938], 
              [0.0185941, 0.366184, 0.355418, 0.259803], 
              [0.126444, 0.291679, 0.157062, 0.424815]
            ]
          }, {
            "db": 0,
            "id": "filter134",
            "len": 14,
            "nsites": 14,
            "evalue": "1.0e+000",
            "pwm": [
              [0.249702, 0.236695, 0.296369, 0.217234], 
              [0.210383, 0.346511, 0.271248, 0.171858], 
              [0.0948085, 0.623035, 0.0933191, 0.188837], 
              [0.0730567, 0.0995647, 0.0995647, 0.727814], 
              [0.281475, 0.00177305, 0.642298, 0.0744539], 
              [0.511977, 0.371296, 0.0200407, 0.0966855], 
              [0.230264, 0.398082, 0.00197165, 0.369682], 
              [0.242057, 0.0873617, 0.561078, 0.109504], 
              [0.438851, 0.137702, 0.263206, 0.160241], 
