MEME version 4

ALPHABET= ACGT

Background letter frequencies:
A 0.2500 C 0.2500 G 0.2500 T 0.2500 

MOTIF filter0 
letter-probability matrix: alength= 4 w= 13 nsites= 13 
0.1411 0.3301 0.2457 0.2831 
0.2783 0.1305 0.3196 0.2716 
0.1036 0.6142 0.1795 0.1027 
0.4060 0.5940 0.0000 0.0000 
0.9107 0.0000 0.0893 0.0000 
0.1478 0.4434 0.1113 0.2975 
0.2102 0.0298 0.7572 0.0029 
0.0067 0.1478 0.0000 0.8455 
0.0000 0.0000 0.9146 0.0854 
0.0701 0.0374 0.7601 0.1324 
0.2658 0.3464 0.1056 0.2821 
0.2908 0.3186 0.3129 0.0777 
0.0691 0.2802 0.4328 0.2179 

MOTIF filter1 
letter-probability matrix: alength= 4 w= 12 nsites= 12 
0.2095 0.2892 0.2716 0.2297 
0.4770 0.1216 0.2581 0.1432 
0.2027 0.2703 0.3392 0.1878 
0.0000 1.0000 0.0000 0.0000 
0.9986 0.0000 0.0014 0.0000 
0.0000 0.9973 0.0000 0.0027 
0.0176 0.0000 0.9824 0.0000 
0.0000 0.0000 0.0000 1.0000 
0.0000 0.0014 0.9986 0.0000 
0.0757 0.2919 0.3689 0.2635 
0.1473 0.2122 0.1473 0.4932 
0.2770 0.2149 0.2595 0.2486 

MOTIF filter2 
letter-probability matrix: alength= 4 w= 18 nsites= 18 
0.2475 0.2145 0.2640 0.2739 
0.2343 0.2970 0.2442 0.2244 
0.2871 0.2607 0.1782 0.2739 
0.1683 0.6469 0.1287 0.0561 
1.0000 0.0000 0.0000 0.0000 
0.9934 0.0000 0.0066 0.0000 
0.5050 0.0693 0.4158 0.0099 
1.0000 0.0000 0.0000 0.0000 
0.0000 0.0000 0.0000 1.0000 
0.0165 0.0000 0.9835 0.0000 
0.0000 0.0000 1.0000 0.0000 
0.0429 0.8746 0.0000 0.0825 
0.1089 0.1881 0.4191 0.2838 
0.0363 0.0495 0.8383 0.0759 
0.1353 0.7657 0.0231 0.0759 
0.3036 0.1881 0.2013 0.3069 
0.2178 0.2508 0.3168 0.2145 
0.2937 0.2211 0.3003 0.1848 

MOTIF filter3 
letter-probability matrix: alength= 4 w= 17 nsites= 17 
0.2872 0.3277 0.2264 0.1588 
0.2128 0.2939 0.3041 0.1892 
0.1926 0.0270 0.5709 0.2095 
0.0608 0.6993 0.1385 0.1014 
0.3142 0.2736 0.2770 0.1351 
0.0676 0.0068 0.8176 0.1081 
0.0068 0.9865 0.0000 0.0068 
0.0000 1.0000 0.0000 0.0000 
1.0000 0.0000 0.0000 0.0000 
0.0473 0.0000 0.0000 0.9527 
0.0439 0.4527 0.1318 0.3716 
0.0912 0.0000 0.0000 0.9088 
0.0000 0.0000 0.0000 1.0000 
0.0405 0.0676 0.7804 0.1115 
0.2568 0.2534 0.3209 0.1689 
0.1689 0.4324 0.1689 0.2297 
0.2804 0.2736 0.2669 0.1791 

MOTIF filter4 
letter-probability matrix: alength= 4 w= 15 nsites= 15 
0.3212 0.2061 0.2879 0.1848 
0.2485 0.3061 0.2455 0.2000 
0.0606 0.1424 0.5242 0.2727 
0.0000 0.9152 0.0030 0.0818 
0.0000 0.8000 0.0000 0.2000 
0.0000 1.0000 0.0000 0.0000 
0.0000 1.0000 0.0000 0.0000 
0.0818 0.0000 0.6606 0.2576 
0.0000 1.0000 0.0000 0.0000 
0.0000 1.0000 0.0000 0.0000 
0.0000 0.8636 0.0000 0.1364 
0.0939 0.8061 0.0000 0.1000 
0.0606 0.5545 0.0667 0.3182 
0.2545 0.2061 0.2758 0.2636 
0.2606 0.2212 0.2364 0.2818 

MOTIF filter5 
letter-probability matrix: alength= 4 w= 13 nsites= 13 
0.3595 0.2622 0.1649 0.2135 
0.3027 0.2865 0.1811 0.2297 
0.1027 0.1973 0.4784 0.2216 
0.0000 0.7351 0.0405 0.2243 
0.0486 0.7514 0.0000 0.2000 
0.0108 0.9865 0.0027 0.0000 
0.0000 1.0000 0.0000 0.0000 
0.1108 0.0216 0.5081 0.3595 
0.0000 1.0000 0.0000 0.0000 
0.0000 1.0000 0.0000 0.0000 
0.0000 0.7514 0.0000 0.2486 
0.0432 0.8405 0.0000 0.1162 
0.0108 0.7568 0.0297 0.2027 

MOTIF filter6 
letter-probability matrix: alength= 4 w= 20 nsites= 20 
0.2495 0.2256 0.2625 0.2625 
0.1562 0.0933 0.2364 0.5141 
0.4816 0.1627 0.3254 0.0304 
0.0239 0.1996 0.7636 0.0130 
0.0477 0.1974 0.1280 0.6269 
0.2473 0.3536 0.3124 0.0868 
0.1952 0.5662 0.1952 0.0434 
0.3731 0.0195 0.2950 0.3124 
0.0000 0.2148 0.0022 0.7831 
0.3059 0.2603 0.0781 0.3557 
0.0108 0.2039 0.2972 0.4881 
0.0152 0.2213 0.0456 0.7180 
0.0954 0.3688 0.3145 0.2213 
0.5553 0.0738 0.2386 0.1323 
0.2842 0.0607 0.2408 0.4143 
0.0412 0.0260 0.9176 0.0152 
0.4338 0.4078 0.0672 0.0911 
0.1562 0.3449 0.2755 0.2234 
0.2104 0.5488 0.1866 0.0542 
0.0282 0.0716 0.0824 0.8178 

MOTIF filter7 
letter-probability matrix: alength= 4 w= 17 nsites= 17 
0.3513 0.1338 0.1115 0.4033 
0.2770 0.1691 0.1654 0.3885 
0.2119 0.1617 0.1840 0.4424 
0.1877 0.0335 0.6543 0.1245 
0.2342 0.5260 0.1970 0.0428 
0.0093 0.0186 0.0019 0.9703 
0.0037 0.0167 0.9145 0.0651 
0.9219 0.0056 0.0242 0.0483 
0.0483 0.5074 0.4219 0.0223 
0.0019 0.0000 0.0056 0.9926 
0.1394 0.7955 0.0037 0.0613 
0.9349 0.0000 0.0409 0.0242 
0.0967 0.0929 0.5390 0.2714 
0.1636 0.6320 0.1413 0.0632 
0.4740 0.0855 0.2138 0.2268 
0.2918 0.3364 0.1450 0.2268 
0.4089 0.2695 0.1171 0.2045 

MOTIF filter8 
letter-probability matrix: alength= 4 w= 14 nsites= 14 
0.2238 0.1807 0.2651 0.3305 
0.2134 0.2496 0.2668 0.2702 
0.2754 0.0327 0.5129 0.1790 
0.3098 0.1377 0.5508 0.0017 
0.0000 0.0000 0.0000 1.0000 
0.0000 0.0000 1.0000 0.0000 
1.0000 0.0000 0.0000 0.0000 
0.0138 0.5611 0.4148 0.0103 
0.0086 0.0000 0.0000 0.9914 
0.0034 0.9966 0.0000 0.0000 
1.0000 0.0000 0.0000 0.0000 
0.0017 0.2255 0.3597 0.4131 
0.2582 0.3064 0.2771 0.1583 
0.2324 0.2272 0.2341 0.3064 

MOTIF filter9 
letter-probability matrix: alength= 4 w= 14 nsites= 14 
0.2696 0.2522 0.2551 0.2232 
0.2667 0.2986 0.2029 0.2319 
0.0696 0.1507 0.5304 0.2493 
0.0000 0.8087 0.0145 0.1768 
0.0000 0.8841 0.0000 0.1159 
0.0000 1.0000 0.0000 0.0000 
0.0000 1.0000 0.0000 0.0000 
0.1362 0.0000 0.5507 0.3130 
0.0000 1.0000 0.0000 0.0000 
0.0000 1.0000 0.0000 0.0000 
0.0000 0.7797 0.0000 0.2203 
0.0957 0.8029 0.0000 0.1014 
0.0464 0.6783 0.0551 0.2203 
0.2029 0.2319 0.3072 0.2580 

MOTIF filter10 
letter-probability matrix: alength= 4 w= 14 nsites= 14 
0.2332 0.3405 0.2172 0.2091 
0.3700 0.1394 0.2627 0.2279 
0.2949 0.2547 0.2306 0.2198 
0.4370 0.0456 0.5174 0.0000 
0.0000 0.0000 0.0000 1.0000 
0.0000 0.0000 0.0027 0.9973 
0.0751 0.0000 0.8686 0.0563 
0.0080 0.9115 0.0000 0.0804 
0.0804 0.0000 0.9169 0.0027 
0.0912 0.5871 0.0000 0.3217 
0.9437 0.0563 0.0000 0.0000 
1.0000 0.0000 0.0000 0.0000 
0.0188 0.1957 0.1072 0.6783 
0.2601 0.2252 0.3271 0.1877 

MOTIF filter11 
letter-probability matrix: alength= 4 w= 20 nsites= 20 
0.2267 0.2500 0.2500 0.2733 
0.2224 0.2703 0.2500 0.2573 
0.3096 0.2573 0.2209 0.2122 
0.0814 0.0872 0.0451 0.7863 
0.0160 0.0523 0.7006 0.2311 
0.4157 0.3459 0.1381 0.1003 
0.0131 0.9797 0.0073 0.0000 
0.0116 0.9709 0.0087 0.0087 
0.8605 0.0145 0.0029 0.1221 
0.0407 0.0102 0.0015 0.9477 
0.9869 0.0000 0.0131 0.0000 
0.0000 0.0000 0.0015 0.9985 
0.9666 0.0000 0.0000 0.0334 
0.1177 0.0000 0.0465 0.8358 
0.0044 0.0262 0.9593 0.0102 
0.0029 0.0058 0.9913 0.0000 
0.0712 0.0291 0.3561 0.5436 
0.2515 0.6395 0.0828 0.0262 
0.7340 0.0218 0.0581 0.1860 
0.1948 0.2703 0.2485 0.2863 

MOTIF filter12 
letter-probability matrix: alength= 4 w= 15 nsites= 15 
0.3086 0.2149 0.2411 0.2354 
0.3429 0.1109 0.0309 0.5154 
0.4766 0.1246 0.3931 0.0057 
0.0091 0.4994 0.0651 0.4263 
0.2263 0.0663 0.6137 0.0937 
0.0469 0.0011 0.8366 0.1154 
0.4160 0.4400 0.0971 0.0469 
0.0263 0.2091 0.4823 0.2823 
0.6149 0.0160 0.3680 0.0011 
0.0149 0.8423 0.0046 0.1383 
0.4583 0.1840 0.2217 0.1360 
0.1417 0.0571 0.7097 0.0914 
0.0686 0.3806 0.4731 0.0777 
0.1189 0.5029 0.2594 0.1189 
0.4480 0.1051 0.2229 0.2240 

MOTIF filter13 
letter-probability matrix: alength= 4 w= 13 nsites= 13 
0.2881 0.4269 0.1642 0.1209 
0.2448 0.2836 0.2134 0.2582 
0.4075 0.0582 0.4522 0.0821 
0.0567 0.7716 0.1552 0.0164 
0.0000 1.0000 0.0000 0.0000 
1.0000 0.0000 0.0000 0.0000 
0.0000 0.6478 0.0000 0.3522 
0.0000 0.2284 0.6821 0.0896 
0.0000 0.0000 0.0000 1.0000 
0.0000 0.0000 0.6328 0.3672 
0.0567 0.2970 0.4343 0.2119 
0.1134 0.1985 0.1970 0.4910 
0.2478 0.1448 0.2328 0.3746 

MOTIF filter14 
letter-probability matrix: alength= 4 w= 15 nsites= 15 
0.2847 0.2625 0.2810 0.1719 
0.2810 0.2810 0.2255 0.2126 
0.1386 0.1959 0.4030 0.2625 
0.4843 0.0998 0.3919 0.0240 
0.0000 0.0000 0.0000 1.0000 
0.0000 0.0000 0.9298 0.0702 
1.0000 0.0000 0.0000 0.0000 
0.0000 0.4732 0.5268 0.0000 
0.0000 0.0000 0.0000 1.0000 
0.0000 1.0000 0.0000 0.0000 
1.0000 0.0000 0.0000 0.0000 
0.0000 0.3900 0.1275 0.4824 
0.2847 0.3050 0.1664 0.2440 
0.1608 0.2384 0.3789 0.2218 
0.3309 0.1664 0.2847 0.2181 

MOTIF filter15 
letter-probability matrix: alength= 4 w= 12 nsites= 12 
0.2357 0.2975 0.1922 0.2746 
0.1396 0.4359 0.1819 0.2426 
0.2220 0.2918 0.2208 0.2654 
0.5275 0.0297 0.0000 0.4428 
0.0000 0.0000 0.0000 1.0000 
0.0011 0.0080 0.0000 0.9908 
0.7677 0.0000 0.2208 0.0114 
1.0000 0.0000 0.0000 0.0000 
0.0023 0.0000 0.0000 0.9977 
0.2654 0.2803 0.2746 0.1796 
0.2185 0.2586 0.2815 0.2414 
0.2803 0.2449 0.2460 0.2288 

MOTIF filter16 
letter-probability matrix: alength= 4 w= 18 nsites= 18 
0.2337 0.3354 0.1972 0.2337 
0.5569 0.0020 0.0996 0.3415 
0.5467 0.0467 0.1098 0.2967 
0.5488 0.0041 0.0407 0.4065 
0.2703 0.1646 0.3557 0.2093 
0.0000 0.0000 0.0000 1.0000 
0.0020 0.4289 0.5691 0.0000 
0.5224 0.4776 0.0000 0.0000 
0.0000 0.0000 0.4167 0.5833 
0.0000 0.4553 0.5427 0.0020 
1.0000 0.0000 0.0000 0.0000 
0.2581 0.3211 0.2337 0.1870 
0.3089 0.0264 0.0264 0.6382 
0.2073 0.2337 0.0285 0.5305 
0.3354 0.0427 0.0793 0.5427 
0.2276 0.1240 0.4634 0.1850 
0.2195 0.2785 0.2500 0.2520 
0.2988 0.2073 0.1911 0.3028 

MOTIF filter17 
letter-probability matrix: alength= 4 w= 14 nsites= 14 
0.3511 0.2064 0.2681 0.1745 
0.3681 0.0957 0.4340 0.1021 
0.3745 0.0872 0.4596 0.0787 
0.0021 0.0106 0.0319 0.9553 
0.0000 0.0021 0.9979 0.0000 
0.9957 0.0043 0.0000 0.0000 
0.0128 0.5149 0.4723 0.0000 
0.0000 0.1660 0.0000 0.8340 
0.1021 0.8979 0.0000 0.0000 
1.0000 0.0000 0.0000 0.0000 
0.0553 0.1319 0.1894 0.6234 
0.1681 0.3128 0.2723 0.2468 
0.3277 0.0936 0.3979 0.1809 
0.1872 0.2489 0.3894 0.1745 

MOTIF filter18 
letter-probability matrix: alength= 4 w= 14 nsites= 14 
0.1016 0.3662 0.4395 0.0927 
0.2496 0.4006 0.1614 0.1883 
0.3901 0.0359 0.4709 0.1031 
0.0419 0.7010 0.2556 0.0015 
0.0000 0.7728 0.1704 0.0568 
0.9327 0.0045 0.0433 0.0194 
0.8744 0.0792 0.0463 0.0000 
0.0777 0.1001 0.0105 0.8117 
0.1540 0.3632 0.2990 0.1839 
0.3199 0.1824 0.4320 0.0658 
0.0553 0.0568 0.8789 0.0090 
0.2332 0.1719 0.3154 0.2795 
0.2152 0.1689 0.4574 0.1584 
0.2257 0.1046 0.5067 0.1629 

MOTIF filter19 
letter-probability matrix: alength= 4 w= 19 nsites= 19 
0.2326 0.2752 0.2364 0.2558 
0.5543 0.0000 0.0736 0.3721 
0.5814 0.0155 0.0116 0.3915 
0.4496 0.0039 0.0000 0.5465 
0.3411 0.1085 0.1434 0.4070 
0.0194 0.0039 0.0116 0.9651 
0.0000 0.0000 1.0000 0.0000 
0.0078 0.9884 0.0039 0.0000 
0.0000 0.0039 0.0000 0.9961 
0.0000 0.0039 0.9884 0.0078 
0.9884 0.0000 0.0116 0.0000 
0.0310 0.5698 0.2287 0.1705 
0.2054 0.2054 0.0388 0.5504 
0.1822 0.3605 0.1202 0.3372 
0.4690 0.1124 0.1550 0.2636 
0.0969 0.0271 0.5659 0.3101 
0.2558 0.2868 0.2403 0.2171 
0.2481 0.1822 0.3140 0.2558 
0.2713 0.1667 0.2481 0.3140 

MOTIF filter20 
letter-probability matrix: alength= 4 w= 15 nsites= 15 
0.2904 0.2243 0.2132 0.2721 
0.2537 0.2426 0.2279 0.2757 
0.1250 0.0919 0.0294 0.7537 
0.0000 0.0000 0.0000 1.0000 
0.0000 0.0000 0.0000 1.0000 
0.0331 0.9669 0.0000 0.0000 
0.0000 1.0000 0.0000 0.0000 
0.0257 0.4890 0.0110 0.4743 
0.4669 0.0000 0.5147 0.0184 
0.0000 0.0000 0.8713 0.1287 
0.9853 0.0147 0.0000 0.0000 
0.9963 0.0000 0.0037 0.0000 
0.4669 0.1801 0.2757 0.0772 
0.2279 0.2390 0.3051 0.2279 
0.3051 0.1912 0.2169 0.2868 

MOTIF filter21 
letter-probability matrix: alength= 4 w= 18 nsites= 18 
0.4566 0.1190 0.3650 0.0595 
0.0305 0.4711 0.1559 0.3424 
0.2588 0.0804 0.2605 0.4003 
0.0354 0.0048 0.5659 0.3939 
0.0402 0.7894 0.0498 0.1206 
0.0402 0.4711 0.2942 0.1945 
0.5691 0.3360 0.0949 0.0000 
0.0595 0.0000 0.1206 0.8199 
0.0000 0.0707 0.0659 0.8633 
0.3489 0.0000 0.1656 0.4855 
0.0434 0.4839 0.0000 0.4727 
0.3328 0.0000 0.5756 0.0916 
0.3714 0.4293 0.0000 0.1994 
0.5772 0.0884 0.2878 0.0466 
0.6270 0.0514 0.2814 0.0402 
0.1994 0.2572 0.2090 0.3344 
0.1543 0.2637 0.4357 0.1463 
0.2203 0.1093 0.3842 0.2862 

MOTIF filter22 
letter-probability matrix: alength= 4 w= 16 nsites= 16 
0.2602 0.2346 0.2597 0.2456 
0.2170 0.1843 0.3581 0.2406 
0.1010 0.1627 0.2772 0.4591 
0.0321 0.5334 0.4304 0.0040 
0.3842 0.0723 0.2451 0.2983 
0.0171 0.0743 0.4972 0.4114 
0.7514 0.1426 0.0171 0.0889 
0.4335 0.1180 0.0326 0.4159 
0.2165 0.3661 0.2069 0.2104 
0.0281 0.2346 0.0161 0.7212 
0.0035 0.7780 0.0814 0.1371 
0.1502 0.3375 0.0367 0.4756 
0.2692 0.7002 0.0090 0.0216 
0.3189 0.2260 0.3290 0.1261 
0.2868 0.3857 0.1979 0.1296 
0.2953 0.3425 0.0010 0.3611 

MOTIF filter23 
letter-probability matrix: alength= 4 w= 12 nsites= 12 
0.0973 0.4715 0.3205 0.1107 
0.3540 0.3943 0.0587 0.1930 
0.2768 0.1728 0.3574 0.1930 
0.0000 0.9497 0.0453 0.0050 
0.8003 0.0000 0.0000 0.1997 
0.0034 0.7164 0.0671 0.2131 
0.0017 0.0671 0.9312 0.0000 
0.0000 0.0000 0.0084 0.9916 
0.0789 0.0000 0.9178 0.0034 
0.3221 0.1141 0.3523 0.2114 
0.3389 0.3087 0.1527 0.1997 
0.3473 0.2718 0.1141 0.2668 

MOTIF filter24 
letter-probability matrix: alength= 4 w= 15 nsites= 15 
0.1775 0.2801 0.2308 0.3116 
0.1598 0.1953 0.2012 0.4438 
0.1736 0.2446 0.5385 0.0434 
0.4970 0.0000 0.4418 0.0611 
0.1282 0.7988 0.0020 0.0710 
0.0848 0.8817 0.0335 0.0000 
0.7870 0.0000 0.0197 0.1933 
0.7475 0.0513 0.2012 0.0000 
0.0079 0.0000 0.0000 0.9921 
0.2584 0.6509 0.0611 0.0296 
0.5937 0.0316 0.1381 0.2367 
0.0099 0.3570 0.5621 0.0710 
0.2801 0.2327 0.2051 0.2821 
0.2071 0.0493 0.1499 0.5937 
0.2564 0.1657 0.3491 0.2288 

MOTIF filter25 
letter-probability matrix: alength= 4 w= 15 nsites= 15 
0.1360 0.3456 0.1544 0.3640 
0.0625 0.3088 0.4485 0.1801 
0.4191 0.0441 0.5368 0.0000 
0.6581 0.0000 0.2868 0.0551 
0.0000 1.0000 0.0000 0.0000 
0.0000 1.0000 0.0000 0.0000 
1.0000 0.0000 0.0000 0.0000 
1.0000 0.0000 0.0000 0.0000 
0.0000 0.0000 0.0000 1.0000 
0.0294 0.7684 0.1985 0.0037 
0.8824 0.0037 0.1140 0.0000 
0.1066 0.0809 0.7978 0.0147 
0.1765 0.2500 0.2463 0.3272 
0.2022 0.2279 0.2684 0.3015 
0.1728 0.3750 0.1287 0.3235 

MOTIF filter26 
letter-probability matrix: alength= 4 w= 15 nsites= 15 
0.2133 0.2667 0.2800 0.2400 
0.1700 0.1833 0.3600 0.2867 
0.0033 0.4767 0.2833 0.2367 
0.0767 0.6733 0.0733 0.1767 
0.7367 0.0000 0.2333 0.0300 
0.0000 0.8700 0.0167 0.1133 
0.0000 0.0000 0.0000 1.0000 
0.0033 0.0000 0.0000 0.9967 
0.0000 1.0000 0.0000 0.0000 
0.0000 1.0000 0.0000 0.0000 
0.0000 0.0000 0.9900 0.0100 
0.0000 0.1500 0.8500 0.0000 
0.1833 0.2100 0.2500 0.3567 
0.2133 0.2333 0.2867 0.2667 
0.2367 0.2100 0.2500 0.3033 

MOTIF filter27 
letter-probability matrix: alength= 4 w= 13 nsites= 13 
0.4321 0.1396 0.1566 0.2717 
0.2340 0.4113 0.0830 0.2717 
0.1038 0.2321 0.4774 0.1868 
0.0132 0.0019 0.4396 0.5453 
0.1340 0.1208 0.3396 0.4057 
0.3264 0.6000 0.0642 0.0094 
0.1245 0.0302 0.0566 0.7887 
0.3340 0.0075 0.6547 0.0038 
0.6547 0.0057 0.0943 0.2453 
0.0000 0.5642 0.4094 0.0264 
0.0774 0.0340 0.0943 0.7943 
0.0132 0.8736 0.0132 0.1000 
0.6340 0.0528 0.0698 0.2434 

MOTIF filter28 
letter-probability matrix: alength= 4 w= 16 nsites= 16 
0.1226 0.4412 0.3085 0.1277 
0.2453 0.1707 0.3464 0.2377 
0.1239 0.0392 0.3464 0.4905 
0.0910 0.8837 0.0000 0.0253 
0.0000 0.0228 0.0051 0.9722 
0.7358 0.0000 0.2592 0.0051 
0.3717 0.0379 0.0379 0.5525 
0.5790 0.0000 0.0063 0.4147 
0.6372 0.0051 0.0796 0.2781 
0.4994 0.1960 0.0329 0.2718 
0.0367 0.1378 0.0076 0.8180 
0.8622 0.1239 0.0114 0.0025 
0.2225 0.1340 0.6144 0.0291 
0.3300 0.4349 0.1871 0.0480 
0.2655 0.2402 0.2389 0.2554 
0.2149 0.2503 0.2630 0.2718 

MOTIF filter29 
letter-probability matrix: alength= 4 w= 16 nsites= 16 
0.1218 0.1920 0.0774 0.6089 
0.0795 0.0980 0.5779 0.2446 
0.3591 0.3695 0.1063 0.1651 
0.0000 0.9164 0.0268 0.0568 
0.0021 0.9185 0.0310 0.0485 
0.7585 0.0021 0.1207 0.1187 
0.0031 0.1765 0.0031 0.8173 
0.7451 0.0000 0.0000 0.2549 
0.0000 0.0031 0.0083 0.9886 
0.7709 0.2281 0.0000 0.0010 
0.1053 0.2415 0.0010 0.6522 
0.0000 0.0010 0.9990 0.0000 
0.0000 0.0351 0.9639 0.0010 
0.1228 0.0722 0.4056 0.3994 
0.1868 0.5501 0.1579 0.1053 
0.6945 0.0557 0.0361 0.2136 

MOTIF filter30 
letter-probability matrix: alength= 4 w= 16 nsites= 16 
0.3315 0.3798 0.0593 0.2294 
0.4182 0.1778 0.2261 0.1778 
0.1317 0.1361 0.2086 0.5236 
0.0450 0.1207 0.1614 0.6729 
0.4720 0.1383 0.3897 0.0000 
0.0439 0.2755 0.5038 0.1767 
0.0252 0.6861 0.0252 0.2634 
0.0779 0.6641 0.0966 0.1614 
0.7256 0.0285 0.2009 0.0450 
0.0779 0.0417 0.8595 0.0209 
0.5082 0.2909 0.1032 0.0977 
0.8968 0.0099 0.0724 0.0209 
0.6411 0.1658 0.0165 0.1767 
0.3897 0.3260 0.1932 0.0911 
0.4281 0.1537 0.2009 0.2173 
0.3019 0.3611 0.1515 0.1855 

MOTIF filter31 
letter-probability matrix: alength= 4 w= 17 nsites= 17 
0.2644 0.2329 0.2399 0.2627 
0.2119 0.4588 0.1401 0.1891 
0.0333 0.0963 0.1471 0.7233 
0.0280 0.0053 0.0035 0.9632 
0.0000 0.3450 0.0000 0.6550 
0.0175 0.6550 0.1349 0.1926 
0.0158 0.1016 0.8792 0.0035 
0.2504 0.2399 0.5026 0.0070 
0.2119 0.0000 0.6305 0.1576 
0.2890 0.4238 0.1524 0.1349 
0.5044 0.0490 0.2382 0.2084 
0.1191 0.4676 0.1331 0.2802 
0.3818 0.1541 0.4203 0.0438 
0.6725 0.1419 0.0771 0.1086 
0.0981 0.6287 0.1121 0.1611 
0.3765 0.1208 0.2609 0.2417 
0.1996 0.3047 0.3748 0.1208 

MOTIF filter32 
letter-probability matrix: alength= 4 w= 12 nsites= 12 
0.2276 0.2276 0.2793 0.2655 
0.4115 0.2264 0.2724 0.0897 
0.2276 0.2954 0.3494 0.1276 
0.0000 1.0000 0.0000 0.0000 
0.9874 0.0000 0.0115 0.0011 
0.0000 1.0000 0.0000 0.0000 
0.0149 0.0000 0.9851 0.0000 
0.0138 0.0092 0.0000 0.9770 
0.0000 0.0000 1.0000 0.0000 
0.1862 0.3333 0.2299 0.2506 
0.1230 0.2218 0.1517 0.5034 
0.2011 0.2632 0.2793 0.2563 

MOTIF filter33 
letter-probability matrix: alength= 4 w= 15 nsites= 15 
0.2609 0.2508 0.2172 0.2710 
0.2458 0.2458 0.2525 0.2559 
0.0842 0.2340 0.1465 0.5354 
0.0000 0.0000 0.0000 1.0000 
0.0000 0.0000 0.0101 0.9899 
0.0320 0.9680 0.0000 0.0000 
0.0101 0.7609 0.0000 0.2290 
0.2946 0.1414 0.3232 0.2407 
0.1364 0.0000 0.8636 0.0000 
0.0000 0.0000 0.9916 0.0084 
1.0000 0.0000 0.0000 0.0000 
1.0000 0.0000 0.0000 0.0000 
0.6061 0.1330 0.0976 0.1633 
0.2239 0.2795 0.2593 0.2374 
0.2694 0.1987 0.2828 0.2492 

MOTIF filter34 
letter-probability matrix: alength= 4 w= 17 nsites= 17 
0.2583 0.3042 0.2542 0.1833 
0.2833 0.2625 0.2125 0.2417 
0.2417 0.1833 0.3250 0.2500 
0.2667 0.0667 0.6250 0.0417 
0.0667 0.0000 0.8667 0.0667 
0.1667 0.0000 0.8333 0.0000 
0.0000 0.0000 1.0000 0.0000 
0.0000 0.0000 1.0000 0.0000 
0.2625 0.5583 0.0000 0.1792 
0.0000 0.0000 1.0000 0.0000 
0.0042 0.0000 0.9958 0.0000 
0.1667 0.0000 0.8333 0.0000 
0.0958 0.0042 0.9000 0.0000 
0.1917 0.6417 0.1167 0.0500 
0.2917 0.1792 0.3000 0.2292 
0.2792 0.2042 0.2542 0.2625 
0.2375 0.1792 0.2500 0.3333 

MOTIF filter35 
letter-probability matrix: alength= 4 w= 17 nsites= 17 
0.1460 0.4832 0.1547 0.2161 
0.2234 0.3007 0.0657 0.4102 
0.0964 0.1460 0.3387 0.4190 
0.4453 0.0584 0.4964 0.0000 
0.1241 0.2015 0.1226 0.5518 
0.6453 0.3460 0.0015 0.0073 
0.0029 0.8350 0.0978 0.0642 
0.0058 0.4745 0.4263 0.0934 
0.4453 0.0715 0.4818 0.0015 
0.0876 0.3518 0.2058 0.3547 
0.0000 0.3854 0.2161 0.3985 
0.7825 0.0000 0.0204 0.1971 
0.0715 0.2394 0.3766 0.3124 
0.3898 0.1401 0.0000 0.4701 
0.1212 0.1124 0.3197 0.4467 
0.6891 0.0569 0.2394 0.0146 
0.1445 0.4423 0.3066 0.1066 

MOTIF filter36 
letter-probability matrix: alength= 4 w= 15 nsites= 15 
0.5049 0.2866 0.1238 0.0847 
0.1954 0.1792 0.4984 0.1270 
0.1889 0.5863 0.1596 0.0651 
0.1010 0.0163 0.1922 0.6906 
0.6515 0.2997 0.0293 0.0195 
0.9446 0.0000 0.0000 0.0554 
0.9381 0.0619 0.0000 0.0000 
0.7296 0.0130 0.2541 0.0033 
0.9642 0.0000 0.0000 0.0358 
0.0000 0.0195 0.0293 0.9511 
0.4821 0.0000 0.4007 0.1173 
0.0945 0.0033 0.8925 0.0098 
0.3550 0.4886 0.0195 0.1368 
0.1270 0.2052 0.4104 0.2573 
0.1270 0.3160 0.3681 0.1889 

MOTIF filter37 
letter-probability matrix: alength= 4 w= 16 nsites= 16 
0.2151 0.1329 0.1152 0.5368 
0.1041 0.1507 0.5131 0.2320 
0.2760 0.2388 0.1778 0.3074 
0.0025 0.9881 0.0000 0.0093 
0.0000 0.5868 0.0000 0.4132 
0.9246 0.0000 0.0000 0.0754 
0.0728 0.0000 0.0000 0.9272 
0.7595 0.0000 0.0000 0.2405 
0.2134 0.0000 0.0000 0.7866 
0.8882 0.0000 0.0000 0.1118 
0.0059 0.0000 0.0000 0.9941 
0.4166 0.0000 0.5834 0.0000 
0.0127 0.0017 0.9822 0.0034 
0.2125 0.2312 0.2481 0.3082 
0.2345 0.5038 0.1812 0.0804 
0.5639 0.1160 0.1448 0.1753 

MOTIF filter38 
letter-probability matrix: alength= 4 w= 15 nsites= 15 
0.2903 0.2304 0.2189 0.2604 
0.2834 0.1106 0.5369 0.0691 
0.2005 0.2834 0.0599 0.4562 
0.0069 0.0000 0.0645 0.9286 
0.0023 0.0023 0.0023 0.9931 
0.0599 0.8525 0.0806 0.0069 
0.0115 0.7581 0.1175 0.1129 
0.3502 0.1659 0.1106 0.3733 
0.0737 0.0300 0.8525 0.0438 
0.0853 0.0138 0.7604 0.1406 
0.9493 0.0184 0.0069 0.0253 
0.9608 0.0092 0.0300 0.0000 
0.2235 0.3710 0.2189 0.1866 
0.1797 0.3802 0.2627 0.1774 
0.1359 0.4286 0.1774 0.2581 

MOTIF filter39 
letter-probability matrix: alength= 4 w= 18 nsites= 18 
0.1780 0.3314 0.1059 0.3847 
0.4441 0.1059 0.2737 0.1763 
0.2585 0.0915 0.1839 0.4661 
0.0144 0.6958 0.1915 0.0983 
0.4280 0.0678 0.2449 0.2593 
0.1686 0.0051 0.5924 0.2339 
0.2136 0.5754 0.2059 0.0051 
0.4890 0.0390 0.3542 0.1178 
0.1661 0.4076 0.2780 0.1483 
0.0475 0.7847 0.1381 0.0297 
0.0085 0.1551 0.4610 0.3754 
0.0534 0.0856 0.0381 0.8229 
0.1661 0.2585 0.1805 0.3949 
0.0619 0.3000 0.0644 0.5737 
0.1398 0.0712 0.7076 0.0814 
0.1686 0.0873 0.2076 0.5364 
0.0373 0.1254 0.2941 0.5432 
0.2398 0.4356 0.2381 0.0864 

MOTIF filter40 
letter-probability matrix: alength= 4 w= 12 nsites= 12 
0.2279 0.3271 0.2310 0.2140 
0.3178 0.2605 0.2233 0.1984 
0.2620 0.2806 0.2000 0.2574 
1.0000 0.0000 0.0000 0.0000 
0.0000 0.0000 0.0000 1.0000 
0.0000 0.4806 0.0000 0.5194 
1.0000 0.0000 0.0000 0.0000 
1.0000 0.0000 0.0000 0.0000 
0.9953 0.0000 0.0031 0.0016 
0.2403 0.2434 0.2527 0.2636 
0.2465 0.2713 0.2589 0.2233 
0.2357 0.2310 0.2791 0.2543 

MOTIF filter41 
letter-probability matrix: alength= 4 w= 9 nsites= 9 
0.2036 0.4540 0.2313 0.1111 
0.1281 0.2414 0.4009 0.2297 
0.3009 0.3493 0.2366 0.1132 
0.0813 0.3578 0.0027 0.5582 
0.0011 0.5965 0.3418 0.0606 
0.6672 0.1685 0.0037 0.1606 
0.3254 0.0484 0.0037 0.6225 
0.0000 0.0005 0.0011 0.9984 
0.2286 0.1318 0.6066 0.0330 

MOTIF filter42 
letter-probability matrix: alength= 4 w= 15 nsites= 15 
0.2226 0.2226 0.2392 0.3156 
0.2326 0.2259 0.2591 0.2824 
0.2126 0.2691 0.2824 0.2359 
0.2558 0.0365 0.6279 0.0797 
0.1163 0.0000 0.8239 0.0598 
0.1495 0.0000 0.8505 0.0000 
0.0000 0.0000 1.0000 0.0000 
0.0000 0.0000 1.0000 0.0000 
0.2857 0.5947 0.0000 0.1196 
0.0000 0.0000 1.0000 0.0000 
0.0000 0.0000 1.0000 0.0000 
0.0930 0.0000 0.9070 0.0000 
0.1528 0.0166 0.8306 0.0000 
0.1528 0.5748 0.1993 0.0731 
0.2857 0.2126 0.2990 0.2027 

MOTIF filter43 
letter-probability matrix: alength= 4 w= 16 nsites= 16 
0.2870 0.1870 0.1870 0.3391 
0.2565 0.2348 0.2130 0.2957 
0.1000 0.1957 0.3304 0.3739 
0.0000 0.5174 0.1478 0.3348 
0.0739 0.6696 0.1696 0.0870 
0.7913 0.0043 0.1870 0.0174 
0.0000 0.9913 0.0043 0.0043 
0.0000 0.0000 0.0000 1.0000 
0.0000 0.0000 0.0000 1.0000 
0.0000 1.0000 0.0000 0.0000 
0.0000 1.0000 0.0000 0.0000 
0.0000 0.0000 0.9261 0.0739 
0.0000 0.1957 0.8000 0.0043 
0.2217 0.1913 0.2870 0.3000 
0.1565 0.2739 0.3217 0.2478 
0.3043 0.2478 0.2304 0.2174 

MOTIF filter44 
letter-probability matrix: alength= 4 w= 20 nsites= 20 
0.2535 0.2481 0.2460 0.2524 
0.4004 0.1502 0.2045 0.2449 
0.3802 0.3163 0.1885 0.1150 
0.6475 0.0277 0.1768 0.1480 
0.3429 0.2396 0.3376 0.0799 
0.3142 0.2002 0.2599 0.2258 
0.1906 0.1587 0.0149 0.6358 
0.3003 0.0075 0.5122 0.1800 
0.1832 0.1108 0.0075 0.6986 
0.2599 0.4388 0.0117 0.2897 
0.2013 0.4750 0.0799 0.2439 
0.8179 0.0075 0.0000 0.1747 
0.1363 0.0064 0.0000 0.8573 
0.7061 0.0000 0.0415 0.2524 
0.0298 0.0426 0.2673 0.6603 
0.7423 0.0117 0.1416 0.1044 
0.2417 0.1001 0.1022 0.5559 
0.1619 0.0948 0.5698 0.1736 
0.0043 0.0980 0.6773 0.2204 
0.1235 0.3088 0.4633 0.1044 

MOTIF filter45 
letter-probability matrix: alength= 4 w= 12 nsites= 12 
0.3617 0.1830 0.2064 0.2489 
0.4191 0.2383 0.3064 0.0362 
0.2149 0.3702 0.2851 0.1298 
0.1021 0.8979 0.0000 0.0000 
1.0000 0.0000 0.0000 0.0000 
0.0064 0.9766 0.0128 0.0043 
0.2128 0.0000 0.7872 0.0000 
0.0000 0.0000 0.0000 1.0000 
0.0000 0.0000 1.0000 0.0000 
0.1128 0.4064 0.3234 0.1574 
0.1277 0.4191 0.0830 0.3702 
0.2787 0.3404 0.1404 0.2404 

MOTIF filter46 
letter-probability matrix: alength= 4 w= 17 nsites= 17 
0.2213 0.2967 0.2852 0.1967 
0.2213 0.2508 0.2754 0.2525 
0.0672 0.0918 0.3689 0.4721 
0.0361 0.9246 0.0000 0.0393 
0.0016 0.0016 0.0131 0.9836 
1.0000 0.0000 0.0000 0.0000 
0.2787 0.0230 0.0164 0.6820 
0.4230 0.0000 0.0000 0.5770 
0.5410 0.0000 0.0033 0.4557 
0.6705 0.0016 0.0230 0.3049 
0.0000 0.0033 0.0000 0.9967 
0.9770 0.0033 0.0000 0.0197 
0.0770 0.0016 0.9098 0.0115 
0.4869 0.4492 0.0328 0.0311 
0.2459 0.2426 0.2639 0.2475 
0.2607 0.1984 0.3393 0.2016 
0.2803 0.3377 0.1656 0.2164 

MOTIF filter47 
letter-probability matrix: alength= 4 w= 13 nsites= 13 
0.2177 0.2717 0.2466 0.2640 
0.2929 0.1368 0.4778 0.0925 
0.2216 0.2486 0.3487 0.1811 
0.0000 0.5877 0.0000 0.4123 
0.0058 0.7206 0.2736 0.0000 
1.0000 0.0000 0.0000 0.0000 
0.4740 0.0000 0.0000 0.5260 
0.0039 0.0000 0.0000 0.9961 
0.0173 0.2871 0.6705 0.0250 
0.3391 0.0077 0.6532 0.0000 
0.1137 0.3776 0.3064 0.2023 
0.1195 0.4085 0.3256 0.1464 
0.1426 0.3507 0.4239 0.0829 

MOTIF filter48 
letter-probability matrix: alength= 4 w= 20 nsites= 20 
0.2419 0.2566 0.2448 0.2566 
0.1504 0.4454 0.2566 0.1475 
0.1372 0.0383 0.7198 0.1047 
0.3038 0.1401 0.2699 0.2861 
0.1475 0.1357 0.1195 0.5973 
0.0044 0.3909 0.5841 0.0206 
0.1726 0.1150 0.3363 0.3761 
0.3938 0.1372 0.0369 0.4322 
0.0310 0.3260 0.3156 0.3274 
0.3850 0.1519 0.0575 0.4056 
0.0074 0.7566 0.1799 0.0560 
0.1239 0.5487 0.2773 0.0501 
0.4115 0.0664 0.3289 0.1932 
0.0162 0.4853 0.0723 0.4263 
0.5560 0.0708 0.3717 0.0015 
0.0649 0.0855 0.2021 0.6475 
0.6519 0.2301 0.0723 0.0457 
0.0973 0.2389 0.0752 0.5885 
0.0177 0.0000 0.9676 0.0147 
0.0546 0.1534 0.7006 0.0914 

MOTIF filter49 
letter-probability matrix: alength= 4 w= 16 nsites= 16 
0.2524 0.2396 0.2524 0.2556 
0.1246 0.0096 0.6965 0.1693 
0.0831 0.7348 0.1182 0.0639 
0.2716 0.3387 0.2716 0.1182 
0.0319 0.0000 0.8722 0.0958 
0.0000 1.0000 0.0000 0.0000 
0.0000 1.0000 0.0000 0.0000 
1.0000 0.0000 0.0000 0.0000 
0.0000 0.0000 0.0000 1.0000 
0.0032 0.5016 0.0767 0.4185 
0.0000 0.0735 0.0000 0.9265 
0.0000 0.0224 0.0000 0.9776 
0.0863 0.0990 0.7188 0.0958 
0.2556 0.2236 0.2652 0.2556 
0.2332 0.2236 0.2556 0.2875 
0.2300 0.2652 0.2652 0.2396 

MOTIF filter50 
letter-probability matrix: alength= 4 w= 18 nsites= 18 
0.2391 0.2478 0.2595 0.2536 
0.4519 0.0729 0.4752 0.0000 
0.3994 0.3644 0.0700 0.1662 
0.4431 0.1370 0.0641 0.3557 
0.1108 0.3440 0.1808 0.3644 
0.0729 0.3790 0.2653 0.2828 
0.3703 0.2449 0.3761 0.0087 
0.5831 0.0466 0.3032 0.0671 
0.0933 0.8630 0.0058 0.0379 
0.0000 0.9563 0.0437 0.0000 
0.9796 0.0000 0.0000 0.0204 
0.9067 0.0000 0.0058 0.0875 
0.0700 0.0962 0.0000 0.8338 
0.2711 0.6006 0.0816 0.0466 
0.5977 0.0117 0.0466 0.3440 
0.1808 0.1312 0.5889 0.0991 
0.6327 0.1050 0.1662 0.0962 
0.2070 0.2099 0.2624 0.3207 

MOTIF filter51 
letter-probability matrix: alength= 4 w= 11 nsites= 11 
0.0140 0.2626 0.3404 0.3830 
0.1222 0.5959 0.1906 0.0912 
0.5263 0.2363 0.1398 0.0977 
0.0012 0.0456 0.9129 0.0404 
0.0807 0.9047 0.0111 0.0035 
0.5029 0.1193 0.2977 0.0801 
0.6673 0.0561 0.1503 0.1263 
0.2567 0.0725 0.0000 0.6708 
0.3433 0.0398 0.4567 0.1602 
0.1731 0.2643 0.3316 0.2310 
0.4082 0.1994 0.1567 0.2357 

MOTIF filter52 
letter-probability matrix: alength= 4 w= 16 nsites= 16 
0.3199 0.2161 0.1960 0.2680 
0.2536 0.2450 0.2392 0.2622 
0.2565 0.2392 0.2738 0.2305 
0.2939 0.0346 0.5735 0.0980 
0.1844 0.0000 0.7464 0.0692 
0.1960 0.0000 0.8040 0.0000 
0.0000 0.0000 1.0000 0.0000 
0.0000 0.0000 1.0000 0.0000 
0.4035 0.4870 0.0000 0.1095 
0.0000 0.0000 1.0000 0.0000 
0.0000 0.0000 1.0000 0.0000 
0.1787 0.0000 0.8213 0.0000 
0.2017 0.0173 0.7810 0.0000 
0.1902 0.5274 0.1009 0.1816 
0.3458 0.1758 0.2536 0.2248 
0.2421 0.3372 0.1585 0.2622 

MOTIF filter53 
letter-probability matrix: alength= 4 w= 15 nsites= 15 
0.1705 0.2210 0.3737 0.2348 
0.3687 0.2247 0.0720 0.3346 
0.0227 0.3573 0.1793 0.4407 
0.0417 0.8321 0.1263 0.0000 
0.3775 0.1679 0.0328 0.4217 
0.1250 0.0682 0.2702 0.5366 
0.9886 0.0025 0.0076 0.0013 
0.0909 0.0379 0.2689 0.6023 
0.8409 0.0177 0.0013 0.1402 
0.2134 0.2551 0.0720 0.4596 
0.0960 0.0265 0.8523 0.0253 
0.0088 0.3396 0.6212 0.0303 
0.1111 0.1818 0.5341 0.1730 
0.5139 0.3523 0.0859 0.0480 
0.3485 0.2955 0.3081 0.0480 

MOTIF filter54 
letter-probability matrix: alength= 4 w= 16 nsites= 16 
0.3030 0.2939 0.2303 0.1727 
0.3121 0.2606 0.1909 0.2364 
0.2152 0.2333 0.2424 0.3091 
0.0061 0.8152 0.0848 0.0939 
0.0000 0.1333 0.0030 0.8636 
0.0000 0.2667 0.6758 0.0576 
1.0000 0.0000 0.0000 0.0000 
0.0000 0.0000 0.0000 1.0000 
0.0000 0.0000 0.0030 0.9970 
0.0000 0.0000 1.0000 0.0000 
0.0000 0.0000 1.0000 0.0000 
0.0212 0.4121 0.0000 0.5667 
0.0061 0.4121 0.1303 0.4515 
0.1606 0.4455 0.3212 0.0727 
0.4970 0.1545 0.2788 0.0697 
0.1515 0.1576 0.2606 0.4303 

MOTIF filter55 
letter-probability matrix: alength= 4 w= 13 nsites= 13 
0.2269 0.2523 0.2477 0.2731 
0.3125 0.2269 0.1736 0.2870 
0.5162 0.0880 0.3565 0.0394 
0.0000 0.0000 0.0000 1.0000 
0.0000 0.0000 0.0579 0.9421 
0.3009 0.0000 0.6574 0.0417 
0.0000 0.9676 0.0023 0.0301 
0.0208 0.0208 0.9583 0.0000 
0.0185 0.8634 0.0000 0.1181 
1.0000 0.0000 0.0000 0.0000 
1.0000 0.0000 0.0000 0.0000 
0.0023 0.4120 0.0394 0.5463 
0.3079 0.3426 0.2153 0.1343 

MOTIF filter56 
letter-probability matrix: alength= 4 w= 18 nsites= 18 
0.1777 0.2905 0.3207 0.2112 
0.1564 0.3743 0.2101 0.2592 
0.2089 0.0469 0.1654 0.5788 
0.1531 0.1330 0.6469 0.0670 
0.2257 0.4838 0.1274 0.1631 
0.2045 0.7274 0.0659 0.0022 
0.0179 0.8313 0.1184 0.0324 
0.5285 0.0145 0.0011 0.4559 
0.0011 0.0000 0.0000 0.9989 
0.5844 0.3978 0.0101 0.0078 
0.0000 0.2615 0.0145 0.7240 
0.7777 0.0000 0.2168 0.0056 
0.1911 0.0123 0.1017 0.6950 
0.0223 0.1408 0.7844 0.0525 
0.0492 0.1665 0.7575 0.0268 
0.1207 0.1922 0.4536 0.2335 
0.1497 0.4302 0.3196 0.1006 
0.4547 0.2022 0.0279 0.3151 

MOTIF filter57 
letter-probability matrix: alength= 4 w= 20 nsites= 20 
0.2424 0.2441 0.2551 0.2584 
0.0926 0.5471 0.2054 0.1549 
0.5833 0.0707 0.2963 0.0497 
0.5825 0.1279 0.2012 0.0884 
0.3089 0.2786 0.3308 0.0816 
0.3636 0.0429 0.1027 0.4907 
0.2113 0.3081 0.1111 0.3695 
0.3990 0.0614 0.0177 0.5219 
0.4057 0.0034 0.0118 0.5791 
0.0295 0.2433 0.4099 0.3173 
0.0690 0.6481 0.2399 0.0429 
0.2029 0.3721 0.1136 0.3114 
0.2694 0.0623 0.2365 0.4318 
0.4108 0.0774 0.4697 0.0421 
0.3300 0.0657 0.4301 0.1742 
0.0505 0.2904 0.1061 0.5530 
0.0345 0.2694 0.0875 0.6086 
0.1759 0.7298 0.0387 0.0556 
0.7652 0.0631 0.1406 0.0311 
0.2256 0.4495 0.1902 0.1347 

MOTIF filter58 
letter-probability matrix: alength= 4 w= 20 nsites= 20 
0.2624 0.2640 0.2480 0.2256 
0.2912 0.1936 0.3128 0.2024 
0.1184 0.1792 0.0712 0.6312 
0.0080 0.3224 0.2488 0.4208 
0.5256 0.2592 0.1344 0.0808 
0.0224 0.7448 0.2312 0.0016 
0.0600 0.6144 0.0960 0.2296 
0.4216 0.3512 0.0288 0.1984 
0.2616 0.0384 0.3672 0.3328 
0.6952 0.1568 0.1304 0.0176 
0.0000 0.0888 0.1544 0.7568 
0.6176 0.1584 0.0016 0.2224 
0.0608 0.6744 0.0040 0.2608 
0.1584 0.1240 0.2496 0.4680 
0.1088 0.4320 0.4232 0.0360 
0.1000 0.1896 0.1544 0.5560 
0.1880 0.5360 0.1480 0.1280 
0.7288 0.0864 0.0576 0.1272 
0.1824 0.3016 0.4608 0.0552 
0.0584 0.3224 0.2816 0.3376 

MOTIF filter59 
letter-probability matrix: alength= 4 w= 18 nsites= 18 
0.2685 0.2315 0.2654 0.2346 
0.2068 0.2901 0.2407 0.2623 
0.2654 0.2531 0.1975 0.2840 
0.1358 0.6944 0.0926 0.0772 
0.9969 0.0000 0.0031 0.0000 
0.9444 0.0000 0.0494 0.0062 
0.3827 0.0988 0.5185 0.0000 
1.0000 0.0000 0.0000 0.0000 
0.0000 0.0000 0.0000 1.0000 
0.0000 0.0000 1.0000 0.0000 
0.0000 0.0000 1.0000 0.0000 
0.0895 0.8457 0.0000 0.0648 
0.0895 0.2562 0.4167 0.2377 
0.0370 0.1111 0.7747 0.0772 
0.1327 0.7623 0.0216 0.0833 
0.2623 0.2654 0.2130 0.2593 
0.2160 0.2346 0.2932 0.2562 
0.2593 0.2747 0.2377 0.2284 

MOTIF filter60 
letter-probability matrix: alength= 4 w= 16 nsites= 16 
0.3109 0.1197 0.4769 0.0924 
0.4475 0.2899 0.1744 0.0882 
0.4580 0.3046 0.1450 0.0924 
0.1176 0.0819 0.0714 0.7290 
0.0000 0.2479 0.4979 0.2542 
0.3845 0.4055 0.0714 0.1387 
0.0084 0.7773 0.1303 0.0840 
0.0168 0.4580 0.0231 0.5021 
0.0882 0.9097 0.0000 0.0021 
0.3004 0.1303 0.5042 0.0651 
0.1450 0.7101 0.0063 0.1387 
0.0840 0.8613 0.0021 0.0525 
0.0672 0.7605 0.0252 0.1471 
0.4265 0.4517 0.0000 0.1218 
0.0546 0.2815 0.1450 0.5189 
0.4139 0.1576 0.2101 0.2185 

MOTIF filter61 
letter-probability matrix: alength= 4 w= 14 nsites= 14 
0.2579 0.3727 0.1281 0.2413 
0.0799 0.2346 0.3894 0.2962 
0.4958 0.1215 0.3494 0.0333 
0.0000 0.0133 0.0100 0.9767 
0.0715 0.0516 0.0133 0.8636 
0.2995 0.0116 0.6090 0.0799 
0.0116 0.8785 0.0300 0.0799 
0.0083 0.0183 0.9584 0.0150 
0.0815 0.6938 0.0000 0.2246 
0.9567 0.0399 0.0017 0.0017 
0.9734 0.0250 0.0000 0.0017 
0.0183 0.4792 0.0316 0.4709 
0.3777 0.2429 0.2379 0.1414 
0.2396 0.2429 0.2779 0.2396 

MOTIF filter62 
letter-probability matrix: alength= 4 w= 13 nsites= 13 
0.5174 0.1963 0.0368 0.2495 
0.3252 0.0900 0.2577 0.3272 
0.3967 0.1227 0.2270 0.2536 
0.0409 0.0102 0.0041 0.9448 
0.0327 0.0102 0.8650 0.0920 
0.7096 0.2290 0.0000 0.0613 
0.0470 0.5153 0.4274 0.0102 
0.0368 0.0020 0.1186 0.8425 
0.1002 0.8098 0.0757 0.0143 
0.8528 0.0450 0.0429 0.0593 
0.1329 0.4724 0.1002 0.2945 
0.3190 0.0593 0.4683 0.1534 
0.5031 0.0879 0.2249 0.1840 

MOTIF filter63 
letter-probability matrix: alength= 4 w= 19 nsites= 19 
0.2509 0.2715 0.2131 0.2646 
0.3127 0.5498 0.0206 0.1168 
0.2646 0.2268 0.0825 0.4261 
0.2474 0.1924 0.3230 0.2371 
0.5945 0.0756 0.1443 0.1856 
0.1409 0.3436 0.4914 0.0241 
0.0000 0.0000 0.0000 1.0000 
0.0137 0.9863 0.0000 0.0000 
1.0000 0.0000 0.0000 0.0000 
0.0000 0.0000 0.9759 0.0241 
0.0000 1.0000 0.0000 0.0000 
0.9897 0.0000 0.0000 0.0103 
0.4845 0.1787 0.0756 0.2612 
0.4124 0.0412 0.0000 0.5464 
0.3711 0.0790 0.0034 0.5464 
0.3471 0.0859 0.0034 0.5636 
0.2921 0.2509 0.2543 0.2027 
0.2955 0.2887 0.1959 0.2199 
0.1924 0.2990 0.3024 0.2062 

MOTIF filter64 
letter-probability matrix: alength= 4 w= 14 nsites= 14 
0.1616 0.3624 0.2424 0.2336 
0.3100 0.1812 0.4127 0.0961 
0.3624 0.1550 0.4214 0.0611 
0.0000 0.9760 0.0240 0.0000 
0.0000 0.4891 0.0000 0.5109 
0.5284 0.0459 0.4083 0.0175 
1.0000 0.0000 0.0000 0.0000 
0.0000 0.0000 0.0000 1.0000 
0.0262 0.3952 0.0153 0.5633 
0.4738 0.0000 0.5262 0.0000 
0.0240 0.0459 0.9279 0.0022 
0.1026 0.3472 0.0808 0.4694 
0.1463 0.2664 0.1048 0.4825 
0.2489 0.3624 0.2271 0.1616 

MOTIF filter65 
letter-probability matrix: alength= 4 w= 16 nsites= 16 
0.2248 0.2428 0.2332 0.2993 
0.3474 0.1983 0.2969 0.1575 
0.2344 0.3618 0.1262 0.2776 
0.0108 0.0505 0.0373 0.9014 
0.0000 0.0108 0.0793 0.9099 
0.0373 0.9159 0.0276 0.0192 
0.0000 0.5625 0.0000 0.4375 
0.5325 0.0565 0.2368 0.1743 
0.2632 0.0000 0.4591 0.2776 
0.0757 0.0240 0.6418 0.2584 
0.8906 0.0000 0.0024 0.1070 
0.8185 0.0000 0.0000 0.1815 
0.4916 0.0517 0.0421 0.4147 
0.5817 0.0805 0.1587 0.1791 
0.2656 0.0781 0.4495 0.2067 
0.2632 0.2464 0.2825 0.2079 

MOTIF filter66 
letter-probability matrix: alength= 4 w= 12 nsites= 12 
0.2228 0.3947 0.1792 0.2034 
0.4867 0.1525 0.1743 0.1864 
0.2906 0.3148 0.3414 0.0533 
0.0024 0.9976 0.0000 0.0000 
0.9903 0.0000 0.0097 0.0000 
0.0000 1.0000 0.0000 0.0000 
0.0000 0.0000 0.9903 0.0097 
0.0000 0.0000 0.0000 1.0000 
0.0000 0.0024 0.9976 0.0000 
0.2155 0.3559 0.3341 0.0944 
0.1162 0.0944 0.2228 0.5666 
0.1961 0.2470 0.2518 0.3051 

MOTIF filter67 
letter-probability matrix: alength= 4 w= 20 nsites= 20 
0.2901 0.2569 0.2486 0.2044 
0.1713 0.1077 0.3867 0.3343 
0.0055 0.7735 0.1160 0.1050 
0.2956 0.2320 0.2376 0.2348 
0.4972 0.0138 0.4586 0.0304 
0.1326 0.0442 0.3315 0.4917 
0.1022 0.0055 0.4227 0.4696 
0.1740 0.6492 0.0746 0.1022 
0.2459 0.2210 0.5193 0.0138 
0.0055 0.0470 0.1215 0.8260 
0.0055 0.1989 0.5912 0.2044 
0.4530 0.2514 0.2320 0.0635 
0.0387 0.0249 0.9254 0.0110 
0.4171 0.3453 0.0442 0.1934 
0.0138 0.1906 0.6243 0.1713 
0.4337 0.0110 0.3398 0.2155 
0.4199 0.1409 0.2901 0.1492 
0.3425 0.1381 0.0635 0.4558 
0.1519 0.2901 0.0110 0.5470 
0.3481 0.5193 0.0028 0.1298 

MOTIF filter68 
letter-probability matrix: alength= 4 w= 14 nsites= 14 
0.1592 0.1488 0.4913 0.2007 
0.0415 0.4360 0.2111 0.3114 
0.0761 0.6090 0.1626 0.1522 
0.6644 0.0173 0.3045 0.0138 
0.0000 0.9723 0.0000 0.0277 
0.0000 0.0000 0.0000 1.0000 
0.0000 0.0000 0.0000 1.0000 
0.0000 1.0000 0.0000 0.0000 
0.0000 1.0000 0.0000 0.0000 
0.0000 0.0000 0.9827 0.0173 
0.0000 0.1938 0.7889 0.0173 
0.3460 0.1626 0.2388 0.2526 
0.2699 0.2388 0.1938 0.2976 
0.1592 0.2457 0.2803 0.3149 

MOTIF filter69 
letter-probability matrix: alength= 4 w= 15 nsites= 15 
0.2787 0.3614 0.1730 0.1868 
0.3874 0.1409 0.2221 0.2496 
0.0459 0.3813 0.0858 0.4870 
0.0061 0.0429 0.0092 0.9418 
0.0015 0.1715 0.0322 0.7948 
0.0322 0.9433 0.0245 0.0000 
0.0000 0.8361 0.0000 0.1639 
0.1011 0.0000 0.7519 0.1470 
0.0000 0.0092 0.9908 0.0000 
0.4319 0.0536 0.4839 0.0306 
0.9296 0.0077 0.0383 0.0245 
0.6570 0.1424 0.1654 0.0352 
0.3185 0.1715 0.1593 0.3507 
0.2802 0.2190 0.3583 0.1424 
0.2481 0.2374 0.3492 0.1654 

MOTIF filter70 
letter-probability matrix: alength= 4 w= 15 nsites= 15 
0.3085 0.3000 0.2745 0.1170 
0.2085 0.2404 0.2766 0.2745 
0.1447 0.2872 0.3213 0.2468 
0.6043 0.2021 0.1915 0.0021 
0.0000 0.0000 0.0000 1.0000 
0.0000 0.0000 0.9723 0.0277 
1.0000 0.0000 0.0000 0.0000 
0.0021 0.4043 0.5936 0.0000 
0.0000 0.0000 0.0000 1.0000 
0.0000 1.0000 0.0000 0.0000 
1.0000 0.0000 0.0000 0.0000 
0.0191 0.5043 0.0468 0.4298 
0.2340 0.3660 0.0298 0.3702 
0.2170 0.2489 0.2894 0.2447 
0.2128 0.2617 0.2681 0.2574 

MOTIF filter71 
letter-probability matrix: alength= 4 w= 16 nsites= 16 
0.2113 0.2275 0.3903 0.1709 
0.2328 0.3069 0.2288 0.2315 
0.0929 0.1157 0.4011 0.3903 
0.0659 0.7833 0.0700 0.0808 
0.0983 0.0027 0.0000 0.8991 
0.9946 0.0054 0.0000 0.0000 
0.3513 0.0081 0.0027 0.6380 
0.3997 0.0417 0.0431 0.5155 
0.7349 0.0081 0.0000 0.2571 
0.6985 0.0000 0.1413 0.1602 
0.0000 0.0040 0.1427 0.8533 
0.9960 0.0000 0.0027 0.0013 
0.0646 0.0000 0.8950 0.0404 
0.4939 0.3055 0.0296 0.1709 
0.2544 0.2490 0.2921 0.2046 
0.2463 0.3001 0.2692 0.1844 

MOTIF filter72 
letter-probability matrix: alength= 4 w= 16 nsites= 16 
0.1005 0.4663 0.2096 0.2235 
0.4246 0.2524 0.1433 0.1797 
0.4888 0.1348 0.1444 0.2321 
0.1455 0.6877 0.0364 0.1305 
0.1679 0.7187 0.0717 0.0417 
0.3251 0.1508 0.1818 0.3422 
0.2503 0.0043 0.1701 0.5754 
0.6471 0.0952 0.2535 0.0043 
0.1219 0.0011 0.3947 0.4824 
0.3433 0.6171 0.0332 0.0064 
0.0214 0.0620 0.2770 0.6396 
0.0374 0.0096 0.9273 0.0257 
0.0406 0.0214 0.8075 0.1305 
0.0599 0.3701 0.2599 0.3102 
0.2930 0.5016 0.1262 0.0791 
0.4802 0.1016 0.2524 0.1658 

MOTIF filter73 
letter-probability matrix: alength= 4 w= 20 nsites= 20 
0.2849 0.2616 0.2384 0.2151 
0.6744 0.2006 0.0116 0.1134 
0.6628 0.0349 0.0494 0.2529 
0.5640 0.2035 0.0320 0.2006 
0.1483 0.0901 0.4390 0.3227 
0.0494 0.0116 0.0291 0.9099 
0.2297 0.0523 0.7180 0.0000 
0.0669 0.7151 0.1831 0.0349 
0.0116 0.1744 0.2616 0.5523 
0.0465 0.0378 0.7093 0.2064 
0.7674 0.1890 0.0058 0.0378 
0.4738 0.1163 0.1715 0.2384 
0.3547 0.3198 0.1076 0.2180 
0.3256 0.3924 0.1105 0.1715 
0.1366 0.5000 0.3110 0.0523 
0.1657 0.1628 0.5145 0.1570 
0.1337 0.0494 0.0930 0.7238 
0.0320 0.4041 0.3953 0.1686 
0.0349 0.3547 0.1366 0.4738 
0.0523 0.4360 0.3605 0.1512 

MOTIF filter74 
letter-probability matrix: alength= 4 w= 14 nsites= 14 
0.1439 0.2259 0.5301 0.1002 
0.2714 0.4517 0.1111 0.1658 
0.2659 0.4426 0.2222 0.0692 
0.4153 0.0000 0.5519 0.0328 
0.4627 0.5373 0.0000 0.0000 
0.2769 0.4863 0.2240 0.0128 
1.0000 0.0000 0.0000 0.0000 
0.0000 0.0000 0.0000 1.0000 
0.0000 0.1931 0.7541 0.0528 
0.0000 0.0182 0.6248 0.3570 
0.0437 0.5264 0.0000 0.4299 
0.0874 0.0656 0.5337 0.3133 
0.1621 0.1056 0.5811 0.1512 
0.1694 0.4499 0.0893 0.2914 

MOTIF filter75 
letter-probability matrix: alength= 4 w= 15 nsites= 15 
0.2817 0.2786 0.1827 0.2570 
0.2632 0.2693 0.2693 0.1981 
0.2167 0.2632 0.2663 0.2539 
0.0124 0.8947 0.0929 0.0000 
0.0526 0.9474 0.0000 0.0000 
0.0000 0.0000 1.0000 0.0000 
0.0000 0.0000 1.0000 0.0000 
0.9938 0.0062 0.0000 0.0000 
1.0000 0.0000 0.0000 0.0000 
0.0898 0.0031 0.9071 0.0000 
0.0217 0.3777 0.0031 0.5975 
0.1672 0.1053 0.6904 0.0372 
0.2043 0.2632 0.5139 0.0186 
0.2012 0.3715 0.2817 0.1455 
0.1765 0.3003 0.2539 0.2693 

MOTIF filter76 
letter-probability matrix: alength= 4 w= 12 nsites= 12 
0.2372 0.1814 0.2961 0.2853 
0.2543 0.1318 0.2000 0.4140 
