MEME version 4

ALPHABET= ACGT

Background letter frequencies:
A 0.2500 C 0.2500 G 0.2500 T 0.2500 

MOTIF filter0 
letter-probability matrix: alength= 4 w= 15 nsites= 15 
0.2308 0.2374 0.2187 0.3131 
0.2103 0.2449 0.3178 0.2271 
0.1374 0.0850 0.3140 0.4636 
0.0000 0.8925 0.0000 0.1075 
0.0000 0.1243 0.0000 0.8757 
0.9766 0.0000 0.0000 0.0234 
0.2654 0.0000 0.0000 0.7346 
0.5280 0.0000 0.0000 0.4720 
0.4766 0.0000 0.0000 0.5234 
0.7215 0.0000 0.0000 0.2785 
0.0290 0.0000 0.0000 0.9710 
0.8710 0.0000 0.1290 0.0000 
0.1075 0.0000 0.8925 0.0000 
0.4280 0.3178 0.0897 0.1645 
0.2636 0.2963 0.2308 0.2093 

