MEME version 4

ALPHABET= ACGT

Background letter frequencies:
A 0.2500 C 0.2500 G 0.2500 T 0.2500 

MOTIF filter0 
letter-probability matrix: alength= 4 w= 14 nsites= 14 
0.2262 0.2025 0.3805 0.1908 
0.2378 0.3716 0.2005 0.1900 
0.2897 0.1965 0.2772 0.2366 
0.1346 0.0321 0.6521 0.1812 
0.1655 0.5171 0.1559 0.1615 
0.1691 0.5360 0.2354 0.0595 
0.5038 0.0004 0.3744 0.1213 
0.1201 0.4813 0.0579 0.3407 
0.0378 0.8128 0.1454 0.0040 
0.8658 0.0711 0.0108 0.0522 
0.0004 0.0229 0.0044 0.9723 
0.0350 0.3242 0.4990 0.1418 
0.1402 0.0739 0.4572 0.3286 
0.1515 0.4673 0.0084 0.3728 

MOTIF filter1 
letter-probability matrix: alength= 4 w= 11 nsites= 11 
0.1884 0.4713 0.1563 0.1839 
0.4672 0.0593 0.3381 0.1354 
0.2277 0.3262 0.0132 0.4329 
0.4222 0.4875 0.0901 0.0002 
0.0000 0.7391 0.0091 0.2518 
0.3806 0.0114 0.5395 0.0686 
0.0824 0.4724 0.0000 0.4452 
0.2089 0.0019 0.7891 0.0000 
0.0006 0.3003 0.4750 0.2240 
0.2473 0.0438 0.4349 0.2740 
0.1537 0.5254 0.1128 0.2081 

MOTIF filter2 
letter-probability matrix: alength= 4 w= 14 nsites= 14 
0.3117 0.3076 0.3123 0.0684 
0.3058 0.3004 0.2320 0.1618 
0.1767 0.0857 0.3778 0.3599 
0.0702 0.5877 0.3314 0.0107 
0.0625 0.9102 0.0178 0.0095 
0.1689 0.0315 0.7936 0.0059 
0.0000 0.5717 0.4152 0.0131 
0.6270 0.0065 0.0143 0.3522 
0.6104 0.0173 0.0416 0.3308 
0.0321 0.3444 0.6151 0.0083 
0.0250 0.4854 0.0250 0.4646 
0.2088 0.0672 0.6104 0.1136 
0.1630 0.2463 0.5354 0.0553 
0.2820 0.3498 0.2118 0.1565 

MOTIF filter3 
letter-probability matrix: alength= 4 w= 12 nsites= 12 
0.2661 0.1400 0.2272 0.3667 
0.2233 0.2886 0.3760 0.1121 
0.2579 0.2142 0.2501 0.2777 
0.0067 0.3328 0.6574 0.0031 
0.0461 0.8929 0.0000 0.0610 
0.2200 0.4264 0.0001 0.3535 
0.5172 0.0004 0.2483 0.2340 
0.2682 0.0000 0.4250 0.3068 
0.0024 0.7428 0.0437 0.2111 
0.3994 0.1089 0.1791 0.3126 
0.1660 0.2312 0.3546 0.2482 
0.3183 0.1665 0.3096 0.2057 

MOTIF filter4 
letter-probability matrix: alength= 4 w= 16 nsites= 16 
0.1884 0.2022 0.1604 0.4489 
0.1431 0.1707 0.4111 0.2751 
0.1711 0.4538 0.2018 0.1733 
0.0022 0.5520 0.0631 0.3827 
0.0267 0.5862 0.2782 0.1089 
0.9000 0.0018 0.0636 0.0347 
0.0009 0.2827 0.0049 0.7116 
0.3711 0.0000 0.0004 0.6284 
0.0000 0.0000 0.1787 0.8213 
0.3249 0.3160 0.3556 0.0036 
0.0911 0.3947 0.0093 0.5049 
0.0000 0.0791 0.7560 0.1649 
0.0302 0.1191 0.7676 0.0831 
0.2009 0.1071 0.3547 0.3373 
0.3080 0.2827 0.2227 0.1867 
0.4049 0.0907 0.2098 0.2947 

MOTIF filter5 
letter-probability matrix: alength= 4 w= 15 nsites= 15 
0.3333 0.1713 0.2463 0.2491 
0.3612 0.2042 0.1584 0.2762 
0.1275 0.2223 0.2452 0.4050 
0.0123 0.5679 0.2926 0.1272 
0.2483 0.2134 0.3640 0.1743 
0.1350 0.0081 0.7570 0.0999 
0.0887 0.3169 0.4781 0.1163 
0.6656 0.0000 0.0000 0.3344 
0.0003 0.4840 0.5132 0.0025 
0.3414 0.1431 0.0000 0.5155 
0.0047 0.8731 0.1222 0.0000 
0.1303 0.4240 0.0084 0.4374 
0.2901 0.1752 0.4530 0.0817 
0.2898 0.2112 0.3146 0.1844 
0.3462 0.0881 0.2909 0.2748 

MOTIF filter6 
letter-probability matrix: alength= 4 w= 13 nsites= 13 
0.2124 0.3132 0.2077 0.2668 
0.3696 0.2419 0.2735 0.1149 
0.2923 0.4254 0.1573 0.1250 
0.0531 0.6808 0.1156 0.1505 
0.7755 0.0477 0.1364 0.0403 
0.0007 0.8683 0.0000 0.1310 
0.0027 0.1176 0.8797 0.0000 
0.4745 0.0013 0.0000 0.5242 
0.4005 0.1532 0.4462 0.0000 
0.0228 0.0706 0.1116 0.7950 
0.0988 0.5739 0.1411 0.1862 
0.7823 0.0685 0.0921 0.0571 
0.0981 0.2883 0.3259 0.2876 

MOTIF filter7 
letter-probability matrix: alength= 4 w= 12 nsites= 12 
0.4043 0.1533 0.3309 0.1115 
0.4599 0.1324 0.1863 0.2214 
0.1365 0.2335 0.4094 0.2207 
0.0590 0.8507 0.0051 0.0852 
0.0013 0.0000 0.3956 0.6031 
0.2796 0.0000 0.7136 0.0067 
0.5825 0.1584 0.0104 0.2487 
0.2143 0.2766 0.0003 0.5088 
0.1311 0.0007 0.7820 0.0863 
0.3302 0.1038 0.0455 0.5206 
0.0704 0.2035 0.2837 0.4424 
0.5148 0.1762 0.2729 0.0361 

MOTIF filter8 
letter-probability matrix: alength= 4 w= 15 nsites= 15 
0.3418 0.1689 0.2641 0.2252 
0.2895 0.1769 0.0912 0.4424 
0.2064 0.1877 0.2024 0.4035 
0.1005 0.0228 0.1850 0.6917 
0.0871 0.3834 0.2802 0.2493 
0.1019 0.6475 0.2507 0.0000 
0.0241 0.0067 0.2064 0.7627 
0.6434 0.3391 0.0174 0.0000 
0.0000 0.0710 0.9290 0.0000 
0.0080 0.1542 0.8097 0.0282 
0.8472 0.1166 0.0000 0.0362 
0.6153 0.1247 0.0013 0.2587 
0.4155 0.0791 0.2239 0.2815 
0.1300 0.0804 0.6287 0.1609 
0.2949 0.2131 0.2332 0.2587 

MOTIF filter9 
letter-probability matrix: alength= 4 w= 16 nsites= 16 
0.3611 0.2246 0.3162 0.0981 
0.3463 0.2648 0.1820 0.2069 
0.2382 0.3682 0.1962 0.1974 
0.0727 0.1879 0.1022 0.6371 
0.0727 0.2281 0.6040 0.0952 
0.6661 0.1879 0.1401 0.0059 
0.1684 0.0077 0.1418 0.6820 
0.0012 0.3073 0.0118 0.6797 
0.0319 0.6040 0.3410 0.0230 
0.7086 0.0089 0.2825 0.0000 
0.6572 0.0875 0.0112 0.2441 
0.0030 0.1602 0.0408 0.7961 
0.0632 0.4888 0.4072 0.0408 
0.4173 0.1554 0.4043 0.0230 
0.1690 0.1684 0.4976 0.1649 
0.1856 0.1702 0.3292 0.3150 

MOTIF filter10 
letter-probability matrix: alength= 4 w= 12 nsites= 12 
0.3689 0.0279 0.1933 0.4098 
0.1673 0.6264 0.0628 0.1436 
0.0412 0.1912 0.4414 0.3262 
0.1274 0.0248 0.0029 0.8450 
0.1386 0.4367 0.3530 0.0717 
0.0651 0.8515 0.0172 0.0662 
0.0208 0.0310 0.6829 0.2652 
0.0016 0.1670 0.8194 0.0120 
0.6483 0.0360 0.1621 0.1537 
0.2215 0.2616 0.3713 0.1456 
0.1751 0.1641 0.2999 0.3609 
0.3220 0.2590 0.1889 0.2301 

MOTIF filter11 
letter-probability matrix: alength= 4 w= 12 nsites= 12 
0.3640 0.2220 0.1703 0.2436 
0.2795 0.0691 0.4336 0.2178 
0.0925 0.6218 0.1566 0.1291 
0.1895 0.8105 0.0000 0.0000 
1.0000 0.0000 0.0000 0.0000 
0.0621 0.4985 0.1187 0.3207 
0.2503 0.1524 0.4856 0.1116 
0.0000 0.0025 0.0000 0.9975 
0.0000 0.0000 0.7943 0.2057 
0.1095 0.2228 0.5789 0.0887 
0.2016 0.3948 0.0721 0.3315 
0.1849 0.2128 0.2832 0.3190 

MOTIF filter12 
letter-probability matrix: alength= 4 w= 12 nsites= 12 
0.1721 0.2415 0.3126 0.2737 
0.2460 0.3257 0.2906 0.1377 
0.2380 0.3940 0.2318 0.1362 
0.0015 0.6094 0.0249 0.3642 
0.2759 0.0952 0.0994 0.5294 
0.0000 0.4383 0.0000 0.5617 
0.5620 0.1362 0.3018 0.0000 
0.0239 0.5426 0.1031 0.3303 
0.3584 0.0000 0.6416 0.0001 
0.1453 0.1210 0.3590 0.3746 
0.0907 0.1624 0.5883 0.1586 
0.2480 0.2499 0.3292 0.1729 

MOTIF filter13 
letter-probability matrix: alength= 4 w= 12 nsites= 12 
0.2513 0.2581 0.2915 0.1991 
0.1335 0.3548 0.3058 0.2059 
0.0244 0.5053 0.1984 0.2719 
0.1209 0.5756 0.0016 0.3019 
0.0767 0.9231 0.0000 0.0002 
0.0000 0.7916 0.1882 0.0201 
0.1989 0.1615 0.3735 0.2660 
0.0399 0.6097 0.2629 0.0876 
0.1250 0.6481 0.1244 0.1025 
0.0712 0.5171 0.1205 0.2912 
0.1807 0.4692 0.1200 0.2301 
0.1724 0.3846 0.1857 0.2573 

MOTIF filter14 
letter-probability matrix: alength= 4 w= 12 nsites= 12 
0.4120 0.0974 0.1826 0.3081 
0.4513 0.0705 0.0911 0.3870 
0.2428 0.1311 0.2197 0.4064 
0.0000 0.0306 0.4457 0.5237 
0.1823 0.8146 0.0000 0.0031 
0.5284 0.0449 0.0453 0.3814 
0.0106 0.0000 0.9635 0.0259 
0.3408 0.5019 0.1573 0.0000 
0.6470 0.1351 0.1330 0.0849 
0.3305 0.2644 0.0596 0.3455 
0.3081 0.1838 0.0225 0.4856 
0.4160 0.0771 0.0961 0.4107 

MOTIF filter15 
letter-probability matrix: alength= 4 w= 16 nsites= 16 
0.1708 0.3362 0.1277 0.3652 
0.1497 0.2171 0.4976 0.1356 
0.1787 0.1160 0.3895 0.3158 
0.0000 0.9530 0.0000 0.0470 
0.0000 0.6505 0.0000 0.3495 
0.9420 0.0024 0.0008 0.0549 
0.0008 0.0000 0.0047 0.9945 
0.3252 0.1881 0.0462 0.4404 
0.0118 0.0400 0.0008 0.9475 
0.4522 0.0180 0.0000 0.5298 
0.0870 0.0423 0.1466 0.7241 
0.5204 0.0650 0.3707 0.0439 
0.0995 0.0345 0.7853 0.0807 
0.2696 0.2414 0.1959 0.2931 
0.2766 0.4067 0.1583 0.1583 
0.4467 0.1865 0.1513 0.2155 

MOTIF filter16 
letter-probability matrix: alength= 4 w= 12 nsites= 12 
0.3044 0.2098 0.2692 0.2167 
0.1986 0.2437 0.2763 0.2814 
0.1737 0.2528 0.2144 0.3591 
0.0690 0.5859 0.0603 0.2848 
0.8538 0.0006 0.1456 0.0000 
0.1106 0.4500 0.0025 0.4368 
0.0000 0.4042 0.0002 0.5956 
0.2670 0.0302 0.7028 0.0000 
0.3900 0.0000 0.5594 0.0505 
0.1755 0.2572 0.2402 0.3272 
0.2500 0.2955 0.1989 0.2556 
0.2375 0.2525 0.3030 0.2070 

MOTIF filter17 
letter-probability matrix: alength= 4 w= 11 nsites= 11 
0.2492 0.1997 0.3678 0.1833 
0.3326 0.1501 0.2814 0.2359 
0.0195 0.4122 0.2184 0.3499 
0.2817 0.0008 0.0000 0.7175 
0.0054 0.6626 0.3320 0.0000 
0.3774 0.5527 0.0000 0.0699 
0.0085 0.0000 0.6659 0.3256 
0.0069 0.4557 0.0688 0.4686 
0.5834 0.1251 0.0565 0.2350 
0.3844 0.2749 0.3355 0.0052 
0.2271 0.2164 0.2834 0.2731 

MOTIF filter18 
letter-probability matrix: alength= 4 w= 13 nsites= 13 
0.2217 0.3105 0.2064 0.2614 
0.2877 0.1107 0.1650 0.4366 
0.0918 0.2274 0.3299 0.3509 
0.8115 0.0642 0.0437 0.0806 
0.1136 0.4176 0.1130 0.3558 
0.1026 0.8212 0.0729 0.0033 
0.6808 0.0043 0.0000 0.3148 
0.0013 0.4330 0.4097 0.1560 
0.2153 0.0910 0.6123 0.0813 
0.0182 0.0066 0.0202 0.9550 
0.4166 0.1611 0.3839 0.0384 
0.4951 0.1614 0.1350 0.2084 
0.1115 0.2721 0.3182 0.2982 

MOTIF filter19 
letter-probability matrix: alength= 4 w= 12 nsites= 12 
0.2019 0.3670 0.2146 0.2166 
0.1942 0.3486 0.1849 0.2724 
0.0519 0.4305 0.4441 0.0734 
0.5055 0.0009 0.2932 0.2005 
0.3013 0.0037 0.1655 0.5294 
0.0788 0.5282 0.0949 0.2981 
0.0024 0.5764 0.4213 0.0000 
0.0028 0.0083 0.7729 0.2160 
0.7173 0.0787 0.1029 0.1011 
0.1494 0.0799 0.1870 0.5837 
0.2441 0.2655 0.1925 0.2978 
0.2400 0.2672 0.3386 0.1541 

MOTIF filter20 
letter-probability matrix: alength= 4 w= 15 nsites= 15 
0.2392 0.2651 0.2315 0.2642 
0.2569 0.2293 0.2381 0.2757 
0.1980 0.2445 0.1812 0.3763 
0.0591 0.0609 0.0417 0.8382 
0.0397 0.0505 0.0874 0.8223 
0.1891 0.6555 0.0430 0.1123 
0.0675 0.5857 0.0505 0.2962 
0.2439 0.2651 0.2395 0.2516 
0.3096 0.0104 0.6162 0.0638 
0.0364 0.0230 0.7484 0.1922 
0.8347 0.0808 0.0466 0.0380 
0.9431 0.0218 0.0119 0.0232 
0.4043 0.1821 0.2251 0.1885 
0.2461 0.2461 0.2258 0.2821 
0.2472 0.2540 0.2677 0.2311 

MOTIF filter21 
letter-probability matrix: alength= 4 w= 13 nsites= 13 
0.2481 0.2175 0.2814 0.2531 
0.2432 0.1675 0.3129 0.2764 
0.2709 0.3285 0.2136 0.1870 
0.0879 0.0002 0.0294 0.8825 
0.3060 0.0414 0.4855 0.1671 
0.8662 0.0000 0.0000 0.1338 
0.1218 0.2466 0.1656 0.4660 
0.0435 0.0015 0.0127 0.9423 
0.3339 0.2880 0.0000 0.3781 
0.3967 0.0620 0.0487 0.4926 
0.5958 0.1240 0.0933 0.1870 
0.1964 0.2558 0.4868 0.0609 
0.2603 0.0721 0.3438 0.3238 

MOTIF filter22 
letter-probability matrix: alength= 4 w= 16 nsites= 16 
0.3282 0.2173 0.2296 0.2249 
0.3688 0.0945 0.2137 0.3230 
0.3024 0.3006 0.1016 0.2954 
0.1086 0.0558 0.1022 0.7334 
0.5684 0.1462 0.1967 0.0887 
0.0499 0.5567 0.0159 0.3776 
0.0493 0.0423 0.5432 0.3652 
0.5596 0.2460 0.1767 0.0176 
0.1421 0.0523 0.2431 0.5625 
0.0012 0.0006 0.2613 0.7369 
0.8233 0.1509 0.0053 0.0206 
0.1908 0.1450 0.6606 0.0035 
0.0581 0.1867 0.0669 0.6882 
0.2490 0.5479 0.1732 0.0299 
0.5297 0.0511 0.1961 0.2231 
0.0699 0.1691 0.3805 0.3805 

MOTIF filter23 
letter-probability matrix: alength= 4 w= 16 nsites= 16 
0.2481 0.2098 0.1685 0.3737 
0.2121 0.2014 0.3178 0.2688 
0.3492 0.1608 0.2243 0.2657 
0.1087 0.7121 0.0613 0.1179 
0.1355 0.3224 0.0873 0.4548 
0.5398 0.1868 0.0865 0.1868 
0.6156 0.0000 0.0038 0.3806 
0.8407 0.0000 0.1531 0.0061 
0.4709 0.0168 0.2626 0.2496 
0.9992 0.0000 0.0000 0.0008 
0.0337 0.0054 0.0092 0.9518 
0.3315 0.0000 0.6685 0.0000 
0.0077 0.0000 0.9923 0.0000 
0.2626 0.5046 0.0850 0.1478 
0.1868 0.3583 0.2879 0.1669 
0.3208 0.1294 0.4096 0.1401 

MOTIF filter24 
letter-probability matrix: alength= 4 w= 15 nsites= 15 
0.2062 0.2317 0.2750 0.2871 
0.1063 0.2254 0.2583 0.4100 
0.1663 0.5121 0.2183 0.1033 
0.1321 0.0133 0.1912 0.6633 
0.3438 0.6562 0.0000 0.0000 
0.1646 0.6513 0.0017 0.1825 
0.7825 0.0300 0.0046 0.1829 
0.4563 0.0037 0.0929 0.4471 
0.5508 0.0358 0.0121 0.4013 
0.0000 0.1350 0.0487 0.8163 
0.6321 0.0000 0.2471 0.1208 
0.1342 0.0162 0.8008 0.0487 
0.3338 0.3846 0.1871 0.0946 
0.2221 0.1950 0.3875 0.1954 
0.1979 0.2492 0.3229 0.2300 

MOTIF filter25 
letter-probability matrix: alength= 4 w= 9 nsites= 9 
0.1287 0.1265 0.5290 0.2158 
0.5101 0.0989 0.2698 0.1212 
0.1454 0.4268 0.4059 0.0219 
0.0230 0.0076 0.1400 0.8294 
0.0110 0.4787 0.5038 0.0065 
0.9844 0.0050 0.0033 0.0074 
0.0250 0.4103 0.3089 0.2557 
0.1615 0.2024 0.1098 0.5263 
0.1535 0.5039 0.1802 0.1624 

MOTIF filter26 
letter-probability matrix: alength= 4 w= 14 nsites= 14 
0.2544 0.2263 0.2773 0.2420 
0.2495 0.1304 0.4854 0.1348 
0.2015 0.0527 0.5844 0.1615 
0.2272 0.0791 0.6466 0.0470 
0.0201 0.1884 0.7905 0.0009 
0.0957 0.0791 0.7866 0.0386 
0.2017 0.4805 0.1645 0.1533 
0.0566 0.2336 0.6726 0.0372 
0.0021 0.0000 0.9401 0.0578 
0.2453 0.0016 0.7056 0.0475 
0.2403 0.1659 0.5820 0.0117 
0.2450 0.3370 0.2907 0.1273 
0.2258 0.2736 0.2911 0.2095 
0.2535 0.2401 0.2736 0.2329 

MOTIF filter27 
letter-probability matrix: alength= 4 w= 11 nsites= 11 
0.2244 0.2608 0.2537 0.2611 
0.2393 0.2826 0.2574 0.2207 
0.1950 0.2372 0.2550 0.3128 
0.5155 0.0778 0.0125 0.3942 
0.0000 0.0000 0.0135 0.9865 
0.0312 0.2836 0.0000 0.6852 
0.6435 0.0173 0.2376 0.1016 
0.8962 0.1038 0.0000 0.0000 
0.3511 0.0319 0.1029 0.5141 
0.2749 0.2458 0.2361 0.2433 
0.2365 0.2603 0.2812 0.2220 

MOTIF filter28 
letter-probability matrix: alength= 4 w= 14 nsites= 14 
0.2421 0.3054 0.2446 0.2079 
0.1309 0.0692 0.3416 0.4583 
0.1215 0.4945 0.2394 0.1446 
0.1567 0.0382 0.1612 0.6438 
0.6194 0.0757 0.1844 0.1206 
0.2005 0.1734 0.1853 0.4408 
0.4155 0.2353 0.1242 0.2250 
0.0698 0.9077 0.0002 0.0222 
0.2504 0.2257 0.4907 0.0332 
0.0004 0.6045 0.0013 0.3937 
0.7885 0.0573 0.0000 0.1543 
0.1929 0.0993 0.5798 0.1280 
0.3997 0.3961 0.1174 0.0867 
0.2196 0.1920 0.1736 0.4148 

MOTIF filter29 
letter-probability matrix: alength= 4 w= 12 nsites= 12 
0.2544 0.1531 0.2953 0.2972 
0.2905 0.3170 0.1685 0.2240 
0.4189 0.0111 0.2175 0.3524 
0.1006 0.8925 0.0032 0.0038 
0.4032 0.0001 0.1325 0.4642 
0.3062 0.2273 0.0485 0.4181 
0.0511 0.0939 0.7278 0.1272 
0.2784 0.3247 0.0020 0.3949 
0.0349 0.0057 0.6607 0.2987 
0.4492 0.1022 0.3042 0.1444 
0.4685 0.0209 0.1276 0.3830 
0.4063 0.0851 0.2523 0.2563 

MOTIF filter30 
letter-probability matrix: alength= 4 w= 14 nsites= 14 
0.0726 0.4866 0.1876 0.2532 
0.1117 0.2400 0.1405 0.5078 
0.2070 0.1504 0.5229 0.1198 
0.8359 0.0636 0.1000 0.0005 
0.0123 0.4286 0.0453 0.5139 
0.0570 0.5851 0.0269 0.3310 
0.7393 0.0052 0.2555 0.0000 
0.3253 0.0014 0.6714 0.0019 
0.0005 0.3810 0.0009 0.6176 
0.2447 0.6082 0.1047 0.0424 
0.6620 0.1546 0.0797 0.1037 
0.3545 0.2065 0.3494 0.0896 
0.1594 0.1212 0.1363 0.5832 
0.3079 0.2438 0.2461 0.2023 

MOTIF filter31 
letter-probability matrix: alength= 4 w= 14 nsites= 14 
0.2482 0.2349 0.2614 0.2555 
0.2612 0.2682 0.2248 0.2458 
0.4175 0.1698 0.3561 0.0566 
0.0558 0.0589 0.0451 0.8401 
0.0373 0.0280 0.2087 0.7260 
0.2985 0.0216 0.5284 0.1515 
0.0506 0.6626 0.1101 0.1768 
0.1960 0.1132 0.6542 0.0366 
0.1614 0.5706 0.0086 0.2594 
0.8077 0.1431 0.0163 0.0329 
0.9072 0.0381 0.0350 0.0196 
0.0607 0.3213 0.1725 0.4455 
0.2345 0.2765 0.2616 0.2273 
0.2625 0.2361 0.2458 0.2555 

