MEME version 4

ALPHABET= ACGT

Background letter frequencies:
A 0.2500 C 0.2500 G 0.2500 T 0.2500 

MOTIF filter0 
letter-probability matrix: alength= 4 w= 12 nsites= 12 
0.1085 0.2762 0.2847 0.3305 
0.1790 0.2299 0.2521 0.3390 
0.1494 0.2080 0.2159 0.4267 
0.1162 0.0301 0.7572 0.0965 
0.8600 0.0025 0.0208 0.1167 
0.0047 0.1417 0.1984 0.6552 
0.0022 0.1233 0.0151 0.8594 
0.5536 0.3754 0.0482 0.0227 
0.9523 0.0214 0.0233 0.0030 
0.2028 0.1124 0.0896 0.5952 
0.2302 0.3338 0.1902 0.2458 
0.2066 0.2905 0.2203 0.2825 

MOTIF filter1 
letter-probability matrix: alength= 4 w= 11 nsites= 11 
0.1313 0.2842 0.3841 0.2004 
0.1363 0.2259 0.5195 0.1183 
0.1890 0.1808 0.4946 0.1356 
0.1940 0.0477 0.6457 0.1126 
0.1385 0.0462 0.2888 0.5265 
0.5180 0.0153 0.1006 0.3660 
0.0055 0.9829 0.0113 0.0002 
0.0194 0.1120 0.7107 0.1579 
0.3633 0.2015 0.0340 0.4011 
0.2051 0.2437 0.2753 0.2760 
0.3242 0.2743 0.1950 0.2065 

MOTIF filter2 
letter-probability matrix: alength= 4 w= 15 nsites= 15 
0.2589 0.2028 0.2983 0.2401 
0.2436 0.2110 0.3083 0.2371 
0.2260 0.1125 0.5031 0.1584 
0.1710 0.0173 0.6497 0.1619 
0.2186 0.0173 0.7417 0.0223 
0.0123 0.0326 0.9521 0.0029 
0.0262 0.0990 0.7849 0.0899 
0.2160 0.3961 0.2601 0.1278 
0.1014 0.1076 0.7291 0.0620 
0.0376 0.1052 0.8281 0.0291 
0.2319 0.0212 0.7132 0.0338 
0.2333 0.1390 0.6115 0.0162 
0.2289 0.3532 0.3241 0.0937 
0.2295 0.2668 0.2930 0.2107 
0.2292 0.2686 0.2703 0.2319 

MOTIF filter3 
letter-probability matrix: alength= 4 w= 17 nsites= 17 
0.2605 0.2536 0.2448 0.2412 
0.1970 0.0841 0.0553 0.6636 
0.0749 0.0985 0.4542 0.3724 
0.3073 0.3907 0.1034 0.1986 
0.0098 0.7817 0.0730 0.1355 
0.0200 0.8331 0.0687 0.0782 
0.3279 0.0461 0.3937 0.2323 
0.0039 0.0821 0.5978 0.3161 
0.4823 0.2804 0.2166 0.0206 
0.0291 0.2651 0.3312 0.3747 
0.4971 0.4329 0.0609 0.0092 
0.2428 0.1793 0.1319 0.4460 
0.0412 0.2968 0.5949 0.0671 
0.0730 0.1806 0.7382 0.0082 
0.0821 0.0844 0.5520 0.2814 
0.2945 0.4414 0.1832 0.0808 
0.6204 0.1057 0.0779 0.1960 

MOTIF filter4 
letter-probability matrix: alength= 4 w= 10 nsites= 10 
0.1145 0.3074 0.2692 0.3090 
0.2814 0.2321 0.2497 0.2368 
0.2358 0.2601 0.2844 0.2197 
0.0001 0.0337 0.9660 0.0001 
0.7193 0.0502 0.0244 0.2061 
0.5554 0.0216 0.0587 0.3643 
0.0389 0.7700 0.1309 0.0602 
0.2565 0.0445 0.5054 0.1936 
0.1425 0.4288 0.1434 0.2853 
0.2617 0.1679 0.3437 0.2267 

MOTIF filter5 
letter-probability matrix: alength= 4 w= 12 nsites= 12 
0.2584 0.2459 0.2454 0.2504 
0.2519 0.2429 0.2452 0.2600 
0.1910 0.2410 0.1899 0.3781 
0.0342 0.0953 0.0396 0.8309 
0.0239 0.0701 0.1100 0.7960 
0.2040 0.7053 0.0399 0.0508 
0.0682 0.5925 0.0250 0.3143 
0.2545 0.2371 0.2663 0.2421 
0.2932 0.0209 0.6045 0.0813 
0.0846 0.0404 0.6736 0.2014 
0.8062 0.1147 0.0336 0.0454 
0.8369 0.0553 0.0565 0.0513 

MOTIF filter6 
letter-probability matrix: alength= 4 w= 14 nsites= 14 
0.2810 0.2872 0.2125 0.2193 
0.2268 0.2660 0.2467 0.2604 
0.1371 0.2069 0.4330 0.2231 
0.0069 0.5657 0.1564 0.2710 
0.0181 0.7178 0.0255 0.2386 
0.1583 0.7900 0.0486 0.0031 
0.0006 0.9333 0.0368 0.0293 
0.1327 0.0561 0.4006 0.4106 
0.0012 0.7383 0.0006 0.2598 
0.0031 0.9701 0.0268 0.0000 
0.0012 0.7408 0.0006 0.2573 
0.1396 0.5931 0.0723 0.1950 
0.0517 0.5601 0.1221 0.2660 
0.1850 0.3396 0.1975 0.2779 

MOTIF filter7 
letter-probability matrix: alength= 4 w= 12 nsites= 12 
0.3578 0.1970 0.2817 0.1635 
0.0190 0.0190 0.0245 0.9375 
0.0063 0.0059 0.0743 0.9135 
0.2572 0.0109 0.5793 0.1526 
0.0924 0.7459 0.0177 0.1440 
0.1735 0.0688 0.7459 0.0118 
0.1449 0.5516 0.0109 0.2926 
0.8256 0.1531 0.0050 0.0163 
0.9941 0.0000 0.0059 0.0000 
0.0276 0.3383 0.1807 0.4534 
0.2550 0.2930 0.2464 0.2056 
0.2482 0.2287 0.2600 0.2631 

MOTIF filter8 
letter-probability matrix: alength= 4 w= 13 nsites= 13 
0.2919 0.1718 0.2180 0.3183 
0.2581 0.0467 0.4138 0.2814 
0.1961 0.1136 0.2084 0.4818 
0.0130 0.8693 0.1141 0.0035 
0.3787 0.0010 0.3138 0.3065 
0.0173 0.7216 0.2543 0.0068 
0.7113 0.0314 0.0334 0.2240 
0.2330 0.3429 0.3173 0.1068 
0.1089 0.0153 0.0218 0.8540 
0.0100 0.2877 0.6654 0.0369 
0.2772 0.2232 0.2528 0.2468 
0.0441 0.3985 0.3338 0.2235 
0.3602 0.3118 0.1851 0.1430 

MOTIF filter9 
letter-probability matrix: alength= 4 w= 13 nsites= 13 
0.2250 0.1465 0.3210 0.3076 
0.3591 0.3296 0.1516 0.1597 
0.1399 0.4615 0.1848 0.2138 
0.1679 0.0041 0.2857 0.5422 
0.1897 0.5412 0.2653 0.0037 
0.2101 0.5449 0.2161 0.0288 
0.0367 0.0268 0.2178 0.7188 
0.0006 0.7482 0.2482 0.0029 
0.9532 0.0087 0.0233 0.0148 
0.0208 0.2909 0.5525 0.1358 
0.1312 0.5253 0.1609 0.1825 
0.3630 0.2938 0.1024 0.2408 
0.3290 0.2349 0.1121 0.3241 

MOTIF filter10 
letter-probability matrix: alength= 4 w= 12 nsites= 12 
0.1980 0.3785 0.1435 0.2801 
0.2331 0.2243 0.3825 0.1601 
0.4288 0.1459 0.1344 0.2909 
0.1087 0.2801 0.5860 0.0252 
0.1016 0.5840 0.0000 0.3145 
0.2905 0.3922 0.0012 0.3161 
0.4859 0.0000 0.3090 0.2051 
0.1463 0.0000 0.8371 0.0166 
0.0039 0.5331 0.3878 0.0753 
0.3018 0.0655 0.2977 0.3350 
0.1516 0.3471 0.2516 0.2497 
0.4800 0.0580 0.1377 0.3244 

MOTIF filter11 
letter-probability matrix: alength= 4 w= 16 nsites= 16 
0.2596 0.2497 0.2661 0.2246 
0.2299 0.1528 0.4921 0.1252 
0.0949 0.3070 0.1686 0.4295 
0.0791 0.2003 0.6542 0.0665 
0.6100 0.1746 0.0797 0.1357 
0.3149 0.1772 0.5007 0.0072 
0.0020 0.0020 0.0152 0.9809 
0.0231 0.1601 0.8063 0.0105 
0.9051 0.0343 0.0158 0.0448 
0.0613 0.2576 0.2885 0.3926 
0.2892 0.0158 0.1140 0.5810 
0.0237 0.7800 0.1080 0.0883 
0.6502 0.0889 0.1423 0.1186 
0.1416 0.4308 0.1390 0.2885 
0.3458 0.2187 0.2200 0.2154 
0.1989 0.1337 0.3452 0.3221 

MOTIF filter12 
letter-probability matrix: alength= 4 w= 17 nsites= 17 
0.2808 0.2778 0.2132 0.2281 
0.6707 0.1000 0.0940 0.1353 
0.5844 0.1120 0.2150 0.0886 
0.2413 0.1365 0.3994 0.2228 
0.4120 0.5653 0.0000 0.0228 
0.0006 0.1132 0.0054 0.8808 
0.5359 0.0000 0.4551 0.0090 
0.0293 0.0006 0.6228 0.3473 
0.3952 0.3234 0.0000 0.2814 
0.2683 0.0808 0.1701 0.4808 
0.4641 0.0629 0.2365 0.2365 
0.0341 0.1090 0.0162 0.8407 
0.6527 0.0635 0.1934 0.0904 
0.1174 0.0731 0.7287 0.0808 
0.2509 0.3287 0.2659 0.1545 
0.1970 0.2707 0.2850 0.2473 
0.3126 0.2778 0.2389 0.1707 

MOTIF filter13 
letter-probability matrix: alength= 4 w= 12 nsites= 12 
0.1108 0.0770 0.1910 0.6212 
0.4044 0.1801 0.2746 0.1410 
0.2388 0.1497 0.2382 0.3733 
0.4812 0.1221 0.3888 0.0079 
0.2841 0.3676 0.0018 0.3464 
0.0007 0.0018 0.4143 0.5832 
0.0448 0.0102 0.2885 0.6565 
0.5402 0.1373 0.0417 0.2808 
0.7044 0.2898 0.0053 0.0005 
0.4896 0.0122 0.2947 0.2035 
0.1620 0.3680 0.2744 0.1956 
0.2377 0.2726 0.2472 0.2426 

MOTIF filter14 
letter-probability matrix: alength= 4 w= 12 nsites= 12 
0.2343 0.2089 0.3278 0.2290 
0.4691 0.1566 0.3743 0.0000 
0.0000 0.0000 0.0000 1.0000 
0.0000 0.0000 0.8340 0.1660 
0.9194 0.0000 0.0783 0.0024 
0.0188 0.5280 0.3508 0.1024 
0.0053 0.0000 0.1360 0.8587 
0.0547 0.8988 0.0000 0.0465 
0.9882 0.0029 0.0053 0.0035 
0.1572 0.2866 0.1819 0.3743 
0.2231 0.3955 0.1725 0.2089 
0.2531 0.1695 0.3043 0.2731 

MOTIF filter15 
letter-probability matrix: alength= 4 w= 16 nsites= 16 
0.2186 0.2786 0.2487 0.2540 
0.2294 0.2708 0.2434 0.2564 
0.1618 0.1543 0.3302 0.3537 
0.1038 0.6330 0.0620 0.2012 
0.0457 0.1052 0.0262 0.8230 
0.7987 0.0458 0.1004 0.0552 
0.3241 0.0508 0.0935 0.5316 
0.3657 0.1376 0.0731 0.4236 
0.3926 0.1456 0.1096 0.3523 
0.5398 0.0919 0.0569 0.3114 
0.0304 0.0388 0.0894 0.8414 
0.8442 0.0464 0.0779 0.0315 
0.2194 0.0603 0.6163 0.1039 
0.3793 0.3464 0.1044 0.1699 
0.2051 0.2529 0.2755 0.2665 
0.2400 0.2529 0.2693 0.2378 

MOTIF filter16 
letter-probability matrix: alength= 4 w= 15 nsites= 15 
0.2641 0.2676 0.2359 0.2324 
0.7239 0.0465 0.0838 0.1458 
0.7056 0.0472 0.1479 0.0993 
0.3486 0.1261 0.3563 0.1690 
0.8239 0.0387 0.1345 0.0028 
0.0000 0.0000 0.0000 1.0000 
0.0000 0.0542 0.9451 0.0007 
0.6493 0.0225 0.3282 0.0000 
0.0437 0.3993 0.3183 0.2387 
0.0528 0.2401 0.3021 0.4049 
0.3014 0.4585 0.1852 0.0549 
0.6838 0.2218 0.0465 0.0479 
0.1514 0.1303 0.1901 0.5282 
0.2275 0.3190 0.1570 0.2965 
0.3465 0.1683 0.3021 0.1831 

MOTIF filter17 
letter-probability matrix: alength= 4 w= 15 nsites= 15 
0.1376 0.1671 0.4765 0.2188 
0.2529 0.3282 0.1729 0.2459 
0.0929 0.5741 0.1882 0.1447 
0.0153 0.6600 0.1859 0.1388 
0.3635 0.3412 0.1482 0.1471 
0.4388 0.0000 0.1376 0.4235 
0.3682 0.5859 0.0235 0.0224 
0.0000 0.0000 0.0000 1.0000 
0.3282 0.0000 0.0000 0.6718 
0.1412 0.5918 0.0000 0.2671 
0.0024 0.5412 0.4565 0.0000 
0.0000 0.0000 0.9800 0.0200 
0.0471 0.1753 0.5729 0.2047 
0.0659 0.4565 0.1541 0.3235 
0.1294 0.2165 0.2388 0.4153 

MOTIF filter18 
letter-probability matrix: alength= 4 w= 12 nsites= 12 
0.2489 0.2584 0.2462 0.2465 
0.3414 0.2281 0.2611 0.1694 
0.2572 0.2945 0.2649 0.1833 
0.0491 0.8465 0.0542 0.0502 
0.8264 0.0368 0.0634 0.0734 
0.0549 0.6788 0.0465 0.2199 
0.2277 0.0291 0.7154 0.0278 
0.0611 0.0593 0.0479 0.8317 
0.0436 0.0187 0.8598 0.0779 
0.2118 0.2613 0.2791 0.2478 
0.2000 0.2558 0.2088 0.3354 
0.2475 0.2473 0.2398 0.2654 

MOTIF filter19 
letter-probability matrix: alength= 4 w= 10 nsites= 10 
0.1502 0.2558 0.3057 0.2884 
0.2014 0.2439 0.3980 0.1568 
0.3307 0.2178 0.4161 0.0354 
0.0120 0.1428 0.1195 0.7257 
0.1513 0.4953 0.3531 0.0002 
0.0000 0.0793 0.3620 0.5588 
0.8550 0.0402 0.1047 0.0000 
0.0719 0.2844 0.3409 0.3028 
0.2149 0.3119 0.3391 0.1342 
0.2266 0.2096 0.3094 0.2544 

MOTIF filter20 
letter-probability matrix: alength= 4 w= 18 nsites= 18 
0.1968 0.2677 0.2696 0.2659 
0.3769 0.0802 0.2313 0.3116 
0.4244 0.0718 0.1474 0.3563 
0.2127 0.0345 0.0896 0.6632 
0.1698 0.3694 0.2509 0.2099 
0.1968 0.0942 0.0271 0.6819 
0.1735 0.1558 0.6297 0.0410 
0.0513 0.8228 0.0280 0.0979 
0.1427 0.0252 0.0159 0.8162 
0.0560 0.0084 0.6567 0.2789 
0.9049 0.0009 0.0149 0.0793 
0.0056 0.1828 0.1045 0.7071 
0.3731 0.0718 0.0597 0.4953 
0.0476 0.1511 0.6175 0.1838 
0.1455 0.0886 0.6632 0.1026 
0.1007 0.1950 0.5075 0.1968 
0.1465 0.2435 0.3134 0.2966 
0.1959 0.3246 0.2938 0.1856 

MOTIF filter21 
letter-probability matrix: alength= 4 w= 13 nsites= 13 
0.1584 0.0801 0.5356 0.2260 
0.1210 0.5587 0.1673 0.1530 
0.2705 0.2918 0.2811 0.1566 
0.1335 0.0053 0.6726 0.1886 
0.0000 0.9982 0.0000 0.0018 
0.0000 1.0000 0.0000 0.0000 
1.0000 0.0000 0.0000 0.0000 
0.0000 0.0000 0.0000 1.0000 
0.0409 0.4395 0.1655 0.3541 
0.0036 0.0338 0.0036 0.9591 
0.0000 0.0214 0.0000 0.9786 
0.1139 0.1103 0.5890 0.1868 
0.2847 0.2206 0.2509 0.2438 

MOTIF filter22 
letter-probability matrix: alength= 4 w= 16 nsites= 16 
0.1935 0.2314 0.2339 0.3412 
0.2438 0.1989 0.4105 0.1468 
0.2993 0.2506 0.2303 0.2198 
0.0942 0.7298 0.0755 0.1004 
0.0204 0.3765 0.0603 0.5429 
0.4931 0.2820 0.0956 0.1293 
0.3440 0.0781 0.1612 0.4167 
0.5833 0.0082 0.2769 0.1315 
0.1208 0.6815 0.0079 0.1898 
0.4042 0.5004 0.0008 0.0945 
0.3980 0.0603 0.0074 0.5344 
0.6883 0.0450 0.2659 0.0008 
0.0289 0.0351 0.7205 0.2156 
0.4467 0.3737 0.0707 0.1089 
0.5799 0.2249 0.1106 0.0846 
0.4484 0.1451 0.2840 0.1225 

MOTIF filter23 
letter-probability matrix: alength= 4 w= 14 nsites= 14 
0.1990 0.2695 0.3183 0.2131 
0.3967 0.2289 0.2732 0.1012 
0.3431 0.1458 0.1359 0.3752 
0.0217 0.6527 0.1615 0.1641 
0.0118 0.3626 0.1728 0.4528 
0.2678 0.0733 0.5526 0.1063 
0.6670 0.0189 0.3093 0.0048 
0.0000 0.6383 0.0138 0.3479 
0.0829 0.5114 0.0254 0.3803 
0.5655 0.0037 0.4206 0.0101 
0.0961 0.0375 0.8664 0.0000 
0.1931 0.2774 0.0344 0.4951 
0.0942 0.3846 0.1212 0.4001 
0.2616 0.3211 0.2176 0.1996 

MOTIF filter24 
letter-probability matrix: alength= 4 w= 16 nsites= 16 
0.2570 0.3182 0.2328 0.1920 
0.8200 0.0566 0.1002 0.0232 
0.7143 0.0714 0.1633 0.0510 
0.2662 0.2774 0.4267 0.0297 
0.7690 0.0362 0.1150 0.0798 
0.0761 0.1531 0.2013 0.5696 
0.0353 0.3163 0.6308 0.0176 
0.0037 0.1234 0.8247 0.0482 
0.1596 0.7866 0.0139 0.0399 
0.1317 0.4462 0.3544 0.0677 
0.0288 0.1327 0.6920 0.1466 
0.0390 0.8785 0.0362 0.0464 
0.0315 0.6531 0.1095 0.2059 
0.3173 0.2746 0.1160 0.2922 
0.1725 0.2069 0.2161 0.4045 
0.1920 0.3813 0.2319 0.1948 

MOTIF filter25 
letter-probability matrix: alength= 4 w= 14 nsites= 14 
0.2086 0.4069 0.2073 0.1771 
0.1024 0.1965 0.1192 0.5819 
0.0207 0.3317 0.2851 0.3624 
0.6989 0.0108 0.2622 0.0281 
0.2933 0.1698 0.4613 0.0756 
0.0052 0.1011 0.0000 0.8937 
0.1153 0.4721 0.3875 0.0251 
0.9248 0.0069 0.0121 0.0562 
0.0035 0.0441 0.2834 0.6691 
0.0536 0.4423 0.0929 0.4112 
0.6942 0.0829 0.1724 0.0505 
0.4428 0.1741 0.1922 0.1909 
0.2907 0.1011 0.1892 0.4190 
0.1356 0.3279 0.1274 0.4091 

MOTIF filter26 
letter-probability matrix: alength= 4 w= 12 nsites= 12 
0.2282 0.2414 0.2759 0.2545 
0.2570 0.1252 0.2776 0.3402 
0.2422 0.1606 0.2175 0.3797 
0.0206 0.6829 0.2965 0.0000 
0.0964 0.8896 0.0033 0.0107 
0.0074 0.0025 0.9712 0.0189 
0.0000 0.0404 0.9563 0.0033 
0.9061 0.0198 0.0478 0.0264 
0.8402 0.0354 0.0766 0.0478 
0.0947 0.1046 0.7488 0.0519 
0.0956 0.2735 0.0717 0.5593 
0.2043 0.1614 0.5091 0.1252 

MOTIF filter27 
letter-probability matrix: alength= 4 w= 12 nsites= 12 
0.2337 0.2414 0.2773 0.2477 
0.1601 0.1889 0.4296 0.2213 
0.2646 0.0749 0.4749 0.1856 
0.1077 0.7452 0.1440 0.0031 
0.0057 0.7164 0.0940 0.1838 
0.0993 0.6724 0.0074 0.2208 
0.3399 0.4402 0.0066 0.2134 
0.2793 0.4213 0.0126 0.2868 
0.0013 0.3670 0.5969 0.0348 
0.2144 0.2222 0.4409 0.1225 
0.1729 0.2915 0.3493 0.1863 
0.1827 0.2971 0.3387 0.1815 

MOTIF filter28 
letter-probability matrix: alength= 4 w= 10 nsites= 10 
0.1774 0.4235 0.3100 0.0891 
0.5230 0.0700 0.2683 0.1388 
0.2196 0.2952 0.4116 0.0736 
0.0022 0.0683 0.0000 0.9295 
0.0027 0.4749 0.3722 0.1501 
0.4215 0.5631 0.0043 0.0111 
0.0000 0.7040 0.2799 0.0161 
0.0297 0.4061 0.4175 0.1467 
0.4065 0.3173 0.1418 0.1344 
0.1873 0.3483 0.3011 0.1633 

MOTIF filter29 
letter-probability matrix: alength= 4 w= 9 nsites= 9 
0.1223 0.0746 0.2132 0.5899 
0.1380 0.1107 0.5390 0.2123 
0.3885 0.3238 0.0662 0.2216 
0.0002 0.4710 0.5287 0.0000 
0.1463 0.3645 0.0002 0.4890 
0.1694 0.7525 0.0022 0.0760 
0.5440 0.1210 0.1977 0.1372 
0.1622 0.3850 0.2465 0.2062 
0.2014 0.2620 0.2717 0.2649 

MOTIF filter30 
letter-probability matrix: alength= 4 w= 13 nsites= 13 
0.1428 0.2753 0.3411 0.2408 
0.2497 0.2646 0.3500 0.1358 
0.2170 0.3028 0.3159 0.1643 
0.0056 0.5394 0.0401 0.4148 
0.0000 0.6580 0.3173 0.0247 
0.9902 0.0042 0.0014 0.0042 
0.4886 0.0000 0.0000 0.5114 
0.0079 0.0000 0.0005 0.9916 
0.0149 0.2926 0.6920 0.0005 
0.4106 0.0247 0.5553 0.0093 
0.1260 0.3145 0.2524 0.3070 
0.1265 0.3070 0.2916 0.2748 
0.2608 0.2884 0.2930 0.1577 

MOTIF filter31 
letter-probability matrix: alength= 4 w= 15 nsites= 15 
0.4932 0.1883 0.1572 0.1612 
0.5799 0.2642 0.0474 0.1084 
0.5041 0.1003 0.1016 0.2940 
0.6206 0.0501 0.1518 0.1775 
0.2642 0.0678 0.0881 0.5799 
0.0854 0.1274 0.4675 0.3198 
0.0000 0.0000 0.7195 0.2805 
0.0894 0.9024 0.0000 0.0081 
0.5515 0.0095 0.0420 0.3970 
0.0041 0.0000 0.9566 0.0393 
0.2642 0.7249 0.0014 0.0095 
0.7209 0.1436 0.0705 0.0650 
0.3659 0.1463 0.1098 0.3780 
0.3238 0.1694 0.0461 0.4607 
0.4241 0.0894 0.0881 0.3984 

