MEME version 4

ALPHABET= ACGT

Background letter frequencies:
A 0.2500 C 0.2500 G 0.2500 T 0.2500 

MOTIF filter0 
letter-probability matrix: alength= 4 w= 14 nsites= 14 
0.2903 0.2689 0.3822 0.0586 
0.3588 0.2331 0.3728 0.0353 
0.3554 0.0790 0.3231 0.2425 
0.0452 0.9195 0.0169 0.0184 
0.0000 0.7197 0.2182 0.0621 
0.0244 0.1208 0.8077 0.0472 
0.2073 0.1412 0.6074 0.0442 
0.1541 0.4548 0.0492 0.3419 
0.0805 0.3583 0.3201 0.2411 
0.0964 0.2256 0.6297 0.0482 
0.0611 0.0537 0.6476 0.2376 
0.1933 0.3116 0.0398 0.4553 
0.0984 0.4891 0.0298 0.3827 
0.1501 0.4592 0.0741 0.3166 

MOTIF filter1 
letter-probability matrix: alength= 4 w= 18 nsites= 18 
0.2509 0.2765 0.2534 0.2192 
0.4700 0.2457 0.0976 0.1866 
0.1995 0.0205 0.6190 0.1610 
0.0728 0.6396 0.1113 0.1764 
0.4606 0.2680 0.2611 0.0103 
0.6884 0.0068 0.2517 0.0531 
0.0779 0.2500 0.4041 0.2680 
0.5223 0.1601 0.3014 0.0163 
0.0051 0.0488 0.0000 0.9461 
0.0000 0.0077 0.2586 0.7337 
0.3947 0.0171 0.5257 0.0625 
0.1310 0.8116 0.0000 0.0574 
0.2354 0.1122 0.4854 0.1670 
0.1661 0.2920 0.4315 0.1104 
0.2080 0.6533 0.0308 0.1079 
0.2474 0.2808 0.2123 0.2594 
0.2551 0.2714 0.1798 0.2937 
0.3057 0.2705 0.1541 0.2697 

MOTIF filter2 
letter-probability matrix: alength= 4 w= 19 nsites= 19 
0.2256 0.2179 0.2744 0.2821 
0.2462 0.2821 0.1718 0.3000 
0.2103 0.6282 0.0410 0.1205 
0.2718 0.4282 0.0615 0.2385 
0.5000 0.1795 0.1333 0.1872 
0.3718 0.0744 0.1000 0.4538 
0.3410 0.2462 0.3410 0.0718 
0.0000 0.0179 0.0077 0.9744 
0.1897 0.8103 0.0000 0.0000 
0.8821 0.0051 0.0077 0.1051 
0.0000 0.0000 0.9795 0.0205 
0.0000 0.8821 0.1179 0.0000 
0.9615 0.0026 0.0077 0.0282 
0.4256 0.2385 0.1026 0.2333 
0.5026 0.0256 0.0000 0.4718 
0.4205 0.0590 0.0231 0.4974 
0.3590 0.1000 0.0513 0.4897 
0.2513 0.2333 0.2718 0.2436 
0.2205 0.2923 0.2333 0.2538 

MOTIF filter3 
letter-probability matrix: alength= 4 w= 10 nsites= 10 
0.2432 0.2423 0.2614 0.2531 
0.2988 0.1503 0.5130 0.0379 
0.2155 0.5408 0.1035 0.1402 
0.1985 0.0134 0.2221 0.5659 
0.1286 0.6350 0.0537 0.1827 
0.4708 0.0000 0.5170 0.0123 
0.0131 0.3915 0.5907 0.0047 
0.0012 0.3909 0.2415 0.3664 
0.4693 0.1797 0.1249 0.2261 
0.1634 0.2429 0.1584 0.4352 

MOTIF filter4 
letter-probability matrix: alength= 4 w= 12 nsites= 12 
0.4344 0.2636 0.2707 0.0312 
0.3451 0.2374 0.2906 0.1269 
0.1517 0.3622 0.3515 0.1347 
0.6272 0.3678 0.0000 0.0050 
0.0000 0.0007 0.6655 0.3338 
0.0007 0.0439 0.6549 0.3005 
0.9993 0.0000 0.0000 0.0007 
0.9972 0.0007 0.0000 0.0021 
0.3083 0.0404 0.5996 0.0517 
0.1028 0.3508 0.0673 0.4791 
0.2452 0.1425 0.5046 0.1077 
0.2452 0.3359 0.3331 0.0858 

MOTIF filter5 
letter-probability matrix: alength= 4 w= 12 nsites= 12 
0.2317 0.3910 0.2851 0.0922 
0.1197 0.2363 0.3554 0.2886 
0.1904 0.2308 0.4467 0.1321 
0.0061 0.3467 0.6458 0.0014 
0.1832 0.0060 0.3685 0.4424 
0.0805 0.2884 0.3512 0.2799 
0.2294 0.3565 0.0918 0.3222 
0.5124 0.1948 0.0000 0.2928 
0.0000 0.4422 0.5490 0.0089 
0.2778 0.4749 0.0282 0.2192 
0.2990 0.2854 0.2306 0.1850 
0.2693 0.2864 0.2472 0.1971 

MOTIF filter6 
letter-probability matrix: alength= 4 w= 12 nsites= 12 
0.1093 0.2701 0.4620 0.1586 
0.0927 0.1405 0.4185 0.3483 
0.1846 0.4844 0.2151 0.1159 
0.0000 0.9059 0.0941 0.0000 
0.0043 0.0000 0.5894 0.4062 
0.7661 0.0246 0.0992 0.1101 
0.7248 0.1340 0.0000 0.1412 
0.0051 0.0739 0.9109 0.0101 
0.1579 0.1267 0.0000 0.7154 
0.1912 0.3382 0.1767 0.2940 
0.4091 0.2346 0.0768 0.2795 
0.2078 0.3686 0.2520 0.1716 

MOTIF filter7 
letter-probability matrix: alength= 4 w= 14 nsites= 14 
0.1754 0.2306 0.3405 0.2535 
0.3832 0.2787 0.2018 0.1363 
0.1982 0.4631 0.2132 0.1255 
0.0000 0.9309 0.0517 0.0174 
0.2018 0.3141 0.0204 0.4637 
0.2673 0.1021 0.2456 0.3850 
0.9994 0.0006 0.0000 0.0000 
0.0000 0.0012 0.0030 0.9958 
0.3616 0.1550 0.0468 0.4366 
0.3940 0.0000 0.3502 0.2559 
0.0000 0.0288 0.9712 0.0000 
0.0841 0.2246 0.3796 0.3117 
0.0541 0.2360 0.2829 0.4270 
0.2120 0.5598 0.1700 0.0583 

MOTIF filter8 
letter-probability matrix: alength= 4 w= 14 nsites= 14 
0.2565 0.2762 0.2302 0.2371 
0.1047 0.2025 0.1888 0.5040 
0.3765 0.1095 0.5138 0.0002 
0.1972 0.0558 0.2381 0.5090 
0.3954 0.4001 0.1183 0.0861 
0.0538 0.2450 0.0731 0.6281 
0.3978 0.0827 0.5156 0.0039 
0.0032 0.0894 0.1271 0.7803 
0.6266 0.1327 0.1757 0.0650 
0.0614 0.1566 0.3823 0.3996 
0.5926 0.1715 0.0046 0.2313 
0.0583 0.4833 0.0762 0.3822 
0.3536 0.3539 0.1710 0.1215 
0.2056 0.1606 0.3769 0.2569 

MOTIF filter9 
letter-probability matrix: alength= 4 w= 12 nsites= 12 
0.1502 0.3016 0.2193 0.3289 
0.2398 0.2270 0.3226 0.2106 
0.4277 0.1420 0.2623 0.1680 
0.2042 0.0089 0.0328 0.7542 
0.0003 0.2013 0.0292 0.7691 
0.2732 0.0536 0.0052 0.6680 
0.6229 0.0089 0.3552 0.0129 
0.9276 0.0108 0.0608 0.0008 
0.1196 0.1067 0.0376 0.7360 
0.2087 0.3571 0.1536 0.2806 
0.3332 0.2758 0.1494 0.2416 
0.2470 0.2245 0.3443 0.1842 

MOTIF filter10 
letter-probability matrix: alength= 4 w= 13 nsites= 13 
0.2176 0.2904 0.2538 0.2382 
0.0061 0.5159 0.2102 0.2678 
0.0456 0.6226 0.0307 0.3012 
0.0411 0.8994 0.0411 0.0185 
0.1013 0.7749 0.1094 0.0143 
0.1935 0.1975 0.3770 0.2319 
0.0183 0.7098 0.1302 0.1417 
0.0371 0.8077 0.1022 0.0529 
0.0020 0.6543 0.0239 0.3198 
0.1552 0.5953 0.0255 0.2240 
0.1159 0.4897 0.1365 0.2579 
0.2196 0.2999 0.2495 0.2310 
0.2398 0.2782 0.2578 0.2242 

MOTIF filter11 
letter-probability matrix: alength= 4 w= 10 nsites= 10 
0.2788 0.0029 0.2521 0.4663 
0.2345 0.3036 0.4619 0.0000 
0.0190 0.3482 0.3948 0.2380 
0.9393 0.0594 0.0013 0.0000 
0.0191 0.2040 0.0215 0.7555 
0.0010 0.2120 0.7580 0.0290 
0.0644 0.0743 0.6399 0.2214 
0.0676 0.2429 0.4296 0.2600 
0.1577 0.4096 0.2794 0.1533 
0.3596 0.1286 0.3046 0.2071 

MOTIF filter12 
letter-probability matrix: alength= 4 w= 13 nsites= 13 
0.2142 0.2668 0.2147 0.3042 
0.0297 0.0226 0.0270 0.9206 
0.0213 0.0409 0.0829 0.8548 
0.1727 0.7490 0.0276 0.0508 
0.0477 0.6704 0.0232 0.2587 
0.2166 0.2698 0.2783 0.2352 
0.2868 0.0180 0.6453 0.0499 
0.0349 0.0426 0.7168 0.2057 
0.7765 0.0990 0.0543 0.0701 
0.9080 0.0259 0.0164 0.0497 
0.4049 0.1705 0.2374 0.1872 
0.2295 0.2450 0.2254 0.3001 
0.2494 0.2420 0.2671 0.2415 

MOTIF filter13 
letter-probability matrix: alength= 4 w= 11 nsites= 11 
0.2634 0.2550 0.2619 0.2197 
0.2176 0.1213 0.4873 0.1738 
0.0852 0.8091 0.0473 0.0584 
0.0669 0.7735 0.1595 0.0000 
0.7872 0.0000 0.2013 0.0116 
0.3396 0.0011 0.1127 0.5466 
0.0000 0.1100 0.0985 0.7915 
0.0003 0.3416 0.5489 0.1093 
0.3242 0.1474 0.4072 0.1213 
0.1543 0.4834 0.1613 0.2010 
0.2338 0.2882 0.1696 0.3084 

MOTIF filter14 
letter-probability matrix: alength= 4 w= 12 nsites= 12 
0.2487 0.2490 0.2563 0.2460 
0.3437 0.2227 0.2603 0.1733 
0.2595 0.2868 0.2538 0.1999 
0.0803 0.8473 0.0304 0.0421 
0.8120 0.0373 0.0556 0.0950 
0.0350 0.7109 0.0355 0.2187 
0.2019 0.0284 0.7078 0.0619 
0.0816 0.0661 0.0293 0.8230 
0.0529 0.0351 0.8461 0.0658 
0.1985 0.2748 0.2909 0.2358 
0.1930 0.2603 0.2131 0.3337 
0.2431 0.2575 0.2483 0.2511 

MOTIF filter15 
letter-probability matrix: alength= 4 w= 11 nsites= 11 
0.3038 0.2080 0.2261 0.2620 
0.3098 0.0457 0.2732 0.3714 
0.2688 0.1594 0.2325 0.3394 
0.5752 0.0008 0.4234 0.0006 
0.8227 0.1139 0.0627 0.0007 
0.2506 0.1977 0.3827 0.1690 
0.0000 0.0239 0.0001 0.9761 
0.4199 0.0500 0.0000 0.5301 
0.4142 0.2047 0.2777 0.1033 
0.2132 0.2615 0.2157 0.3097 
0.2421 0.3003 0.1864 0.2712 

MOTIF filter16 
letter-probability matrix: alength= 4 w= 13 nsites= 13 
0.2637 0.2503 0.2525 0.2334 
0.4579 0.1644 0.3401 0.0376 
0.0084 0.0067 0.0073 0.9776 
0.0034 0.0062 0.0954 0.8951 
0.2924 0.0460 0.5376 0.1240 
0.0286 0.8193 0.0123 0.1397 
0.1341 0.0129 0.8288 0.0241 
0.1251 0.6134 0.0208 0.2407 
0.8687 0.1055 0.0152 0.0107 
0.9703 0.0135 0.0062 0.0101 
0.0348 0.3474 0.1650 0.4529 
0.2531 0.2682 0.2531 0.2256 
0.2480 0.2200 0.2604 0.2716 

MOTIF filter17 
letter-probability matrix: alength= 4 w= 13 nsites= 13 
0.2119 0.1791 0.4224 0.1866 
0.2592 0.4099 0.1632 0.1677 
0.1534 0.5482 0.1398 0.1587 
0.9158 0.0060 0.0125 0.0657 
0.6947 0.0287 0.0941 0.1825 
0.4125 0.1658 0.2777 0.1439 
0.2452 0.0144 0.0026 0.7378 
0.0332 0.0468 0.0008 0.9192 
0.1556 0.0552 0.7439 0.0453 
0.0140 0.0646 0.8247 0.0967 
0.1590 0.5361 0.0570 0.2478 
0.2029 0.2365 0.2947 0.2660 
0.1983 0.1730 0.4473 0.1813 

MOTIF filter18 
letter-probability matrix: alength= 4 w= 10 nsites= 10 
0.2499 0.2067 0.2689 0.2745 
0.2629 0.1732 0.2537 0.3102 
0.0899 0.3551 0.3625 0.1925 
0.4825 0.0027 0.0011 0.5136 
0.1429 0.0249 0.7023 0.1298 
0.2238 0.0204 0.5352 0.2206 
0.0210 0.5024 0.4643 0.0123 
0.3002 0.2467 0.0237 0.4294 
0.1610 0.5482 0.1906 0.1002 
0.3093 0.2327 0.2853 0.1727 

MOTIF filter19 
letter-probability matrix: alength= 4 w= 14 nsites= 14 
0.2488 0.2773 0.2612 0.2127 
0.0722 0.0000 0.6391 0.2887 
0.0161 0.8851 0.0123 0.0864 
0.0513 0.5043 0.0560 0.3884 
0.9677 0.0161 0.0114 0.0047 
0.0019 0.0427 0.0399 0.9155 
0.0095 0.3875 0.0912 0.5119 
0.0579 0.0560 0.0000 0.8860 
0.1178 0.0361 0.0000 0.8462 
0.0294 0.0693 0.2194 0.6819 
0.6999 0.1301 0.0247 0.1453 
0.1928 0.0817 0.5489 0.1766 
0.3362 0.2612 0.1738 0.2289 
0.3039 0.2688 0.1576 0.2697 

MOTIF filter20 
letter-probability matrix: alength= 4 w= 13 nsites= 13 
0.2553 0.2375 0.2411 0.2661 
0.2354 0.2140 0.3553 0.1953 
0.3411 0.2986 0.2693 0.0911 
0.0528 0.0330 0.0339 0.8804 
0.0144 0.0970 0.7996 0.0889 
0.7554 0.0486 0.1504 0.0456 
0.0970 0.3888 0.4332 0.0811 
0.0325 0.0658 0.0330 0.8688 
0.0728 0.7577 0.1314 0.0381 
0.8882 0.0137 0.0700 0.0281 
0.0700 0.2960 0.3135 0.3205 
0.1905 0.3604 0.1947 0.2544 
0.3068 0.2288 0.2104 0.2540 

MOTIF filter21 
letter-probability matrix: alength= 4 w= 14 nsites= 14 
0.2282 0.2659 0.2427 0.2633 
0.0847 0.0568 0.6845 0.1740 
0.0546 0.8974 0.0042 0.0439 
0.0301 0.1114 0.0019 0.8565 
0.4884 0.0412 0.4605 0.0099 
0.5631 0.1271 0.0046 0.3052 
0.2274 0.3941 0.1251 0.2533 
0.3789 0.1915 0.1519 0.2778 
0.2175 0.0580 0.1366 0.5879 
0.0286 0.3831 0.1442 0.4441 
0.8443 0.0031 0.1129 0.0397 
0.1538 0.0908 0.6215 0.1339 
0.3316 0.3773 0.1148 0.1763 
0.4578 0.1858 0.1713 0.1850 

MOTIF filter22 
letter-probability matrix: alength= 4 w= 13 nsites= 13 
0.1679 0.2881 0.2736 0.2704 
0.2471 0.2784 0.3255 0.1490 
0.3397 0.2218 0.3542 0.0843 
0.0097 0.5150 0.0692 0.4062 
0.0000 0.6156 0.3549 0.0296 
0.8934 0.0692 0.0211 0.0163 
0.4132 0.0272 0.0491 0.5105 
0.0581 0.0133 0.0221 0.9065 
0.0607 0.2424 0.6832 0.0138 
0.3572 0.0537 0.5365 0.0525 
0.1708 0.2801 0.2665 0.2826 
0.1523 0.2842 0.2913 0.2723 
0.2641 0.2964 0.2712 0.1683 

MOTIF filter23 
letter-probability matrix: alength= 4 w= 15 nsites= 15 
0.2174 0.2653 0.2596 0.2577 
0.4821 0.3178 0.1458 0.0543 
0.0294 0.7813 0.1873 0.0019 
0.0448 0.7532 0.1362 0.0659 
0.3005 0.1771 0.2743 0.2481 
0.0825 0.1317 0.5269 0.2590 
0.0543 0.0000 0.9457 0.0000 
0.0000 0.4968 0.0058 0.4974 
0.3350 0.0045 0.4418 0.2187 
0.3907 0.1630 0.0543 0.3919 
0.1055 0.2379 0.5166 0.1400 
0.1061 0.0505 0.8338 0.0096 
0.1752 0.2193 0.2948 0.3107 
0.3171 0.3491 0.1330 0.2008 
0.5038 0.1004 0.0850 0.3107 

MOTIF filter24 
letter-probability matrix: alength= 4 w= 15 nsites= 15 
0.2272 0.2339 0.2702 0.2688 
0.2366 0.2608 0.2513 0.2513 
0.2675 0.1169 0.5134 0.1022 
0.1653 0.0013 0.6398 0.1935 
0.2527 0.0175 0.7245 0.0054 
0.0000 0.0013 0.9933 0.0054 
0.0000 0.0054 0.9866 0.0081 
0.3159 0.4839 0.0027 0.1976 
0.0040 0.0054 0.9892 0.0013 
0.0013 0.0000 0.9987 0.0000 
0.2540 0.0013 0.7151 0.0296 
0.2473 0.0820 0.6694 0.0013 
0.2070 0.4543 0.2151 0.1237 
0.2715 0.2164 0.2809 0.2312 
0.2460 0.2809 0.2191 0.2540 

MOTIF filter25 
letter-probability matrix: alength= 4 w= 11 nsites= 11 
0.2431 0.2651 0.2465 0.2453 
0.0850 0.3185 0.0680 0.5284 
0.3566 0.0659 0.3368 0.2408 
0.0458 0.5050 0.0121 0.4371 
0.1218 0.0123 0.0440 0.8219 
0.9453 0.0487 0.0038 0.0022 
0.0637 0.5069 0.3191 0.1103 
0.0606 0.0419 0.2007 0.6968 
0.6096 0.2133 0.0476 0.1294 
0.3842 0.2568 0.2377 0.1213 
0.1419 0.3840 0.0987 0.3754 

MOTIF filter26 
letter-probability matrix: alength= 4 w= 10 nsites= 10 
0.2278 0.2421 0.2310 0.2991 
0.0079 0.0000 0.0000 0.9921 
0.0016 0.0000 0.9984 0.0000 
0.0491 0.9509 0.0000 0.0000 
0.0063 0.0269 0.0301 0.9367 
0.0142 0.0016 0.9098 0.0744 
0.9320 0.0269 0.0364 0.0047 
0.0475 0.4161 0.2009 0.3354 
0.3275 0.1646 0.1519 0.3560 
0.2674 0.1677 0.1456 0.4193 

MOTIF filter27 
letter-probability matrix: alength= 4 w= 16 nsites= 16 
0.2703 0.2393 0.2393 0.2511 
0.1300 0.0886 0.3087 0.4727 
0.0783 0.7312 0.0133 0.1773 
0.0266 0.0015 0.0798 0.8922 
0.8346 0.1492 0.0162 0.0000 
0.5775 0.0000 0.0236 0.3988 
0.7489 0.0000 0.0192 0.2319 
0.6425 0.0532 0.1625 0.1418 
0.9439 0.0000 0.0000 0.0561 
0.0000 0.0000 0.0000 1.0000 
0.7622 0.0000 0.2378 0.0000 
0.0502 0.0000 0.9498 0.0000 
0.4195 0.5377 0.0103 0.0325 
0.1832 0.2053 0.3545 0.2570 
0.1994 0.2290 0.3973 0.1743 
0.2304 0.4343 0.1684 0.1669 

MOTIF filter28 
letter-probability matrix: alength= 4 w= 12 nsites= 12 
0.0304 0.4467 0.2975 0.2254 
0.3433 0.2399 0.3434 0.0734 
0.3741 0.0008 0.3415 0.2836 
0.0017 0.4502 0.5479 0.0003 
0.1403 0.5696 0.0149 0.2752 
0.3724 0.0098 0.0182 0.5996 
0.3302 0.2969 0.3425 0.0304 
0.2606 0.1941 0.2726 0.2727 
0.1321 0.7474 0.0929 0.0276 
0.4374 0.3314 0.1070 0.1241 
0.2556 0.2331 0.3871 0.1242 
0.2975 0.2389 0.1956 0.2680 

MOTIF filter29 
letter-probability matrix: alength= 4 w= 15 nsites= 15 
0.1777 0.2047 0.3818 0.2358 
0.1858 0.3811 0.1230 0.3101 
0.0027 0.9615 0.0061 0.0297 
0.0000 0.6574 0.0128 0.3297 
0.9101 0.0176 0.0027 0.0696 
0.0885 0.0000 0.1338 0.7777 
0.4520 0.3446 0.0628 0.1405 
0.2277 0.0000 0.2939 0.4784 
0.8520 0.0743 0.0088 0.0649 
0.1588 0.0338 0.0007 0.8068 
0.4797 0.0547 0.4554 0.0101 
0.0696 0.0608 0.8466 0.0230 
0.2372 0.2797 0.2736 0.2095 
0.1500 0.5662 0.1777 0.1061 
0.4689 0.1608 0.1081 0.2622 

MOTIF filter30 
letter-probability matrix: alength= 4 w= 12 nsites= 12 
0.2531 0.2567 0.2497 0.2404 
0.2068 0.2634 0.2886 0.2412 
0.0262 0.4259 0.3375 0.2104 
0.7062 0.0000 0.2388 0.0550 
0.7847 0.1213 0.0940 0.0000 
0.3211 0.0844 0.1945 0.4000 
0.0000 0.0275 0.0121 0.9604 
0.0000 0.2597 0.0090 0.7313 
0.1366 0.2805 0.0031 0.5799 
0.1838 0.3309 0.2233 0.2620 
0.2583 0.2056 0.3588 0.1773 
0.1711 0.2322 0.3112 0.2855 

MOTIF filter31 
letter-probability matrix: alength= 4 w= 11 nsites= 11 
0.3119 0.2096 0.2635 0.2150 
0.0312 0.8493 0.0448 0.0747 
0.0711 0.0552 0.0964 0.7773 
0.0779 0.0163 0.0602 0.8456 
0.0308 0.7469 0.2051 0.0172 
0.1037 0.8515 0.0403 0.0045 
0.0136 0.0014 0.9584 0.0267 
0.0068 0.2553 0.6872 0.0507 
0.3576 0.2028 0.1833 0.2562 
0.2404 0.2055 0.2847 0.2694 
0.1367 0.2128 0.4396 0.2110 

