MEME version 4

ALPHABET= ACGT

Background letter frequencies:
A 0.2500 C 0.2500 G 0.2500 T 0.2500 

MOTIF filter0 
letter-probability matrix: alength= 4 w= 12 nsites= 12 
0.1456 0.2594 0.3447 0.2503 
0.0259 0.5159 0.2017 0.2564 
0.1167 0.5476 0.0500 0.2858 
0.1460 0.6710 0.1645 0.0184 
0.0353 0.7462 0.0996 0.1189 
0.2097 0.1555 0.3473 0.2875 
0.0706 0.7870 0.0233 0.1191 
0.0680 0.8623 0.0653 0.0044 
0.0147 0.6087 0.0547 0.3219 
0.1928 0.5417 0.0401 0.2254 
0.1159 0.4356 0.1709 0.2776 
0.2285 0.2727 0.2627 0.2361 

MOTIF filter1 
letter-probability matrix: alength= 4 w= 15 nsites= 15 
0.2117 0.2045 0.2343 0.3496 
0.2756 0.2936 0.2120 0.2188 
0.1316 0.1747 0.2649 0.4289 
0.1934 0.6073 0.0378 0.1615 
0.1574 0.1724 0.0290 0.6412 
0.6413 0.0798 0.0075 0.2714 
0.2327 0.0029 0.0072 0.7572 
0.5723 0.0195 0.0070 0.4012 
0.4054 0.0041 0.1112 0.4793 
0.7226 0.0067 0.0037 0.2670 
0.1522 0.0190 0.1149 0.7138 
0.7007 0.0563 0.1644 0.0785 
0.2164 0.0537 0.5646 0.1653 
0.3953 0.2817 0.1571 0.1659 
0.2462 0.2642 0.2727 0.2169 

MOTIF filter2 
letter-probability matrix: alength= 4 w= 15 nsites= 15 
0.2251 0.2364 0.2970 0.2415 
0.2260 0.2373 0.2871 0.2495 
0.2547 0.1086 0.5376 0.0992 
0.1664 0.0310 0.6715 0.1311 
0.2035 0.0343 0.7509 0.0113 
0.0305 0.0456 0.9131 0.0108 
0.0254 0.1424 0.8097 0.0226 
0.2345 0.4135 0.1856 0.1664 
0.0550 0.0836 0.8426 0.0188 
0.0085 0.0489 0.9173 0.0254 
0.2448 0.0052 0.7138 0.0362 
0.2481 0.1184 0.6259 0.0075 
0.2411 0.3764 0.2730 0.1095 
0.2256 0.2646 0.2730 0.2368 
0.2462 0.2660 0.2575 0.2303 

MOTIF filter3 
letter-probability matrix: alength= 4 w= 11 nsites= 11 
0.2208 0.2228 0.2426 0.3137 
0.1703 0.2160 0.3100 0.3036 
0.2155 0.2528 0.2786 0.2531 
0.4545 0.0000 0.5073 0.0381 
0.0345 0.8470 0.1185 0.0000 
0.2542 0.0000 0.0309 0.7148 
0.3533 0.0337 0.3785 0.2345 
0.0001 0.7860 0.0000 0.2140 
0.1395 0.4181 0.0211 0.4214 
0.2101 0.3492 0.3016 0.1392 
0.2698 0.2658 0.2608 0.2036 

MOTIF filter4 
letter-probability matrix: alength= 4 w= 12 nsites= 12 
0.2606 0.0891 0.3749 0.2754 
0.1277 0.2880 0.1908 0.3935 
0.0720 0.1500 0.2732 0.5048 
0.8189 0.0527 0.0854 0.0431 
0.0282 0.4358 0.5271 0.0089 
0.3734 0.0646 0.2413 0.3207 
0.1901 0.4692 0.1886 0.1522 
0.0208 0.9584 0.0037 0.0171 
0.0007 0.1737 0.0453 0.7803 
0.3341 0.0854 0.4981 0.0824 
0.5872 0.0676 0.2457 0.0995 
0.2116 0.2747 0.1084 0.4053 

MOTIF filter5 
letter-probability matrix: alength= 4 w= 12 nsites= 12 
0.3451 0.1529 0.2524 0.2497 
0.2112 0.0765 0.3237 0.3887 
0.1537 0.3944 0.1416 0.3104 
0.0003 0.7696 0.2187 0.0113 
0.0668 0.1451 0.2357 0.5524 
0.0005 0.4305 0.2010 0.3679 
0.4288 0.1269 0.2816 0.1627 
0.7004 0.0943 0.0036 0.2016 
0.0020 0.3852 0.6128 0.0000 
0.1499 0.2544 0.5319 0.0638 
0.2128 0.3517 0.3798 0.0557 
0.3179 0.2411 0.1200 0.3211 

MOTIF filter6 
letter-probability matrix: alength= 4 w= 15 nsites= 15 
0.1744 0.0803 0.4628 0.2825 
0.1784 0.4410 0.1923 0.1883 
0.2825 0.3518 0.2190 0.1467 
0.1100 0.0436 0.7096 0.1368 
0.0416 0.8335 0.0773 0.0476 
0.5540 0.4460 0.0000 0.0000 
0.9445 0.0050 0.0505 0.0000 
0.2765 0.0377 0.2200 0.4658 
0.4272 0.3043 0.0466 0.2220 
0.0000 0.0159 0.0010 0.9832 
0.0000 0.0079 0.4827 0.5094 
0.0545 0.0833 0.8285 0.0337 
0.2329 0.5778 0.0466 0.1427 
0.1625 0.1754 0.3419 0.3201 
0.1863 0.1853 0.4321 0.1962 

MOTIF filter7 
letter-probability matrix: alength= 4 w= 14 nsites= 14 
0.1102 0.3032 0.1428 0.4438 
0.2268 0.1156 0.5437 0.1139 
0.3092 0.1006 0.3673 0.2230 
0.1158 0.7764 0.0139 0.0939 
0.0066 0.5941 0.2622 0.1370 
0.9839 0.0019 0.0075 0.0066 
0.2461 0.0202 0.0551 0.6786 
0.3825 0.0116 0.2213 0.3846 
0.0047 0.3776 0.4477 0.1700 
0.3851 0.1966 0.2093 0.2090 
0.0693 0.3287 0.0253 0.5768 
0.3081 0.1385 0.3977 0.1557 
0.1462 0.1121 0.6188 0.1229 
0.2178 0.2369 0.2740 0.2712 

MOTIF filter8 
letter-probability matrix: alength= 4 w= 12 nsites= 12 
0.2511 0.2557 0.2555 0.2377 
0.3604 0.2138 0.2599 0.1659 
0.2640 0.2853 0.2775 0.1732 
0.0787 0.7870 0.0816 0.0528 
0.8028 0.0230 0.0782 0.0960 
0.0333 0.7168 0.0271 0.2228 
0.1981 0.0231 0.7533 0.0254 
0.1050 0.0786 0.0344 0.7821 
0.0723 0.0372 0.7881 0.1024 
0.1832 0.2864 0.2881 0.2423 
0.1897 0.2662 0.2032 0.3409 
0.2541 0.2465 0.2529 0.2465 

MOTIF filter9 
letter-probability matrix: alength= 4 w= 16 nsites= 16 
0.1788 0.1342 0.2191 0.4679 
0.0752 0.0990 0.4147 0.4111 
0.2515 0.1828 0.4590 0.1067 
0.1067 0.8591 0.0327 0.0015 
0.1354 0.7219 0.1388 0.0040 
0.6721 0.0403 0.1235 0.1641 
0.2598 0.1174 0.1320 0.4908 
0.9456 0.0266 0.0238 0.0040 
0.0709 0.0208 0.0498 0.8585 
0.4587 0.0101 0.4752 0.0559 
0.1479 0.0954 0.2955 0.4612 
0.0721 0.3380 0.5018 0.0880 
0.0853 0.1100 0.7130 0.0917 
0.1183 0.2222 0.4010 0.2586 
0.2204 0.4312 0.1956 0.1528 
0.4300 0.1094 0.1867 0.2738 

MOTIF filter10 
letter-probability matrix: alength= 4 w= 15 nsites= 15 
0.2472 0.2433 0.2520 0.2576 
0.2642 0.2271 0.2433 0.2655 
0.1869 0.2476 0.1856 0.3799 
0.0641 0.0257 0.0342 0.8760 
0.0268 0.0672 0.0782 0.8279 
0.2169 0.7041 0.0257 0.0533 
0.0788 0.5854 0.0137 0.3221 
0.2418 0.2404 0.2717 0.2462 
0.3019 0.0280 0.5894 0.0807 
0.0886 0.0448 0.6653 0.2014 
0.8457 0.0662 0.0521 0.0361 
0.8917 0.0328 0.0328 0.0427 
0.3976 0.1831 0.2273 0.1920 
0.2489 0.2435 0.2424 0.2652 
0.2557 0.2412 0.2696 0.2335 

MOTIF filter11 
letter-probability matrix: alength= 4 w= 12 nsites= 12 
0.2140 0.2985 0.2691 0.2184 
0.2214 0.3008 0.2378 0.2401 
0.2296 0.2806 0.3380 0.1518 
0.5049 0.1511 0.0006 0.3433 
0.0000 0.0000 0.0065 0.9935 
0.0069 0.1230 0.0000 0.8701 
0.4648 0.3580 0.1560 0.0212 
0.9155 0.0845 0.0000 0.0000 
0.3443 0.0029 0.1150 0.5377 
0.1013 0.3216 0.4728 0.1043 
0.1230 0.3691 0.2565 0.2514 
0.1419 0.2825 0.2632 0.3124 

MOTIF filter12 
letter-probability matrix: alength= 4 w= 18 nsites= 18 
0.1502 0.1649 0.4514 0.2334 
0.3895 0.3402 0.1495 0.1208 
0.0545 0.8468 0.0493 0.0493 
0.2202 0.6458 0.0611 0.0729 
0.7275 0.0906 0.0611 0.1208 
0.1487 0.0405 0.0707 0.7401 
0.8984 0.0317 0.0398 0.0302 
0.0265 0.0052 0.0324 0.9359 
0.6119 0.0258 0.2010 0.1613 
0.1642 0.0044 0.2334 0.5979 
0.0015 0.4433 0.5449 0.0103 
0.1686 0.0162 0.8100 0.0052 
0.0501 0.0707 0.5810 0.2982 
0.2261 0.7378 0.0191 0.0169 
0.8071 0.0302 0.0434 0.1193 
0.2703 0.2423 0.1885 0.2990 
0.2673 0.2342 0.2423 0.2563 
0.3049 0.1649 0.1554 0.3748 

MOTIF filter13 
letter-probability matrix: alength= 4 w= 11 nsites= 11 
0.2966 0.1920 0.2815 0.2299 
0.2885 0.0564 0.3951 0.2600 
0.2421 0.2277 0.3177 0.2126 
0.5450 0.0000 0.4516 0.0034 
0.6466 0.3033 0.0500 0.0000 
0.1995 0.2320 0.2548 0.3136 
0.0000 0.0812 0.1719 0.7469 
0.0178 0.4585 0.0000 0.5237 
0.1795 0.3348 0.2919 0.1938 
0.2465 0.3095 0.1538 0.2901 
0.2687 0.2344 0.2569 0.2400 

MOTIF filter14 
letter-probability matrix: alength= 4 w= 14 nsites= 14 
0.1421 0.2465 0.3519 0.2594 
0.0765 0.4175 0.2127 0.2932 
0.1461 0.5358 0.1491 0.1690 
0.5815 0.0338 0.3101 0.0746 
0.0308 0.7833 0.1173 0.0686 
0.1819 0.0835 0.1561 0.5785 
0.0567 0.0020 0.0109 0.9304 
0.0060 0.8608 0.1312 0.0020 
0.0507 0.9364 0.0119 0.0010 
0.0000 0.0000 0.9861 0.0139 
0.0000 0.4940 0.4433 0.0626 
0.4901 0.2594 0.0805 0.1700 
0.2256 0.2137 0.2763 0.2843 
0.0875 0.2485 0.3221 0.3419 

MOTIF filter15 
letter-probability matrix: alength= 4 w= 10 nsites= 10 
0.1009 0.1358 0.3127 0.4505 
0.3040 0.2886 0.3839 0.0234 
0.0842 0.4383 0.1065 0.3709 
0.4453 0.4282 0.1264 0.0000 
0.0000 0.0223 0.2939 0.6838 
0.9830 0.0036 0.0133 0.0000 
0.0000 0.7778 0.2222 0.0000 
0.3265 0.1006 0.1644 0.4085 
0.1662 0.3054 0.2131 0.3153 
0.1276 0.3401 0.1330 0.3994 

MOTIF filter16 
letter-probability matrix: alength= 4 w= 16 nsites= 16 
0.2504 0.2576 0.2523 0.2398 
0.2357 0.2748 0.2911 0.1984 
0.3230 0.2945 0.2212 0.1613 
0.0280 0.8057 0.0147 0.1516 
0.0807 0.5257 0.2909 0.1027 
0.5693 0.0501 0.1651 0.2155 
0.1147 0.1039 0.3601 0.4213 
0.0665 0.6992 0.0010 0.2333 
0.0002 0.6472 0.3526 0.0000 
0.3068 0.0877 0.3775 0.2280 
0.2032 0.3804 0.2882 0.1282 
0.3869 0.0468 0.2476 0.3186 
0.0260 0.5767 0.3244 0.0730 
0.0962 0.1555 0.6011 0.1472 
0.0615 0.5069 0.1967 0.2348 
0.2818 0.2256 0.1314 0.3611 

MOTIF filter17 
letter-probability matrix: alength= 4 w= 12 nsites= 12 
0.5326 0.0672 0.2799 0.1203 
0.2048 0.1529 0.2101 0.4322 
0.1215 0.0650 0.3918 0.4217 
0.8730 0.0150 0.0558 0.0562 
0.2327 0.3941 0.1999 0.1733 
0.0215 0.0129 0.0719 0.8936 
0.7513 0.1739 0.0000 0.0748 
0.0915 0.2770 0.5848 0.0467 
0.0626 0.4480 0.0477 0.4417 
0.4957 0.1539 0.2104 0.1400 
0.1524 0.1372 0.4327 0.2777 
0.2066 0.3069 0.1516 0.3349 

MOTIF filter18 
letter-probability matrix: alength= 4 w= 11 nsites= 11 
0.3581 0.2319 0.2646 0.1454 
0.1416 0.1364 0.0985 0.6235 
0.0826 0.1433 0.5654 0.2087 
0.6297 0.0528 0.2251 0.0923 
0.1706 0.3445 0.4234 0.0616 
0.0050 0.0054 0.0069 0.9827 
0.0154 0.6912 0.2802 0.0132 
0.9877 0.0021 0.0052 0.0050 
0.0959 0.3084 0.3499 0.2458 
0.1551 0.3933 0.0951 0.3565 
0.3533 0.2931 0.1636 0.1900 

MOTIF filter19 
letter-probability matrix: alength= 4 w= 12 nsites= 12 
0.2453 0.2341 0.2387 0.2819 
0.2474 0.2649 0.2266 0.2611 
0.0929 0.5566 0.2383 0.1123 
0.1508 0.7426 0.0490 0.0576 
0.0145 0.0712 0.8786 0.0357 
0.0408 0.0420 0.8679 0.0492 
0.7545 0.0709 0.0467 0.1279 
0.8870 0.0469 0.0306 0.0355 
0.1200 0.1419 0.7095 0.0287 
0.1155 0.3176 0.0569 0.5099 
0.2149 0.1683 0.4408 0.1760 
0.2770 0.3174 0.2702 0.1354 

MOTIF filter20 
letter-probability matrix: alength= 4 w= 13 nsites= 13 
0.2038 0.3437 0.2824 0.1701 
0.2115 0.2737 0.3014 0.2133 
0.3565 0.1148 0.2995 0.2293 
0.0000 0.0791 0.2271 0.6938 
0.3543 0.4204 0.1233 0.1019 
0.0000 0.5439 0.0025 0.4536 
0.7598 0.2284 0.0109 0.0009 
0.4082 0.0254 0.0013 0.5651 
0.3295 0.1079 0.5626 0.0000 
0.0191 0.0532 0.7156 0.2121 
0.2500 0.2137 0.2760 0.2603 
0.2157 0.3357 0.2068 0.2418 
0.3374 0.2093 0.2014 0.2519 

MOTIF filter21 
letter-probability matrix: alength= 4 w= 19 nsites= 19 
0.2270 0.2107 0.1839 0.3783 
0.2084 0.1490 0.4237 0.2189 
0.2875 0.3225 0.1467 0.2433 
0.1409 0.7253 0.0279 0.1059 
0.2014 0.5506 0.0664 0.1816 
0.5064 0.2026 0.1048 0.1863 
0.2608 0.0873 0.0664 0.5856 
0.4668 0.2398 0.2573 0.0361 
0.0047 0.0629 0.0023 0.9302 
0.4948 0.4854 0.0000 0.0198 
0.6251 0.0000 0.0058 0.3690 
0.0012 0.0000 0.9697 0.0291 
0.0000 0.6508 0.3492 0.0000 
0.7672 0.0012 0.0407 0.1909 
0.3411 0.3295 0.1432 0.1863 
0.6228 0.0221 0.0105 0.3446 
0.3737 0.1001 0.0512 0.4750 
0.3143 0.1525 0.0698 0.4633 
0.2165 0.2549 0.2945 0.2340 

MOTIF filter22 
letter-probability matrix: alength= 4 w= 16 nsites= 16 
0.2025 0.0889 0.4515 0.2570 
0.1549 0.5267 0.1124 0.2060 
0.2915 0.2163 0.2851 0.2071 
0.2501 0.0063 0.6145 0.1291 
0.2892 0.4435 0.1629 0.1044 
0.1503 0.4544 0.3804 0.0149 
0.9254 0.0000 0.0568 0.0178 
0.1411 0.0138 0.0103 0.8348 
0.0396 0.6753 0.2266 0.0585 
0.4521 0.1824 0.0924 0.2731 
0.0006 0.3586 0.0000 0.6408 
0.0557 0.3614 0.4796 0.1033 
0.1033 0.0820 0.7074 0.1073 
0.1910 0.6001 0.0470 0.1618 
0.2639 0.2547 0.2014 0.2800 
0.2352 0.1423 0.4177 0.2048 

MOTIF filter23 
letter-probability matrix: alength= 4 w= 13 nsites= 13 
0.2605 0.1079 0.2955 0.3360 
0.2053 0.1269 0.2393 0.4284 
0.1981 0.2224 0.4471 0.1324 
0.0733 0.0744 0.6371 0.2152 
0.0199 0.0791 0.4321 0.4689 
0.6711 0.0000 0.1426 0.1864 
0.8618 0.1243 0.0000 0.0139 
0.8077 0.0977 0.0385 0.0561 
0.1681 0.3599 0.0009 0.4712 
0.0028 0.1398 0.6180 0.2395 
0.3207 0.3527 0.0000 0.3267 
0.2804 0.3107 0.2038 0.2052 
0.2535 0.3063 0.1533 0.2869 

MOTIF filter24 
letter-probability matrix: alength= 4 w= 14 nsites= 14 
0.2254 0.2674 0.2699 0.2374 
0.2648 0.2622 0.2391 0.2339 
0.4841 0.1517 0.3393 0.0249 
0.0009 0.0009 0.0000 0.9983 
0.0000 0.0000 0.0643 0.9357 
0.3342 0.0026 0.5741 0.0891 
0.0111 0.8689 0.0043 0.1157 
0.1217 0.0189 0.8406 0.0189 
0.1011 0.6401 0.0000 0.2588 
0.9357 0.0643 0.0000 0.0000 
0.9974 0.0000 0.0026 0.0000 
0.0206 0.3436 0.1560 0.4799 
0.2571 0.2528 0.2785 0.2117 
0.2459 0.2151 0.2691 0.2699 

MOTIF filter25 
letter-probability matrix: alength= 4 w= 15 nsites= 15 
0.2355 0.2058 0.2577 0.3011 
0.0945 0.6935 0.0277 0.1843 
0.0816 0.0426 0.0316 0.8442 
0.8665 0.0703 0.0406 0.0226 
0.4662 0.0305 0.0886 0.4147 
0.4287 0.0184 0.2944 0.2585 
0.4112 0.1304 0.2675 0.1909 
0.5010 0.0266 0.2765 0.1960 
0.0078 0.2616 0.0519 0.6786 
0.3510 0.3432 0.3034 0.0023 
0.0597 0.0758 0.8633 0.0012 
0.1499 0.7399 0.0785 0.0316 
0.1511 0.4811 0.2152 0.1527 
0.1152 0.2850 0.2913 0.3085 
0.2476 0.3241 0.1937 0.2347 

MOTIF filter26 
letter-probability matrix: alength= 4 w= 15 nsites= 15 
0.2133 0.2274 0.3250 0.2344 
0.2434 0.3360 0.1955 0.2251 
0.0889 0.5320 0.2573 0.1219 
0.1103 0.6313 0.2319 0.0265 
0.2584 0.0065 0.0505 0.6846 
0.0578 0.0045 0.5941 0.3436 
0.9126 0.0810 0.0065 0.0000 
0.0262 0.2987 0.3044 0.3707 
0.8516 0.0087 0.0068 0.1329 
0.1975 0.4003 0.0000 0.4023 
0.1630 0.2412 0.5921 0.0037 
0.0155 0.2214 0.6054 0.1577 
0.1687 0.1791 0.3337 0.3185 
0.1295 0.2956 0.3069 0.2680 
0.2460 0.1701 0.3196 0.2643 

MOTIF filter27 
letter-probability matrix: alength= 4 w= 10 nsites= 10 
0.0767 0.2524 0.2975 0.3734 
0.1889 0.3435 0.1155 0.3521 
0.0458 0.3916 0.2827 0.2800 
0.0086 0.2217 0.7697 0.0000 
0.6332 0.0683 0.0030 0.2955 
0.0121 0.0487 0.0531 0.8861 
0.5117 0.2170 0.0003 0.2710 
0.3445 0.0000 0.3831 0.2723 
0.5240 0.1862 0.2829 0.0068 
0.2624 0.2207 0.1639 0.3529 

MOTIF filter28 
letter-probability matrix: alength= 4 w= 14 nsites= 14 
0.1699 0.2382 0.3732 0.2187 
0.3280 0.2382 0.3157 0.1181 
0.3075 0.2500 0.2875 0.1550 
0.0000 0.9831 0.0154 0.0015 
0.1258 0.4189 0.0139 0.4415 
0.3932 0.0950 0.2367 0.2752 
0.9995 0.0000 0.0005 0.0000 
0.0000 0.0021 0.0000 0.9979 
0.2849 0.2382 0.1124 0.3645 
0.3629 0.0015 0.5056 0.1299 
0.0046 0.0246 0.9707 0.0000 
0.1674 0.2926 0.2531 0.2870 
0.1586 0.3018 0.2130 0.3265 
0.2089 0.4050 0.2110 0.1751 

MOTIF filter29 
letter-probability matrix: alength= 4 w= 11 nsites= 11 
0.3454 0.0761 0.3411 0.2374 
0.0369 0.2263 0.2723 0.4645 
0.0391 0.4797 0.4052 0.0760 
0.7212 0.1592 0.0917 0.0279 
0.2731 0.2110 0.0690 0.4469 
0.0000 0.2591 0.0008 0.7400 
0.0625 0.6852 0.2503 0.0019 
0.7961 0.0014 0.2024 0.0000 
0.3418 0.1841 0.0725 0.4016 
0.0337 0.2429 0.3236 0.3999 
0.2584 0.2540 0.2988 0.1888 

MOTIF filter30 
letter-probability matrix: alength= 4 w= 14 nsites= 14 
0.2476 0.2735 0.2152 0.2638 
0.5049 0.0518 0.1472 0.2961 
0.5663 0.0340 0.0841 0.3155 
0.4110 0.0129 0.0388 0.5372 
0.2994 0.1877 0.2282 0.2848 
0.0485 0.0162 0.0000 0.9353 
0.0000 0.0469 0.9531 0.0000 
0.0275 0.9725 0.0000 0.0000 
0.0680 0.0065 0.0631 0.8625 
0.0000 0.0000 0.8754 0.1246 
0.9968 0.0000 0.0032 0.0000 
0.0971 0.3916 0.2702 0.2411 
0.2961 0.0825 0.1440 0.4773 
0.1683 0.3091 0.1489 0.3738 

MOTIF filter31 
letter-probability matrix: alength= 4 w= 13 nsites= 13 
0.3373 0.2853 0.1851 0.1923 
0.1613 0.2543 0.3163 0.2680 
0.4521 0.1568 0.3291 0.0620 
0.0018 0.0146 0.0283 0.9553 
0.0082 0.0000 0.9398 0.0520 
0.9316 0.0228 0.0292 0.0164 
0.0292 0.4868 0.4795 0.0046 
0.0018 0.0009 0.0137 0.9836 
0.0109 0.9872 0.0018 0.0000 
0.9927 0.0036 0.0009 0.0027 
0.0164 0.3929 0.2452 0.3455 
0.2051 0.3546 0.2005 0.2397 
0.2552 0.2088 0.3017 0.2343 

