MEME version 4

ALPHABET= ACGT

Background letter frequencies:
A 0.2500 C 0.2500 G 0.2500 T 0.2500 

MOTIF filter0 
letter-probability matrix: alength= 4 w= 13 nsites= 13 
0.1632 0.3039 0.3167 0.2162 
0.3139 0.3171 0.2577 0.1113 
0.1589 0.3206 0.3515 0.1690 
0.0017 0.4609 0.0166 0.5208 
0.0000 0.5218 0.4760 0.0022 
0.5400 0.3422 0.1178 0.0000 
0.4933 0.0000 0.1301 0.3766 
0.0030 0.3731 0.0000 0.6239 
0.0000 0.6126 0.3874 0.0000 
0.5022 0.0406 0.4572 0.0000 
0.3193 0.3677 0.0763 0.2367 
0.0821 0.2343 0.2505 0.4330 
0.1859 0.4161 0.2927 0.1053 

MOTIF filter1 
letter-probability matrix: alength= 4 w= 18 nsites= 18 
0.3311 0.1841 0.3179 0.1669 
0.3066 0.2815 0.2132 0.1987 
0.4397 0.2026 0.1894 0.1682 
0.0967 0.1364 0.0987 0.6682 
0.0563 0.1596 0.4265 0.3576 
0.3974 0.1927 0.3722 0.0377 
0.1437 0.5815 0.2166 0.0583 
0.0000 0.7921 0.2079 0.0000 
0.2503 0.4861 0.0013 0.2623 
0.4152 0.0331 0.0980 0.4536 
1.0000 0.0000 0.0000 0.0000 
0.0000 0.0113 0.0040 0.9848 
0.4788 0.2391 0.0894 0.1927 
0.4179 0.0159 0.3020 0.2642 
0.0079 0.0450 0.9470 0.0000 
0.1166 0.1974 0.5377 0.1483 
0.1285 0.1722 0.3099 0.3894 
0.1927 0.5000 0.1748 0.1325 

MOTIF filter2 
letter-probability matrix: alength= 4 w= 10 nsites= 10 
0.2284 0.3048 0.2071 0.2597 
0.2114 0.2203 0.2570 0.3113 
0.3110 0.1798 0.3192 0.1900 
0.0000 0.5069 0.4923 0.0009 
0.3814 0.0000 0.0061 0.6125 
0.5482 0.0000 0.0182 0.4336 
0.0000 0.8407 0.1592 0.0001 
0.3216 0.1810 0.0510 0.4464 
0.0353 0.4306 0.4152 0.1188 
0.2394 0.3162 0.2725 0.1718 

MOTIF filter3 
letter-probability matrix: alength= 4 w= 14 nsites= 14 
0.2277 0.2219 0.2291 0.3213 
0.2320 0.2061 0.2565 0.3055 
0.2320 0.3040 0.2061 0.2579 
0.0288 0.7954 0.1758 0.0000 
0.0663 0.9337 0.0000 0.0000 
0.0000 0.0014 0.9928 0.0058 
0.0043 0.0144 0.9813 0.0000 
0.9885 0.0086 0.0000 0.0029 
0.9971 0.0014 0.0000 0.0014 
0.2032 0.0807 0.7075 0.0086 
0.0764 0.3040 0.0115 0.6081 
0.2507 0.1599 0.4597 0.1297 
0.3012 0.2781 0.3228 0.0980 
0.2349 0.3602 0.2075 0.1974 

MOTIF filter4 
letter-probability matrix: alength= 4 w= 16 nsites= 16 
0.3284 0.2735 0.2832 0.1148 
0.3142 0.2142 0.1994 0.2723 
0.2677 0.2071 0.2181 0.3071 
0.0200 0.6239 0.1581 0.1981 
0.0510 0.3206 0.1768 0.4516 
0.1716 0.1942 0.5613 0.0729 
0.6284 0.0039 0.3503 0.0174 
0.0000 0.8181 0.0077 0.1742 
0.0465 0.4503 0.0110 0.4923 
0.6310 0.0000 0.3335 0.0355 
0.0703 0.0800 0.8497 0.0000 
0.0394 0.5606 0.0174 0.3826 
0.0245 0.6335 0.1910 0.1510 
0.3187 0.3845 0.1903 0.1065 
0.3452 0.2123 0.3716 0.0710 
0.3058 0.1368 0.2929 0.2645 

MOTIF filter5 
letter-probability matrix: alength= 4 w= 15 nsites= 15 
0.1305 0.1216 0.3847 0.3632 
0.2152 0.3149 0.3193 0.1506 
0.1375 0.6216 0.1663 0.0746 
0.0485 0.5679 0.3139 0.0697 
0.3586 0.0000 0.4130 0.2284 
0.2192 0.4452 0.0356 0.3000 
0.5180 0.1776 0.2459 0.0585 
0.0439 0.1371 0.0081 0.8109 
0.2740 0.5052 0.2200 0.0008 
0.2429 0.3499 0.0525 0.3548 
0.0045 0.0683 0.8781 0.0491 
0.0141 0.2157 0.7177 0.0525 
0.1653 0.2687 0.3290 0.2370 
0.1308 0.3760 0.3449 0.1483 
0.3651 0.1881 0.1928 0.2541 

MOTIF filter6 
letter-probability matrix: alength= 4 w= 12 nsites= 12 
0.2494 0.2514 0.2553 0.2439 
0.3361 0.2228 0.2593 0.1818 
0.2493 0.2937 0.2737 0.1833 
0.0777 0.7948 0.0659 0.0616 
0.7949 0.0504 0.0909 0.0637 
0.0426 0.6884 0.0464 0.2227 
0.2582 0.0249 0.6932 0.0237 
0.0811 0.0678 0.0416 0.8096 
0.0343 0.0246 0.8585 0.0826 
0.1887 0.2739 0.2940 0.2434 
0.2074 0.2678 0.2059 0.3190 
0.2335 0.2553 0.2523 0.2588 

MOTIF filter7 
letter-probability matrix: alength= 4 w= 13 nsites= 13 
0.1061 0.2042 0.4106 0.2791 
0.3672 0.2141 0.3337 0.0850 
0.2476 0.4257 0.2973 0.0294 
0.0020 0.8347 0.1335 0.0298 
0.3117 0.3131 0.1105 0.2647 
0.0000 0.1477 0.0889 0.7634 
0.8422 0.1576 0.0001 0.0000 
0.0000 0.3142 0.4455 0.2403 
0.4790 0.1223 0.1013 0.2975 
0.0668 0.5190 0.0000 0.4142 
0.1749 0.2701 0.4421 0.1128 
0.2269 0.1425 0.5657 0.0649 
0.1445 0.2056 0.3270 0.3228 

MOTIF filter8 
letter-probability matrix: alength= 4 w= 12 nsites= 12 
0.1213 0.1222 0.2806 0.4759 
0.3772 0.0982 0.4278 0.0968 
0.3084 0.1975 0.1183 0.3757 
0.1403 0.6770 0.1066 0.0761 
0.2409 0.3494 0.0296 0.3801 
0.6122 0.1535 0.0262 0.2082 
0.1566 0.0015 0.0166 0.8253 
0.2447 0.0395 0.6667 0.0490 
0.1601 0.0011 0.6858 0.1531 
0.4599 0.2162 0.0596 0.2643 
0.1244 0.1458 0.1046 0.6252 
0.3463 0.1555 0.4458 0.0525 

MOTIF filter9 
letter-probability matrix: alength= 4 w= 8 nsites= 8 
0.2475 0.3500 0.3469 0.0556 
0.3856 0.1020 0.2513 0.2611 
0.3197 0.2200 0.0695 0.3908 
0.4414 0.0027 0.0637 0.4922 
0.0000 0.0744 0.9256 0.0000 
0.3082 0.0553 0.4037 0.2328 
0.0592 0.4502 0.3436 0.1471 
0.3320 0.3798 0.0951 0.1930 

MOTIF filter10 
letter-probability matrix: alength= 4 w= 11 nsites= 11 
0.4177 0.4053 0.0701 0.1069 
0.1997 0.1180 0.1127 0.5697 
0.1158 0.2624 0.4765 0.1453 
0.8159 0.0007 0.0966 0.0868 
0.0505 0.0600 0.6220 0.2675 
0.0113 0.7127 0.0178 0.2582 
0.6414 0.2672 0.0321 0.0593 
0.3215 0.0314 0.5873 0.0597 
0.4483 0.2327 0.0990 0.2200 
0.2573 0.2494 0.1484 0.3449 
0.2324 0.2487 0.2350 0.2839 

MOTIF filter11 
letter-probability matrix: alength= 4 w= 13 nsites= 13 
0.2493 0.2296 0.2472 0.2739 
0.2547 0.2040 0.3125 0.2288 
0.3693 0.2281 0.2754 0.1272 
0.0924 0.0816 0.0658 0.7602 
0.0578 0.0333 0.7377 0.1712 
0.8303 0.0177 0.1157 0.0363 
0.1182 0.3995 0.4392 0.0430 
0.0156 0.0000 0.0064 0.9780 
0.0299 0.8142 0.1400 0.0159 
0.9949 0.0000 0.0051 0.0000 
0.0673 0.3248 0.3018 0.3061 
0.2083 0.3443 0.1733 0.2741 
0.2629 0.2488 0.2457 0.2426 

MOTIF filter12 
letter-probability matrix: alength= 4 w= 13 nsites= 13 
0.4270 0.1110 0.0276 0.4344 
0.2507 0.2310 0.3020 0.2163 
0.3572 0.2146 0.0180 0.4101 
0.0248 0.5420 0.4107 0.0225 
0.0000 0.6631 0.0017 0.3352 
0.2208 0.3718 0.0000 0.4073 
0.2254 0.0068 0.3042 0.4637 
0.3825 0.0006 0.6163 0.0006 
0.0118 0.7369 0.0361 0.2152 
0.9786 0.0051 0.0011 0.0152 
0.2197 0.2231 0.0772 0.4800 
0.1859 0.1262 0.3707 0.3172 
0.1408 0.0439 0.4839 0.3313 

MOTIF filter13 
letter-probability matrix: alength= 4 w= 16 nsites= 16 
0.2684 0.2282 0.1987 0.3047 
0.1609 0.2831 0.4362 0.1197 
0.1693 0.2429 0.2929 0.2949 
0.0123 0.8023 0.0044 0.1811 
0.0000 0.3337 0.1860 0.4804 
0.9573 0.0005 0.0339 0.0083 
0.0383 0.2748 0.1261 0.5608 
0.4073 0.0000 0.0025 0.5903 
0.1928 0.1133 0.0079 0.6860 
0.5535 0.2753 0.0000 0.1712 
0.0059 0.1398 0.0000 0.8543 
0.5819 0.0010 0.4166 0.0005 
0.0500 0.0167 0.9038 0.0294 
0.3086 0.3263 0.1668 0.1982 
0.2566 0.3292 0.2306 0.1835 
0.4087 0.1796 0.2036 0.2080 

MOTIF filter14 
letter-probability matrix: alength= 4 w= 11 nsites= 11 
0.2736 0.2123 0.2891 0.2250 
0.4917 0.1968 0.2060 0.1054 
0.0875 0.1011 0.3878 0.4237 
0.0573 0.8256 0.1108 0.0063 
0.0000 0.0000 0.0700 0.9300 
0.9718 0.0000 0.0126 0.0155 
0.0005 0.1113 0.8795 0.0087 
0.3387 0.5117 0.0039 0.1458 
0.2391 0.3217 0.3056 0.1336 
0.3027 0.2750 0.1803 0.2420 
0.2021 0.2371 0.1948 0.3659 

MOTIF filter15 
letter-probability matrix: alength= 4 w= 11 nsites= 11 
0.3296 0.2506 0.1570 0.2627 
0.2804 0.1123 0.4190 0.1883 
0.3440 0.3616 0.2414 0.0530 
0.0074 0.5084 0.0316 0.4526 
0.1007 0.3228 0.5047 0.0719 
0.1076 0.0029 0.8147 0.0748 
0.0890 0.0889 0.6411 0.1810 
0.0213 0.5847 0.2910 0.1029 
0.2371 0.3070 0.3935 0.0624 
0.1800 0.3463 0.2712 0.2026 
0.2359 0.2411 0.3194 0.2036 

MOTIF filter16 
letter-probability matrix: alength= 4 w= 11 nsites= 11 
0.1164 0.3027 0.1968 0.3842 
0.2349 0.2158 0.2589 0.2904 
0.2412 0.0146 0.3555 0.3887 
0.1942 0.6130 0.1927 0.0000 
0.0057 0.7647 0.2187 0.0109 
0.4259 0.1304 0.4436 0.0000 
0.0082 0.0000 0.4249 0.5669 
0.0538 0.4563 0.4899 0.0000 
0.0821 0.3254 0.2003 0.3922 
0.2617 0.2654 0.2373 0.2357 
0.2253 0.2212 0.2580 0.2955 

MOTIF filter17 
letter-probability matrix: alength= 4 w= 14 nsites= 14 
0.3078 0.2440 0.2349 0.2133 
0.1658 0.1325 0.3012 0.4004 
0.0883 0.6005 0.1727 0.1385 
0.1737 0.1137 0.0003 0.7123 
0.8310 0.1285 0.0405 0.0000 
0.0710 0.3960 0.2155 0.3175 
0.2437 0.0000 0.5229 0.2334 
0.2572 0.1065 0.0839 0.5524 
0.6322 0.0028 0.2550 0.1099 
0.0003 0.2491 0.0405 0.7101 
0.8408 0.0710 0.0688 0.0195 
0.1932 0.1718 0.5471 0.0879 
0.1997 0.4017 0.3769 0.0217 
0.1385 0.3021 0.4598 0.0996 

MOTIF filter18 
letter-probability matrix: alength= 4 w= 15 nsites= 15 
0.1961 0.2569 0.3086 0.2384 
0.1679 0.2730 0.0846 0.4746 
0.0985 0.0429 0.5418 0.3169 
0.1781 0.6233 0.0509 0.1477 
0.0044 0.2406 0.0083 0.7467 
0.4956 0.4336 0.0702 0.0006 
0.5398 0.0017 0.1728 0.2857 
0.1203 0.0183 0.4663 0.3952 
0.6435 0.0440 0.1670 0.1455 
0.3758 0.0705 0.1134 0.4403 
0.6715 0.0451 0.0006 0.2829 
0.6997 0.0188 0.0008 0.2807 
0.1778 0.0769 0.6256 0.1197 
0.3363 0.1427 0.4121 0.1090 
0.1756 0.1704 0.2912 0.3628 

MOTIF filter19 
letter-probability matrix: alength= 4 w= 12 nsites= 12 
0.1566 0.1570 0.1760 0.5104 
0.2185 0.1611 0.1573 0.4630 
0.1591 0.1483 0.6072 0.0854 
0.0501 0.7638 0.1556 0.0304 
0.1649 0.0014 0.5622 0.2714 
0.0121 0.2818 0.6570 0.0491 
0.8046 0.0173 0.0010 0.1770 
0.4841 0.0325 0.4765 0.0069 
0.0003 0.9263 0.0066 0.0667 
0.4167 0.2082 0.1366 0.2386 
0.2261 0.4160 0.1846 0.1732 
0.1615 0.2334 0.4139 0.1912 

MOTIF filter20 
letter-probability matrix: alength= 4 w= 14 nsites= 14 
0.5250 0.0500 0.0976 0.3274 
0.3655 0.0310 0.1131 0.4905 
0.2988 0.2488 0.2536 0.1988 
0.0548 0.0214 0.0071 0.9167 
0.0000 0.0214 0.9607 0.0179 
0.2619 0.6631 0.0607 0.0143 
0.0012 0.0083 0.0202 0.9702 
0.0000 0.0000 0.8321 0.1679 
0.9060 0.0321 0.0619 0.0000 
0.0452 0.4048 0.3833 0.1667 
0.2000 0.0738 0.0905 0.6357 
0.0798 0.5393 0.1762 0.2048 
0.5524 0.0857 0.2345 0.1274 
0.0905 0.2238 0.3774 0.3083 

MOTIF filter21 
letter-probability matrix: alength= 4 w= 13 nsites= 13 
0.1814 0.4698 0.1802 0.1687 
0.2768 0.2986 0.2764 0.1481 
0.1592 0.0547 0.5849 0.2012 
0.0309 0.8836 0.0370 0.0485 
0.0378 0.8211 0.0481 0.0930 
0.8803 0.0457 0.0428 0.0313 
0.0535 0.0271 0.0535 0.8659 
0.0893 0.3521 0.1538 0.4048 
0.0782 0.0823 0.0193 0.8202 
0.0119 0.0901 0.0041 0.8939 
0.1283 0.1752 0.4558 0.2406 
0.2925 0.2160 0.2682 0.2234 
0.2024 0.2402 0.2879 0.2694 

MOTIF filter22 
letter-probability matrix: alength= 4 w= 13 nsites= 13 
0.2491 0.2372 0.2536 0.2601 
0.2643 0.1358 0.4619 0.1380 
0.2160 0.0174 0.5708 0.1958 
0.3012 0.0299 0.6639 0.0050 
0.0613 0.0239 0.8787 0.0361 
0.0486 0.0775 0.8485 0.0254 
0.2875 0.3854 0.1188 0.2083 
0.0598 0.0588 0.8161 0.0653 
0.0471 0.0720 0.8408 0.0401 
0.2760 0.0516 0.6124 0.0600 
0.2728 0.1470 0.5493 0.0309 
0.2304 0.3710 0.2711 0.1276 
0.2337 0.2658 0.2803 0.2202 

MOTIF filter23 
letter-probability matrix: alength= 4 w= 12 nsites= 12 
0.2684 0.2380 0.2446 0.2489 
0.2532 0.2185 0.2697 0.2585 
0.1962 0.2362 0.1902 0.3774 
0.0612 0.0210 0.0291 0.8888 
0.0236 0.0536 0.1030 0.8197 
0.2168 0.7092 0.0362 0.0377 
0.0848 0.5901 0.0204 0.3046 
0.2519 0.2258 0.2666 0.2557 
0.2932 0.0516 0.5719 0.0833 
0.0944 0.0364 0.6691 0.2002 
0.8149 0.0784 0.0595 0.0473 
0.8717 0.0430 0.0390 0.0463 

MOTIF filter24 
letter-probability matrix: alength= 4 w= 18 nsites= 18 
0.4306 0.0852 0.1483 0.3360 
0.3785 0.0489 0.1120 0.4606 
0.2618 0.1861 0.1388 0.4132 
0.0694 0.0678 0.1183 0.7445 
0.0631 0.0883 0.8107 0.0379 
0.0268 0.9716 0.0000 0.0016 
0.0032 0.3423 0.0032 0.6514 
0.5662 0.0000 0.3975 0.0363 
0.3407 0.0032 0.0110 0.6451 
0.5047 0.1782 0.0662 0.2508 
0.1987 0.0410 0.0662 0.6940 
0.5426 0.0820 0.0473 0.3281 
0.1609 0.0110 0.0442 0.7839 
0.3691 0.0095 0.5552 0.0662 
0.0962 0.0505 0.7823 0.0710 
0.2713 0.2192 0.2886 0.2208 
0.2839 0.3470 0.2240 0.1451 
0.4164 0.1719 0.2177 0.1940 

MOTIF filter25 
letter-probability matrix: alength= 4 w= 14 nsites= 14 
0.1567 0.2257 0.3527 0.2649 
0.0549 0.3527 0.2618 0.3307 
0.1458 0.5690 0.1301 0.1552 
0.6113 0.0627 0.2884 0.0376 
0.0063 0.8730 0.0455 0.0752 
0.0125 0.0141 0.0987 0.8746 
0.0125 0.0110 0.0204 0.9561 
0.0282 0.9154 0.0549 0.0016 
0.0157 0.9498 0.0345 0.0000 
0.0031 0.0016 0.9357 0.0596 
0.0016 0.3903 0.5329 0.0752 
0.2774 0.3464 0.1129 0.2633 
0.1019 0.2586 0.3041 0.3354 
0.0690 0.2915 0.2994 0.3401 

MOTIF filter26 
letter-probability matrix: alength= 4 w= 14 nsites= 14 
0.2526 0.3033 0.2379 0.2062 
0.2244 0.3101 0.2595 0.2060 
0.1212 0.3271 0.3065 0.2453 
0.0305 0.5823 0.1329 0.2543 
0.0423 0.6552 0.0349 0.2677 
0.0705 0.8734 0.0341 0.0220 
0.0159 0.7523 0.1009 0.1308 
0.1538 0.2574 0.3183 0.2704 
0.0699 0.7203 0.1208 0.0890 
0.0546 0.8749 0.0242 0.0463 
0.0362 0.6221 0.0629 0.2788 
0.1791 0.5645 0.0429 0.2135 
0.1359 0.4546 0.1627 0.2468 
0.2475 0.2901 0.2195 0.2429 

MOTIF filter27 
letter-probability matrix: alength= 4 w= 12 nsites= 12 
0.2481 0.2716 0.2218 0.2585 
0.2424 0.2618 0.2421 0.2537 
0.2453 0.2493 0.2690 0.2364 
0.6279 0.0010 0.0000 0.3711 
0.0000 0.0000 0.0000 1.0000 
0.0000 0.2702 0.0000 0.7298 
0.6540 0.0000 0.3443 0.0017 
0.9482 0.0000 0.0518 0.0000 
0.3615 0.0441 0.0002 0.5941 
0.2395 0.2867 0.2409 0.2328 
0.2292 0.2887 0.2453 0.2369 
0.2266 0.2678 0.2762 0.2294 

MOTIF filter28 
letter-probability matrix: alength= 4 w= 13 nsites= 13 
0.3196 0.3883 0.1635 0.1286 
0.1398 0.2809 0.2759 0.3034 
0.5206 0.0999 0.3496 0.0300 
0.0000 0.0037 0.0087 0.9875 
0.0137 0.0000 0.9213 0.0649 
0.9875 0.0037 0.0012 0.0075 
0.0412 0.4295 0.5194 0.0100 
0.0000 0.0012 0.0075 0.9913 
0.0400 0.9563 0.0012 0.0025 
0.9900 0.0062 0.0012 0.0025 
0.0187 0.3820 0.2110 0.3883 
0.2160 0.3546 0.1898 0.2397 
0.2572 0.2085 0.3009 0.2335 

MOTIF filter29 
letter-probability matrix: alength= 4 w= 14 nsites= 14 
0.2411 0.2494 0.2558 0.2537 
0.2576 0.2592 0.2286 0.2546 
0.4489 0.1662 0.3397 0.0453 
0.0312 0.0181 0.0343 0.9165 
0.0352 0.0101 0.1518 0.8029 
0.3326 0.0024 0.5095 0.1554 
0.1047 0.6307 0.0529 0.2118 
0.2127 0.0092 0.7148 0.0633 
0.2176 0.4529 0.0242 0.3054 
0.8862 0.0505 0.0294 0.0340 
0.9495 0.0024 0.0330 0.0150 
0.0704 0.2570 0.2274 0.4452 
0.2681 0.2096 0.3032 0.2191 
0.2491 0.2075 0.2794 0.2641 

MOTIF filter30 
letter-probability matrix: alength= 4 w= 15 nsites= 15 
0.3283 0.2565 0.2217 0.1935 
0.4435 0.1609 0.1304 0.2652 
0.2522 0.1957 0.4174 0.1348 
0.0109 0.0435 0.0000 0.9457 
0.0587 0.9413 0.0000 0.0000 
0.9761 0.0065 0.0000 0.0174 
0.0000 0.0000 0.8609 0.1391 
0.0000 1.0000 0.0000 0.0000 
0.9848 0.0000 0.0000 0.0152 
0.3804 0.1957 0.1174 0.3065 
0.4391 0.0413 0.0000 0.5196 
0.4087 0.0674 0.0022 0.5217 
0.3652 0.1065 0.0239 0.5043 
0.2826 0.2261 0.2739 0.2174 
0.2500 0.2761 0.2261 0.2478 

MOTIF filter31 
letter-probability matrix: alength= 4 w= 14 nsites= 14 
0.2077 0.3675 0.1913 0.2336 
0.2596 0.1530 0.2486 0.3388 
0.3074 0.4180 0.1653 0.1093 
0.9495 0.0000 0.0355 0.0150 
0.9030 0.0191 0.0779 0.0000 
0.5150 0.0806 0.3743 0.0301 
0.9945 0.0000 0.0055 0.0000 
0.0068 0.0219 0.0082 0.9631 
0.0970 0.0096 0.8934 0.0000 
0.0123 0.0000 0.9877 0.0000 
0.1489 0.7199 0.0137 0.1175 
0.1503 0.2077 0.3893 0.2527 
0.1448 0.1366 0.6052 0.1134 
0.1735 0.6025 0.0656 0.1585 

