<!DOCTYPE HTML>
<html>
  <head>
    <meta charset="UTF-8">
    <title>Tomtom Results</title>
    <script>
      // @JSON_VAR data
      var data = {
        "program": "Tomtom",
        "version": "5.3.3",
        "release": "Sun Feb 7 15:39:52 2021 -0800",
        "cmd": [
          "tomtom", "-evalue", "-thresh", "0.1", "-o",
          "results/filters/model-128/trial-5",
          "motifs/filters/model-128/trial-5.txt", "./motif_database.txt"
        ],
        "options": {
          "strands": "both",
          "distance_measure": "ed",
          "threshold_type": "evalue",
          "threshold_value": 0.1,
          "background_source": "--query--"
        },
        "alphabet": {
          "name": "DNA",
          "like": "dna",
          "ncore": 4,
          "symbols": [
            {
              "symbol": "A",
              "name": "Adenine",
              "colour": "CC0000",
              "complement": "T"
            }, {
              "symbol": "C",
              "name": "Cytosine",
              "colour": "0000CC",
              "complement": "G"
            }, {
              "symbol": "G",
              "name": "Guanine",
              "colour": "FFB300",
              "complement": "C"
            }, {
              "symbol": "T",
              "aliases": "U",
              "name": "Thymine",
              "colour": "008000",
              "complement": "A"
            }, {
              "symbol": "N",
              "aliases": "X.",
              "name": "Any base",
              "equals": "ACGT"
            }, {
              "symbol": "V",
              "name": "Not T",
              "equals": "ACG"
            }, {
              "symbol": "H",
              "name": "Not G",
              "equals": "ACT"
            }, {
              "symbol": "D",
              "name": "Not C",
              "equals": "AGT"
            }, {
              "symbol": "B",
              "name": "Not A",
              "equals": "CGT"
            }, {
              "symbol": "M",
              "name": "Amino",
              "equals": "AC"
            }, {
              "symbol": "R",
              "name": "Purine",
              "equals": "AG"
            }, {
              "symbol": "W",
              "name": "Weak",
              "equals": "AT"
            }, {
              "symbol": "S",
              "name": "Strong",
              "equals": "CG"
            }, {
              "symbol": "Y",
              "name": "Pyrimidine",
              "equals": "CT"
            }, {
              "symbol": "K",
              "name": "Keto",
              "equals": "GT"
            }
          ]
        },
        "background": [0.25, 0.25, 0.25, 0.25],
        "query_dbs": [
          {
            "source": "motifs/filters/model-128/trial-5.txt",
            "name": "trial-5.txt",
            "loaded": 128,
            "excluded": 0,
            "last_modified": "Tue Mar 30 10:06:04 2021"
          }
        ],
        "target_dbs": [
          {
            "source": "./motif_database.txt",
            "name": "motif_database.txt",
            "loaded": 1964,
            "excluded": 0,
            "last_modified": "Mon Mar 29 09:53:08 2021"
          }
        ],
        "queries": [
          {
            "db": 0,
            "id": "filter0",
            "len": 14,
            "nsites": 14,
            "evalue": "1.0e+000",
            "pwm": [
              [0.308513, 0.168698, 0.296895, 0.225895], 
              [0.355149, 0.175532, 0.237191, 0.232128], 
              [0.118638, 0.449376, 0.0829929, 0.348993], 
              [0.0685891, 0.0583631, 0.0213314, 0.851716], 
              [0.134512, 0.0629301, 0.760577, 0.0419818], 
              [0.330823, 0.473206, 0.00346099, 0.192511], 
              [0.174125, 0.126569, 0.620293, 0.0790136], 
              [0.0241135, 0.25983, 0.353759, 0.362298], 
              [0.714284, 0.28217, 0.00177305, 0.00177305], 
              [0.878709, 0.0320567, 0.00455319, 0.0846809], 
              [0.019844, 0.126879, 0.615191, 0.238085], 
              [0.0965957, 0.445702, 0.299745, 0.157957], 
              [0.390259, 0.0985719, 0.276781, 0.234388], 
              [0.248188, 0.356603, 0.196761, 0.198448]
            ]
          }, {
            "db": 0,
            "id": "filter1",
            "len": 15,
            "nsites": 15,
            "evalue": "1.0e+000",
            "pwm": [
              [0.262642, 0.128622, 0.368447, 0.240289], 
              [0.291792, 0.166639, 0.500083, 0.0414861], 
              [0.222881, 0.0302649, 0.215629, 0.531225], 
              [0.265099, 0.139834, 0.576821, 0.018245], 
              [0.538179, 0.0415894, 0.200331, 0.219901], 
              [0.0256954, 0.625795, 0.200828, 0.147682], 
              [0.118079, 0.0696026, 0.0106954, 0.801623], 
              [0.0831126, 0.443212, 0.0563907, 0.417285], 
              [0.394398, 0.581531, 0.0141709, 0.00989984], 
              [0.112715, 0.600265, 0.0783444, 0.208675], 
              [0.486026, 0.0636424, 0.347848, 0.102483], 
              [0.0467505, 0.175181, 0.676091, 0.101977], 
              [0.293709, 0.214834, 0.281788, 0.209669], 
              [0.345265, 0.154934, 0.244238, 0.255563], 
              [0.313309, 0.229957, 0.285194, 0.17154]
            ]
          }, {
            "db": 0,
            "id": "filter10",
            "len": 13,
            "nsites": 13,
            "evalue": "1.0e+000",
            "pwm": [
              [0.274313, 0.210405, 0.259824, 0.255458], 
              [0.26429, 0.187084, 0.184802, 0.363824], 
              [0.328298, 0.0897328, 0.250397, 0.331573], 
              [0.210922, 0.0263231, 0.143136, 0.619619], 
              [0.180931, 0.0019084, 0.324924, 0.492237], 
              [0.465542, 0.458893, 0.0736565, 0.0019084], 
              [0.0769388, 0.399986, 0.0074662, 0.515609], 
              [0.173687, 0.435573, 0.083084, 0.307656], 
              [0.539527, 0.0019084, 0.450007, 0.00855792], 
              [0.0019084, 0.0019084, 0.689023, 0.30716], 
              [0.972641, 0.023542, 0.0019084, 0.0019084], 
              [0.992588, 0.00250382, 0.003, 0.0019084], 
              [0.468321, 0.143122, 0.236008, 0.15255]
            ]
          }, {
            "db": 0,
            "id": "filter100",
            "len": 17,
            "nsites": 17,
            "evalue": "1.0e+000",
            "pwm": [
              [0.246023, 0.245228, 0.255468, 0.253281], 
              [0.206357, 0.230316, 0.328439, 0.234889], 
              [0.133386, 0.177129, 0.428152, 0.261333], 
              [0.0949123, 0.117977, 0.659789, 0.127322], 
              [0.224251, 0.339175, 0.360053, 0.0765205], 
              [0.0834795, 0.230713, 0.670029, 0.0157778], 
              [0.270778, 0.145912, 0.346433, 0.236877], 
              [0.269684, 0.226339, 0.419404, 0.0845731], 
              [0.288971, 0.246819, 0.33331, 0.130901], 
              [0.347462, 0.104665, 0.473731, 0.0741418], 
              [0.0952105, 0.0470936, 0.189058, 0.668637], 
              [0.053948, 0.41131, 0.523936, 0.0108061], 
              [0.10534, 0.190034, 0.239438, 0.465188], 
              [0.0317806, 0.876328, 0.0196532, 0.0722385], 
              [0.410655, 0.25, 0.130801, 0.208544], 
              [0.252187, 0.223456, 0.23131, 0.293047], 
              [0.181304, 0.337585, 0.0338713, 0.44724]
            ]
          }, {
            "db": 0,
            "id": "filter101",
            "len": 10,
            "nsites": 10,
            "evalue": "1.0e+000",
            "pwm": [
              [0.100386, 0.327789, 0.262449, 0.309375], 
              [0.173069, 0.319406, 0.396634, 0.110891], 
              [0.15051, 0.613724, 0.0728783, 0.162887], 
              [0.564653, 0.0649505, 0.349505, 0.0208911], 
              [0.0374222, 0.725373, 0.114246, 0.122958], 
              [0.493713, 0.100683, 0.278883, 0.12672], 
              [0.67, 0.030495, 0.0431683, 0.256337], 
              [0.0682178, 0.542475, 0.17297, 0.216337], 
              [0.115347, 0.537129, 0.0785149, 0.26901], 
              [0.248416, 0.0290099, 0.511683, 0.210891]
            ]
          }, {
            "db": 0,
            "id": "filter102",
            "len": 13,
            "nsites": 13,
            "evalue": "1.0e+000",
            "pwm": [
              [0.195618, 0.0950916, 0.536298, 0.172992], 
              [0.463802, 0.0836876, 0.234344, 0.218167], 
              [0.286321, 0.481817, 0.173489, 0.058374], 
              [0.614, 0.11742, 0.0428931, 0.225687], 
              [0.0732595, 0.426641, 0.494321, 0.00577863], 
              [0.0166947, 0.297634, 0.18242, 0.503252], 
              [0.52558, 0.0140153, 0.338221, 0.122183], 
              [0.202446, 0.72031, 0.00696896, 0.0702756], 
              [0.0987537, 0.167121, 0.473136, 0.260989], 
              [0.0406146, 0.0506385, 0.0757478, 0.832999], 
              [0.202168, 0.183511, 0.491641, 0.122679], 
              [0.494568, 0.299549, 0.0759463, 0.129936], 
              [0.0775267, 0.236802, 0.168527, 0.517145]
            ]
          }, {
            "db": 0,
            "id": "filter103",
            "len": 10,
            "nsites": 10,
            "evalue": "1.0e+000",
            "pwm": [
              [0.282942, 0.221562, 0.248886, 0.246609], 
              [0.0984158, 0.325347, 0.430495, 0.145743], 
              [0.459505, 0.257228, 0.079901, 0.203366], 
              [0.00247525, 0.515743, 0.0906931, 0.391089], 
              [0.0138614, 0.644158, 0.00445545, 0.337525], 
              [0.277849, 0.00277231, 0.712546, 0.00683212], 
              [0.597129, 0.298218, 0.0967327, 0.00792079], 
              [0.118812, 0.0648515, 0.222376, 0.59396], 
              [0.0421822, 0.365086, 0.504803, 0.0879293], 
              [0.101584, 0.458416, 0.277822, 0.162178]
            ]
          }, {
            "db": 0,
            "id": "filter104",
            "len": 12,
            "nsites": 12,
            "evalue": "1.0e+000",
            "pwm": [
              [0.204202, 0.260836, 0.28583, 0.249132], 
              [0.175521, 0.18038, 0.351157, 0.292942], 
              [0.0123802, 0.161636, 0.352744, 0.47324], 
              [0.0120826, 0.540182, 0.105504, 0.342231], 
              [0.105911, 0.814478, 0.0688166, 0.0107943], 
              [0.284413, 0.350364, 0.327554, 0.0376694], 
              [0.0597851, 0.00236364, 0.612281, 0.32557], 
              [0.0586942, 0.367521, 0.345107, 0.228678], 
              [0.0453058, 0.246132, 0.0154545, 0.693107], 
              [0.0543254, 0.19722, 0.140102, 0.608353], 
              [0.470014, 0.337108, 0.0485832, 0.144295], 
              [0.416058, 0.204202, 0.137452, 0.242288]
            ]
          }, {
            "db": 0,
            "id": "filter105",
            "len": 11,
            "nsites": 11,
            "evalue": "1.0e+000",
            "pwm": [
              [0.213015, 0.357784, 0.13523, 0.293971], 
              [0.264072, 0.240288, 0.409351, 0.0862883], 
              [0.211967, 0.560236, 0.146059, 0.0817377], 
              [0.113739, 0.00274775, 0.259414, 0.624099], 
              [0.0144414, 0.0181081, 0.91664, 0.0508108], 
              [0.327991, 0.00225225, 0.46455, 0.205207], 
              [0.00413514, 0.567613, 0.268532, 0.159721], 
              [0.0336698, 0.458748, 0.0417967, 0.465785], 
              [0.240387, 0.40073, 0.111162, 0.247721], 
              [0.510631, 0.129495, 0.133658, 0.226216], 
              [0.165171, 0.179045, 0.354153, 0.301631]
            ]
          }, {
            "db": 0,
            "id": "filter106",
            "len": 12,
            "nsites": 12,
            "evalue": "1.0e+000",
            "pwm": [
              [0.379322, 0.186826, 0.331223, 0.102628], 
              [0.202099, 0.207752, 0.214, 0.376149], 
              [0.108777, 0.0680165, 0.410463, 0.412744], 
              [0.616248, 0.0451074, 0.319719, 0.0189256], 
              [0.0567107, 0.236413, 0.00791736, 0.698959], 
              [0.335553, 0.127111, 0.173619, 0.363716], 
              [0.365934, 0.0497686, 0.00266116, 0.581636], 
              [0.718496, 0.00236364, 0.235223, 0.0439174], 
              [0.811818, 0.00702479, 0.155983, 0.0251736], 
              [0.130112, 0.0654444, 0.297633, 0.506811], 
              [0.343223, 0.190198, 0.276281, 0.190298], 
              [0.17709, 0.219135, 0.228258, 0.375516]
            ]
          }, {
            "db": 0,
            "id": "filter107",
            "len": 10,
            "nsites": 10,
            "evalue": "1.0e+000",
            "pwm": [
              [0.168135, 0.294782, 0.291514, 0.245569], 
              [0.306931, 0.17495, 0.227426, 0.290693], 
              [0.408911, 0.267228, 0.310198, 0.0136634], 
              [0.499109, 0.0029703, 0.371386, 0.126535], 
              [0.556832, 0.309901, 0.0111881, 0.122079], 
              [0.0244532, 0.47223, 0.00247525, 0.500841], 
              [0.148133, 0.00247525, 0.368155, 0.481236], 
              [0.267723, 0.0406931, 0.284851, 0.406733], 
              [0.482376, 0.312376, 0.00594059, 0.199307], 
              [0.266337, 0.255446, 0.231485, 0.246733]
            ]
          }, {
            "db": 0,
            "id": "filter108",
            "len": 14,
            "nsites": 14,
            "evalue": "1.0e+000",
            "pwm": [
              [0.307321, 0.130169, 0.290738, 0.271772], 
              [0.179504, 0.317716, 0.250298, 0.252482], 
              [0.385173, 0.35727, 0.215667, 0.0418905], 
              [0.0251064, 0.380865, 0.0412908, 0.552738], 
              [0.0609444, 0.0195443, 0.333967, 0.585544], 
              [0.242355, 0.00177305, 0.657887, 0.0979858], 
              [0.00365957, 0.799773, 0.115759, 0.0808085], 
              [0.0424823, 0.00395745, 0.208, 0.74556], 
              [0.111798, 0.577022, 0.208616, 0.102563], 
              [0.818738, 0.0293759, 0.0127943, 0.139092], 
              [0.178926, 0.0988891, 0.679997, 0.0421884], 
              [0.109018, 0.506519, 0.109316, 0.275148], 
              [0.359716, 0.300539, 0.123106, 0.216638], 
              [0.241735, 0.280951, 0.156552, 0.320762]
            ]
          }, {
            "db": 0,
            "id": "filter109",
            "len": 15,
            "nsites": 15,
            "evalue": "1.0e+000",
            "pwm": [
              [0.147583, 0.110331, 0.404073, 0.338013], 
              [0.206312, 0.346193, 0.30705, 0.140444], 
              [0.340298, 0.344272, 0.187119, 0.128311], 
              [0.223377, 0.00364238, 0.605331, 0.167649], 
              [0.030858, 0.778399, 0.153826, 0.036917], 
              [0.332351, 0.613775, 0.00662252, 0.0472517], 
              [0.690731, 0.0636486, 0.24158, 0.00403997], 
              [0.359967, 0.124834, 0.283974, 0.231225], 
              [0.235321, 0.218432, 0.114018, 0.432228], 
              [0.00831126, 0.452351, 0.0580795, 0.481258], 
              [0.147781, 0.0319536, 0.697815, 0.12245], 
              [0.142318, 0.114305, 0.72702, 0.0163576], 
              [0.268775, 0.334536, 0.061755, 0.334934], 
              [0.291026, 0.168344, 0.204603, 0.336026], 
              [0.179371, 0.358477, 0.163974, 0.298179]
            ]
          }, {
            "db": 0,
            "id": "filter11",
            "len": 11,
            "nsites": 11,
            "evalue": "1.0e+000",
            "pwm": [
              [0.312532, 0.199658, 0.217991, 0.26982], 
              [0.345631, 0.115721, 0.253568, 0.285081], 
              [0.00482883, 0.376351, 0.43155, 0.18727], 
              [0.744405, 0.0530901, 0.061018, 0.141486], 
              [0.329775, 0.34573, 0.300144, 0.0243514], 
              [0.166839, 0.601048, 0.222825, 0.00928758], 
              [0.0755929, 0.377677, 0.406914, 0.139816], 
              [0.00274775, 0.0652793, 0.768387, 0.163586], 
              [0.452658, 0.00948649, 0.265955, 0.271901], 
              [0.326405, 0.122559, 0.038027, 0.513009], 
              [0.303117, 0.238108, 0.121865, 0.33691]
            ]
          }, {
            "db": 0,
            "id": "filter110",
            "len": 15,
            "nsites": 15,
            "evalue": "1.0e+000",
            "pwm": [
              [0.283008, 0.233632, 0.236414, 0.246945], 
              [0.0611589, 0.0498344, 0.391854, 0.497152], 
              [0.151854, 0.253079, 0.191887, 0.403179], 
              [0.254272, 0.198344, 0.359073, 0.188311], 
              [0.14412, 0.057489, 0.649005, 0.149386], 
              [0.138457, 0.586217, 0.271683, 0.00364258], 
              [0.0984106, 0.810464, 0.017053, 0.0740728], 
              [0.653411, 0.0211258, 0.29957, 0.025894], 
              [0.702781, 0.0469536, 0.0235099, 0.226755], 
              [0.0093054, 0.0850083, 0.087492, 0.818194], 
              [0.0141734, 0.122661, 0.526311, 0.336855], 
              [0.0672185, 0.148179, 0.676854, 0.107748], 
              [0.172119, 0.439238, 0.330364, 0.0582781], 
              [0.155033, 0.182649, 0.289834, 0.372483], 
              [0.129603, 0.327483, 0.343278, 0.199636]
            ]
          }, {
            "db": 0,
            "id": "filter111",
            "len": 11,
            "nsites": 11,
            "evalue": "1.0e+000",
            "pwm": [
              [0.0862883, 0.312333, 0.306982, 0.294396], 
              [0.29621, 0.050221, 0.24834, 0.405229], 
              [0.474757, 0.141288, 0.0906486, 0.293306], 
              [0.46891, 0.0348559, 0.47991, 0.0163243], 
              [0.183486, 0.341732, 0.2038, 0.270982], 
              [0.0104775, 0.0108739, 0.0225676, 0.956081], 
              [0.0107739, 0.0027477, 0.49205, 0.494428], 
              [0.427586, 0.427982, 0.00225225, 0.14218], 
              [0.0507117, 0.415694, 0.289441, 0.244153], 
              [0.165369, 0.257631, 0.37873, 0.19827], 
              [0.212462, 0.207903, 0.45191, 0.127724]
            ]
          }, {
            "db": 0,
            "id": "filter112",
            "len": 16,
            "nsites": 16,
            "evalue": "1.0e+000",
            "pwm": [
              [0.262919, 0.379988, 0.183118, 0.173975], 
              [0.430571, 0.196335, 0.164832, 0.208261], 
              [0.464413, 0.130534, 0.253453, 0.1516], 
              [0.115043, 0.0313665, 0.160758, 0.692832], 
              [0.0342452, 0.31685, 0.0454739, 0.60343], 
              [0.0958539, 0.0015528, 0.291313, 0.611281], 
              [0.320658, 0.25477, 0.416957, 0.00761491], 
              [0.105702, 0.560261, 0.299391, 0.034646], 
              [0.0740994, 0.548634, 0.00264596, 0.374621], 
              [0.200827, 0.239589, 0.410438, 0.149145], 
              [0.679881, 0.159879, 0.0169581, 0.143281], 
              [0.00175155, 0.23241, 0.135714, 0.630124], 
              [0.652783, 0.0512422, 0.162348, 0.133627], 
              [0.125578, 0.0887081, 0.57795, 0.207764], 
              [0.296509, 0.372634, 0.181329, 0.149528], 
              [0.170596, 0.205578, 0.352857, 0.270969]
            ]
          }, {
            "db": 0,
            "id": "filter113",
            "len": 13,
            "nsites": 13,
            "evalue": "1.0e+000",
            "pwm": [
              [0.25067, 0.241839, 0.237969, 0.269523], 
              [0.247047, 0.194645, 0.128249, 0.430058], 
              [0.479832, 0.0520229, 0.25784, 0.210305], 
              [0.0966699, 0.0188762, 0.119095, 0.765359], 
              [0.227176, 0.0400153, 0.169916, 0.562893], 
              [0.240549, 0.0143117, 0.690145, 0.0549947], 
              [0.0149084, 0.641687, 0.175473, 0.167931], 
              [0.121092, 0.0286031, 0.718198, 0.132107], 
              [0.0178855, 0.888786, 0.0718702, 0.021458], 
              [0.616977, 0.129824, 0.0156031, 0.237595], 
              [0.439145, 0.102832, 0.403023, 0.055], 
              [0.318672, 0.25784, 0.0758397, 0.347649], 
              [0.333987, 0.225908, 0.265011, 0.175094]
            ]
          }, {
            "db": 0,
            "id": "filter114",
            "len": 11,
            "nsites": 11,
            "evalue": "1.0e+000",
            "pwm": [
              [0.316626, 0.379164, 0.188875, 0.115336], 
              [0.0654838, 0.154385, 0.465587, 0.314545], 
              [0.518955, 0.267342, 0.189748, 0.023955], 
              [0.311541, 0.0384234, 0.0100811, 0.639955], 
              [0.0392162, 0.46445, 0.0173153, 0.479018], 
              [0.40505, 0.118088, 0.40069, 0.0761728], 
              [0.727189, 0.00591855, 0.259389, 0.00750398], 
              [0.0921351, 0.0541802, 0.0324775, 0.821207], 
              [0.171018, 0.243459, 0.173198, 0.412324], 
              [0.195099, 0.324324, 0.245937, 0.23464], 
              [0.301601, 0.306852, 0.134536, 0.257011]
            ]
          }, {
            "db": 0,
            "id": "filter115",
            "len": 12,
            "nsites": 12,
            "evalue": "1.0e+000",
            "pwm": [
              [0.16876, 0.230043, 0.300846, 0.30035], 
              [0.259322, 0.362165, 0.355818, 0.0226942], 
              [0.207872, 0.121285, 0.399395, 0.271448], 
              [0.145273, 0.729901, 0.0874545, 0.0373719], 
              [0.685273, 0.0469917, 0.131587, 0.136149], 
              [0.154809, 0.213922, 0.358631, 0.272639], 
              [0.135157, 0.00206612, 0.614562, 0.248215], 
              [0.00206612, 0.304149, 0.00216529, 0.69162], 
              [0.122264, 0.0161488, 0.831157, 0.0304298], 
              [0.41314, 0.171058, 0.251884, 0.163917], 
              [0.220865, 0.262522, 0.216699, 0.299914], 
              [0.323587, 0.256545, 0.210132, 0.209736]
            ]
          }, {
            "db": 0,
            "id": "filter116",
            "len": 13,
            "nsites": 13,
            "evalue": "1.0e+000",
            "pwm": [
              [0.158008, 0.336336, 0.25387, 0.251786], 
              [0.227176, 0.355588, 0.211099, 0.206137], 
              [0.435473, 0.0265191, 0.309939, 0.228069], 
              [0.0125267, 0.569443, 0.15642, 0.261611], 
              [0.252878, 0.571229, 0.158305, 0.0175878], 
              [0.275774, 0.257318, 0.382641, 0.0842666], 
              [0.145405, 0.250595, 0.271733, 0.332267], 
              [0.304947, 0.221497, 0.156305, 0.317251], 
              [0.0185802, 0.0103435, 0.813366, 0.15771], 
              [0.224496, 0.0288015, 0.632954, 0.113748], 
              [0.256748, 0.00716794, 0.442718, 0.293366], 
              [0.137069, 0.601099, 0.219038, 0.0427939], 
              [0.296344, 0.293565, 0.214374, 0.195718]
            ]
          }, {
            "db": 0,
            "id": "filter117",
            "len": 9,
            "nsites": 9,
            "evalue": "1.0e+000",
            "pwm": [
              [0.353549, 0.397363, 0.14467, 0.104418], 
              [0.269879, 0.170286, 0.280758, 0.279077], 
              [0.121132, 0.066044, 0.49933, 0.313495], 
              [0.0631819, 0.86446, 0.0247055, 0.0476528], 
              [0.0107574, 0.189751, 0.0503139, 0.749178], 
              [0.619791, 0.368484, 0.00452747, 0.0071978], 
              [0.130626, 0.256033, 0.258604, 0.354736], 
              [0.143879, 0.268593, 0.47856, 0.108967], 
              [0.0423037, 0.258974, 0.4351, 0.263622]
            ]
          }, {
            "db": 0,
            "id": "filter118",
            "len": 11,
            "nsites": 11,
            "evalue": "1.0e+000",
            "pwm": [
              [0.137622, 0.227207, 0.303514, 0.331658], 
              [0.143667, 0.535405, 0.230676, 0.0902523], 
              [0.133856, 0.473072, 0.253865, 0.139207], 
              [0.198686, 0.640514, 0.153195, 0.00760414], 
              [0.00482883, 0.49091, 0.477631, 0.0266306], 
              [0.0073058, 0.450433, 0.383349, 0.158912], 
              [0.0568613, 0.15042, 0.0115685, 0.78115], 
              [0.351711, 0.56202, 0.0837199, 0.00254958], 
              [0.132964, 0.372685, 0.440964, 0.0533874], 
              [0.343252, 0.0496216, 0.371297, 0.235829], 
              [0.233748, 0.133856, 0.550072, 0.0823243]
            ]
          }, {
            "db": 0,
            "id": "filter119",
            "len": 15,
            "nsites": 15,
            "evalue": "1.0e+000",
            "pwm": [
              [0.105166, 0.25755, 0.34596, 0.291325], 
              [0.130298, 0.126325, 0.505199, 0.238179], 
              [0.137152, 0.0742715, 0.217318, 0.571258], 
              [0.659371, 0.0947351, 0.166656, 0.0792384], 
              [0.039404, 0.257947, 0.0472517, 0.655397], 
              [0.474603, 0.248212, 0.0983113, 0.178874], 
              [0.00850925, 0.706386, 0.232394, 0.0527101], 
              [0.0203311, 0.250397, 0.61298, 0.116291], 
              [0.178874, 0.0548013, 0.192881, 0.573444], 
              [0.126722, 0.0376159, 0.829735, 0.00592715], 
              [0.0720931, 0.0670264, 0.508428, 0.352452], 
              [0.501225, 0.010298, 0.433675, 0.0548013], 
              [0.299937, 0.300334, 0.220177, 0.179552], 
              [0.26798, 0.180662, 0.166258, 0.385099], 
              [0.343775, 0.292815, 0.123444, 0.239967]
            ]
          }, {
            "db": 0,
            "id": "filter12",
            "len": 12,
            "nsites": 12,
            "evalue": "1.0e+000",
            "pwm": [
              [0.23205, 0.267554, 0.282628, 0.217769], 
              [0.279328, 0.210012, 0.215764, 0.294896], 
              [0.0196198, 0.355521, 0.35205, 0.27281], 
              [0.68686, 0.16481, 0.094, 0.0543306], 
              [0.71341, 0.087959, 0.0617746, 0.136856], 
              [0.0100992, 0.450529, 0.536314, 0.00305785], 
              [0.189802, 0.00960331, 0.291851, 0.508744], 
              [0.0517521, 0.00633058, 0.102826, 0.839091], 
              [0.0594819, 0.538145, 0.367881, 0.0344926], 
              [0.338463, 0.177504, 0.238893, 0.24514], 
              [0.231752, 0.32319, 0.213008, 0.23205], 
              [0.317339, 0.20924, 0.287587, 0.185835]
            ]
          }, {
            "db": 0,
            "id": "filter120",
            "len": 14,
            "nsites": 14,
            "evalue": "1.0e+000",
            "pwm": [
              [0.251191, 0.188738, 0.256851, 0.30322], 
              [0.0875689, 0.304938, 0.0696947, 0.537798], 
              [0.0805106, 0.227957, 0.17305, 0.518482], 
              [0.55244, 0.39, 0.0188511, 0.0387092], 
              [0.201546, 0.361901, 0.381461, 0.0550922], 
              [0.19825, 0.167771, 0.389961, 0.244018], 
              [0.218249, 0.412878, 0.282099, 0.0867745], 
              [0.670397, 0.00177305, 0.288723, 0.0391064], 
              [0.22905, 0.0893475, 0.151504, 0.530099], 
              [0.37878, 0.0333475, 0.169674, 0.418199], 
              [0.085169, 0.0881474, 0.822726, 0.00395723], 
              [0.386961, 0.306229, 0.136226, 0.170584], 
              [0.326819, 0.2189, 0.290978, 0.163303], 
              [0.240246, 0.208377, 0.3432, 0.208178]
            ]
          }, {
            "db": 0,
            "id": "filter121",
            "len": 11,
            "nsites": 11,
            "evalue": "1.0e+000",
            "pwm": [
              [0.283765, 0.167731, 0.257011, 0.291494], 
              [0.262586, 0.0375315, 0.14773, 0.552153], 
              [0.119883, 0.143072, 0.174189, 0.562856], 
              [0.562162, 0.0175135, 0.380414, 0.0399099], 
              [0.361387, 0.224829, 0.411333, 0.00245045], 
              [0.225347, 0.00671216, 0.578868, 0.189073], 
              [0.0175135, 0.259117, 0.164081, 0.559288], 
              [0.254063, 0.213432, 0.00245045, 0.530054], 
              [0.203423, 0.560577, 0.203721, 0.0322793], 
              [0.374506, 0.258647, 0.00433354, 0.362514], 
              [0.186973, 0.303514, 0.227802, 0.281712]
            ]
          }, {
            "db": 0,
            "id": "filter122",
            "len": 11,
            "nsites": 11,
            "evalue": "1.0e+000",
            "pwm": [
              [0.273784, 0.17409, 0.312135, 0.239991], 
              [0.499135, 0.179937, 0.251486, 0.0694414], 
              [0.290461, 0.00859523, 0.252998, 0.447945], 
              [0.522721, 0.00304505, 0.280225, 0.194009], 
              [0.167847, 0.674144, 0.152586, 0.00542342], 
              [0.00254952, 0.681806, 0.00988212, 0.305762], 
              [0.195773, 0.0272227, 0.703506, 0.0734974], 
              [0.030991, 0.154468, 0.641739, 0.172802], 
              [0.283694, 0.396568, 0.0824234, 0.237315], 
              [0.229707, 0.267567, 0.363901, 0.138824], 
              [0.236324, 0.338297, 0.122955, 0.302423]
            ]
          }, {
            "db": 0,
            "id": "filter123",
            "len": 11,
            "nsites": 11,
            "evalue": "1.0e+000",
            "pwm": [
              [0.309063, 0.318874, 0.151694, 0.220369], 
              [0.460441, 0.0436715, 0.389691, 0.106197], 
              [0.160414, 0.590505, 0.0434775, 0.205604], 
              [0.0262318, 0.153859, 0.816468, 0.00344132], 
              [0.347647, 0.350918, 0.00324334, 0.298192], 
              [0.0945135, 0.204117, 0.00225225, 0.699117], 
              [0.175477, 0.0592342, 0.69664, 0.0686486], 
              [0.26655, 0.0104775, 0.669189, 0.0537838], 
              [0.0416937, 0.550667, 0.110468, 0.297171], 
              [0.282774, 0.254533, 0.242345, 0.220348], 
              [0.233946, 0.197874, 0.253568, 0.314613]
            ]
          }, {
            "db": 0,
            "id": "filter124",
            "len": 11,
            "nsites": 11,
            "evalue": "1.0e+000",
            "pwm": [
              [0.393, 0.234441, 0.222847, 0.149712], 
              [0.293038, 0.150222, 0.33952, 0.21722], 
              [0.10155, 0.295685, 0.136928, 0.465838], 
              [0.031982, 0.453252, 0.0874775, 0.427288], 
              [0.00463087, 0.189073, 0.785907, 0.0203892], 
              [0.0179099, 0.527775, 0.0719189, 0.382396], 
              [0.666184, 0.00245047, 0.231591, 0.0997755], 
              [0.120577, 0.744405, 0.129297, 0.00572072], 
              [0.487096, 0.224707, 0.232734, 0.0554631], 
              [0.278144, 0.308766, 0.320261, 0.0928288], 
              [0.166757, 0.33582, 0.288153, 0.20927]
            ]
          }, {
            "db": 0,
            "id": "filter125",
            "len": 14,
            "nsites": 14,
            "evalue": "1.0e+000",
            "pwm": [
              [0.222673, 0.171841, 0.134015, 0.471471], 
              [0.291177, 0.090133, 0.44814, 0.17055], 
              [0.341745, 0.363092, 0.196085, 0.099078], 
              [0.162525, 0.631574, 0.153489, 0.0524113], 
              [0.11983, 0.65173, 0.0989787, 0.129461], 
              [0.271248, 0.032156, 0.0901418, 0.606454], 
              [0.0108085, 0.0279858, 0.376794, 0.584411], 
              [0.182879, 0.181986, 0.227362, 0.407773], 
              [0.116652, 0.128369, 0.21783, 0.537149], 
              [0.469777, 0.409601, 0.0957115, 0.0249101], 
              [0.57061, 0.112284, 0.0116028, 0.305504], 
              [0.378879, 0.0972908, 0.46705, 0.0567801], 
              [0.105333, 0.152199, 0.569021, 0.173447], 
              [0.233594, 0.0424782, 0.237466, 0.486462]
            ]
          }, {
            "db": 0,
            "id": "filter126",
            "len": 11,
            "nsites": 11,
            "evalue": "1.0e+000",
            "pwm": [
              [0.190739, 0.147135, 0.383982, 0.278144], 
              [0.231964, 0.225126, 0.229189, 0.313721], 
              [0.10155, 0.160216, 0.356333, 0.381901], 
              [0.69545, 0.145351, 0.0175135, 0.141685], 
              [0.197676, 0.0259369, 0.316991, 0.459396], 
              [0.0154311, 0.4431, 0.00512584, 0.536343], 
              [0.0779564, 0.533073, 0.377107, 0.0118639], 
              [0.858878, 0.0606158, 0.0414916, 0.0390143], 
              [0.200272, 0.094721, 0.130598, 0.574409], 
              [0.548387, 0.022964, 0.270018, 0.158631], 
              [0.0561622, 0.308964, 0.346126, 0.288748]
            ]
          }, {
            "db": 0,
            "id": "filter127",
            "len": 13,
            "nsites": 13,
            "evalue": "1.0e+000",
            "pwm": [
              [0.291254, 0.251364, 0.184287, 0.273095], 
              [0.333127, 0.212071, 0.211773, 0.243029], 
              [0.354829, 0.240795, 0.160703, 0.243673], 
              [0.0769313, 0.224893, 0.0651221, 0.633053], 
              [0.0459739, 0.484842, 0.0763433, 0.392841], 
              [0.561504, 0.414534, 0.0134198, 0.010542], 
              [0.0341603, 0.785382, 0.0220534, 0.158405], 
              [0.222633, 0.264118, 0.392841, 0.120409], 
              [0.0115344, 0.00250382, 0.254565, 0.731397], 
              [0.00637405, 0.0019084, 0.971252, 0.0204656], 
              [0.769702, 0.112458, 0.0661145, 0.0517252], 
              [0.465641, 0.130321, 0.0498397, 0.354198], 
              [0.378152, 0.117828, 0.220052, 0.283967]
            ]
          }, {
            "db": 0,
            "id": "filter13",
            "len": 10,
            "nsites": 10,
            "evalue": "1.0e+000",
            "pwm": [
              [0.234257, 0.389406, 0.169703, 0.206634], 
              [0.278388, 0.308583, 0.230967, 0.182061], 
              [0.514503, 0.229284, 0.238392, 0.0178202], 
              [0.0538614, 0.367723, 0.574851, 0.00356436], 
              [0.0824752, 0.0139604, 0.00425743, 0.899307], 
              [0.00316832, 0.350495, 0.64198, 0.00435644], 
              [0.840693, 0.144851, 0.010396, 0.00405941], 
              [0.0982274, 0.225765, 0.33538, 0.340628], 
              [0.16198, 0.255545, 0.059901, 0.522574], 
              [0.287921, 0.362178, 0.168713, 0.181188]
            ]
          }, {
            "db": 0,
            "id": "filter14",
            "len": 12,
            "nsites": 12,
            "evalue": "1.0e+000",
            "pwm": [
              [0.204103, 0.144692, 0.131005, 0.520201], 
              [0.227388, 0.174727, 0.428314, 0.16957], 
              [0.200116, 0.173736, 0.446066, 0.180083], 
              [0.0112883, 0.289442, 0.685899, 0.0133708], 
              [0.010595, 0.237107, 0.483851, 0.268446], 
              [0.0658347, 0.406397, 0.0573058, 0.470463], 
              [0.380871, 0.4605, 0.156266, 0.00236361], 
              [0.114319, 0.24472, 0.0213039, 0.619657], 
              [0.299359, 0.663785, 0.00424772, 0.0326085], 
              [0.337868, 0.233339, 0.0969752, 0.331818], 
              [0.156281, 0.150727, 0.152215, 0.540777], 
              [0.181751, 0.182445, 0.272386, 0.363418]
            ]
          }, {
            "db": 0,
            "id": "filter15",
            "len": 12,
            "nsites": 12,
            "evalue": "1.0e+000",
            "pwm": [
              [0.229174, 0.256744, 0.331322, 0.18276], 
              [0.288649, 0.291624, 0.244918, 0.174809], 
              [0.145967, 0.36514, 0.298992, 0.189901], 
              [0.586455, 0.0233906, 0.0576089, 0.332545], 
              [0.00236364, 0.00216529, 0.0314215, 0.96405], 
              [0.00236364, 0.358298, 0.351752, 0.287587], 
              [0.408975, 0.0032562, 0.585603, 0.00216529], 
              [0.450826, 0.544347, 0.00276033, 0.00206612], 
              [0.312975, 0.00355372, 0.00206612, 0.681405], 
              [0.243157, 0.369107, 0.247025, 0.140711], 
              [0.182463, 0.376446, 0.18286, 0.258231], 
              [0.201921, 0.271746, 0.24328, 0.283053]
            ]
          }, {
            "db": 0,
            "id": "filter16",
            "len": 12,
            "nsites": 12,
            "evalue": "1.0e+000",
            "pwm": [
              [0.221537, 0.18395, 0.307818, 0.286694], 
              [0.150529, 0.24524, 0.178099, 0.426132], 
              [0.173554, 0.219278, 0.542021, 0.0651468], 
              [0.0103959, 0.692443, 0.0639442, 0.233217], 
              [0.166479, 0.00246277, 0.598139, 0.232919], 
              [0.160942, 0.132975, 0.542264, 0.163818], 
              [0.598139, 0.0255679, 0.0380625, 0.338231], 
              [0.663752, 0.138826, 0.0617686, 0.135653], 
              [0.0106942, 0.671686, 0.161636, 0.155983], 
              [0.331917, 0.411554, 0.00395041, 0.252579], 
              [0.323091, 0.266959, 0.270926, 0.139025], 
              [0.384579, 0.332413, 0.109273, 0.173736]
            ]
          }, {
            "db": 0,
            "id": "filter17",
            "len": 12,
            "nsites": 12,
            "evalue": "1.0e+000",
            "pwm": [
              [0.199322, 0.200612, 0.41314, 0.186926], 
              [0.264182, 0.526595, 0.14557, 0.0636529], 
              [0.0851736, 0.516579, 0.106496, 0.291752], 
              [0.647983, 0.0138678, 0.332909, 0.00523967], 
              [0.0455041, 0.00335537, 0.639554, 0.311587], 
              [0.541868, 0.311983, 0.00523967, 0.140909], 
              [0.116711, 0.0489752, 0.00682645, 0.827488], 
              [0.296443, 0.116425, 0.296443, 0.29069], 
              [0.00553719, 0.178496, 0.144182, 0.671785], 
              [0.298397, 0.398165, 0.147455, 0.155983], 
              [0.220446, 0.26924, 0.407686, 0.102628], 
              [0.297177, 0.261181, 0.289343, 0.152299]
            ]
          }, {
            "db": 0,
            "id": "filter18",
            "len": 12,
            "nsites": 12,
            "evalue": "1.0e+000",
            "pwm": [
              [0.214298, 0.249901, 0.0308264, 0.504975], 
              [0.111763, 0.529226, 0.162247, 0.196763], 
              [0.255752, 0.359587, 0.299587, 0.0850744], 
              [0.13962, 0.16114, 0.639058, 0.0601818], 
              [0.0136706, 0.368747, 0.256174, 0.361408], 
              [0.189027, 0.512861, 0.150445, 0.147667], 
              [0.478099, 0.207851, 0.307818, 0.0062314], 
              [0.00732231, 0.695388, 0.223521, 0.0737686], 
              [0.0610803, 0.106407, 0.148163, 0.684349], 
              [0.0211074, 0.417702, 0.445669, 0.115521], 
              [0.479686, 0.362264, 0.12643, 0.0316198], 
              [0.142595, 0.471752, 0.232149, 0.153504]
            ]
          }, {
            "db": 0,
            "id": "filter19",
            "len": 11,
            "nsites": 11,
            "evalue": "1.0e+000",
            "pwm": [
              [0.314446, 0.258449, 0.19492, 0.232185], 
              [0.309924, 0.103125, 0.503842, 0.083109], 
              [0.475403, 0.0248446, 0.335093, 0.164659], 
              [0.0509148, 0.0178124, 0.730604, 0.200668], 
              [0.287658, 0.0398108, 0.482883, 0.189649], 
              [0.112858, 0.197596, 0.591654, 0.0978924], 
              [0.301532, 0.531838, 0.108586, 0.058045], 
              [0.0231601, 0.936267, 0.0303936, 0.0101794], 
              [0.470151, 0.261866, 0.149499, 0.118484], 
              [0.0445676, 0.553144, 0.243162, 0.159126], 
              [0.336018, 0.084009, 0.34236, 0.237613]
            ]
          }, {
            "db": 0,
            "id": "filter2",
            "len": 10,
            "nsites": 10,
            "evalue": "1.0e+000",
            "pwm": [
              [0.24495, 0.155446, 0.434851, 0.164752], 
              [0.210594, 0.322871, 0.191386, 0.275149], 
              [0.0868232, 0.432234, 0.424908, 0.0560342], 
              [0.361719, 0.0755519, 0.021388, 0.541341], 
              [0.0336634, 0.851089, 0.00267327, 0.112574], 
              [0.0925652, 0.0344522, 0.857637, 0.0153452], 
              [0.639045, 0.0371252, 0.0114842, 0.312345], 
              [0.0416832, 0.504851, 0.286733, 0.166733], 
              [0.226337, 0.267822, 0.280594, 0.225248], 
              [0.160396, 0.180297, 0.277327, 0.38198]
            ]
          }, {
            "db": 0,
            "id": "filter20",
            "len": 12,
            "nsites": 12,
            "evalue": "1.0e+000",
            "pwm": [
              [0.265147, 0.200096, 0.246504, 0.288252], 
              [0.252975, 0.106298, 0.468083, 0.172645], 
