<!DOCTYPE HTML>
<html>
  <head>
    <meta charset="UTF-8">
    <title>Tomtom Results</title>
    <script>
      // @JSON_VAR data
      var data = {
        "program": "Tomtom",
        "version": "5.3.3",
        "release": "Sun Feb 7 15:39:52 2021 -0800",
        "cmd": [
          "tomtom", "-evalue", "-thresh", "0.1", "-o",
          "results/filters/model-256/trial-3",
          "motifs/filters/model-256/trial-3.txt", "./motif_database.txt"
        ],
        "options": {
          "strands": "both",
          "distance_measure": "ed",
          "threshold_type": "evalue",
          "threshold_value": 0.1,
          "background_source": "--query--"
        },
        "alphabet": {
          "name": "DNA",
          "like": "dna",
          "ncore": 4,
          "symbols": [
            {
              "symbol": "A",
              "name": "Adenine",
              "colour": "CC0000",
              "complement": "T"
            }, {
              "symbol": "C",
              "name": "Cytosine",
              "colour": "0000CC",
              "complement": "G"
            }, {
              "symbol": "G",
              "name": "Guanine",
              "colour": "FFB300",
              "complement": "C"
            }, {
              "symbol": "T",
              "aliases": "U",
              "name": "Thymine",
              "colour": "008000",
              "complement": "A"
            }, {
              "symbol": "N",
              "aliases": "X.",
              "name": "Any base",
              "equals": "ACGT"
            }, {
              "symbol": "V",
              "name": "Not T",
              "equals": "ACG"
            }, {
              "symbol": "H",
              "name": "Not G",
              "equals": "ACT"
            }, {
              "symbol": "D",
              "name": "Not C",
              "equals": "AGT"
            }, {
              "symbol": "B",
              "name": "Not A",
              "equals": "CGT"
            }, {
              "symbol": "M",
              "name": "Amino",
              "equals": "AC"
            }, {
              "symbol": "R",
              "name": "Purine",
              "equals": "AG"
            }, {
              "symbol": "W",
              "name": "Weak",
              "equals": "AT"
            }, {
              "symbol": "S",
              "name": "Strong",
              "equals": "CG"
            }, {
              "symbol": "Y",
              "name": "Pyrimidine",
              "equals": "CT"
            }, {
              "symbol": "K",
              "name": "Keto",
              "equals": "GT"
            }
          ]
        },
        "background": [0.25, 0.25, 0.25, 0.25],
        "query_dbs": [
          {
            "source": "motifs/filters/model-256/trial-3.txt",
            "name": "trial-3.txt",
            "loaded": 256,
            "excluded": 0,
            "last_modified": "Tue Mar 30 10:40:04 2021"
          }
        ],
        "target_dbs": [
          {
            "source": "./motif_database.txt",
            "name": "motif_database.txt",
            "loaded": 1964,
            "excluded": 0,
            "last_modified": "Mon Mar 29 09:53:08 2021"
          }
        ],
        "queries": [
          {
            "db": 0,
            "id": "filter0",
            "len": 12,
            "nsites": 12,
            "evalue": "1.0e+000",
            "pwm": [
              [0.170148, 0.350527, 0.174611, 0.304714], 
              [0.175141, 0.451367, 0.150147, 0.223344], 
              [0.259521, 0.12157, 0.215091, 0.403818], 
              [0.152512, 0.0420331, 0.0935041, 0.71195], 
              [0.16281, 0.384144, 0.174214, 0.278832], 
              [0.0367734, 0.328612, 0.0070243, 0.62759], 
              [0.706992, 0.248017, 0.0357851, 0.00920661], 
              [0.324512, 0.0254734, 0.293368, 0.356647], 
              [0.0293361, 0.16876, 0.7332, 0.0687041], 
              [0.351355, 0.092314, 0.311587, 0.244744], 
              [0.156281, 0.292843, 0.140116, 0.41076], 
              [0.250198, 0.425636, 0.178099, 0.146066]
            ]
          }, {
            "db": 0,
            "id": "filter1",
            "len": 9,
            "nsites": 9,
            "evalue": "1.0e+000",
            "pwm": [
              [0.167121, 0.124396, 0.480538, 0.227945], 
              [0.238207, 0.41542, 0.267083, 0.079289], 
              [0.0508132, 0.566088, 0.229033, 0.154066], 
              [0.21566, 0.679954, 0.0879915, 0.0163942], 
              [0.105901, 0.109956, 0.109758, 0.674385], 
              [0.00432967, 0.0859231, 0.269879, 0.639868], 
              [0.494088, 0.108275, 0.190956, 0.206681], 
              [0.0068022, 0.425549, 0.219637, 0.348011], 
              [0.193725, 0.389945, 0.0651538, 0.351176]
            ]
          }, {
            "db": 0,
            "id": "filter10",
            "len": 13,
            "nsites": 13,
            "evalue": "1.0e+000",
            "pwm": [
              [0.108786, 0.365511, 0.451748, 0.0739542], 
              [0.261313, 0.317878, 0.241466, 0.179344], 
              [0.204967, 0.296671, 0.415469, 0.0828936], 
              [0.689519, 0.0291985, 0.16416, 0.117122], 
              [0.17625, 0.241938, 0.578912, 0.00290066], 
              [0.0808094, 0.448617, 0.0586774, 0.411896], 
              [0.561064, 0.140854, 0.109492, 0.188591], 
              [0.50484, 0.157313, 0.0930076, 0.24484], 
              [0.0155038, 0.235313, 0.376626, 0.372557], 
              [0.104728, 0.76829, 0.00300011, 0.123982], 
              [0.401574, 0.0550053, 0.158817, 0.384603], 
              [0.22271, 0.187878, 0.376527, 0.212885], 
              [0.279176, 0.0754427, 0.402626, 0.242756]
            ]
          }, {
            "db": 0,
            "id": "filter100",
            "len": 13,
            "nsites": 13,
            "evalue": "1.0e+000",
            "pwm": [
              [0.474275, 0.289099, 0.145305, 0.0913206], 
              [0.186588, 0.411756, 0.31629, 0.0853664], 
              [0.466832, 0.0423969, 0.20316, 0.287611], 
              [0.0103435, 0.176069, 0.264588, 0.549], 
              [0.0487481, 0.729313, 0.211992, 0.00994656], 
              [0.0267151, 0.427194, 0.0093504, 0.53674], 
              [0.158405, 0.003, 0.719985, 0.118611], 
              [0.0282035, 0.0991506, 0.694908, 0.177738], 
              [0.366405, 0.17458, 0.349931, 0.109084], 
              [0.607947, 0.0605573, 0.291679, 0.0398168], 
              [0.359855, 0.206336, 0.121588, 0.312221], 
              [0.492882, 0.0487434, 0.188951, 0.269424], 
              [0.118202, 0.314969, 0.123064, 0.443765]
            ]
          }, {
            "db": 0,
            "id": "filter101",
            "len": 10,
            "nsites": 10,
            "evalue": "1.0e+000",
            "pwm": [
              [0.0669307, 0.292178, 0.432277, 0.208614], 
              [0.0798097, 0.578275, 0.136647, 0.205268], 
              [0.265446, 0.435644, 0.289406, 0.00950495], 
              [0.00475225, 0.136917, 0.0930602, 0.76527], 
              [0.134145, 0.0475202, 0.207801, 0.610533], 
              [0.0944554, 0.611485, 0.263762, 0.030297], 
              [0.0191089, 0.79901, 0.0308911, 0.15099], 
              [0.280368, 0.0435602, 0.473319, 0.202752], 
              [0.143663, 0.489406, 0.236238, 0.130693], 
              [0.579109, 0.260396, 0.102079, 0.0584158]
            ]
          }, {
            "db": 0,
            "id": "filter102",
            "len": 11,
            "nsites": 11,
            "evalue": "1.0e+000",
            "pwm": [
              [0.101559, 0.498392, 0.186099, 0.213949], 
              [0.186892, 0.179459, 0.0615194, 0.572129], 
              [0.0954054, 0.14, 0.581883, 0.182712], 
              [0.713586, 0.00899099, 0.261595, 0.0158288], 
              [0.0124595, 0.319568, 0.0965946, 0.571378], 
              [0.0804414, 0.495468, 0.33473, 0.0893604], 
              [0.754216, 0.0222703, 0.0817297, 0.141784], 
              [0.0825225, 0.282207, 0.598036, 0.0372342], 
              [0.0357444, 0.307843, 0.222924, 0.433488], 
              [0.17736, 0.551459, 0.0983784, 0.172802], 
              [0.367495, 0.25166, 0.184675, 0.19617]
            ]
          }, {
            "db": 0,
            "id": "filter103",
            "len": 10,
            "nsites": 10,
            "evalue": "1.0e+000",
            "pwm": [
              [0.122277, 0.0479208, 0.235446, 0.594356], 
              [0.0530693, 0.371089, 0.166634, 0.409208], 
              [0.175347, 0.144356, 0.296436, 0.383861], 
              [0.908011, 0.0208929, 0.0536685, 0.0174272], 
              [0.371089, 0.147723, 0.0568317, 0.424356], 
              [0.21, 0.529208, 0.00257426, 0.258218], 
              [0.203564, 0.0742574, 0.677624, 0.0445545], 
              [0.159505, 0.298218, 0.136535, 0.405743], 
              [0.160396, 0.104059, 0.300495, 0.43505], 
              [0.249134, 0.433211, 0.251015, 0.0666401]
            ]
          }, {
            "db": 0,
            "id": "filter104",
            "len": 14,
            "nsites": 14,
            "evalue": "1.0e+000",
            "pwm": [
              [0.343001, 0.0663056, 0.284823, 0.30587], 
              [0.212468, 0.190723, 0.266482, 0.330326], 
              [0.360149, 0.198984, 0.264026, 0.17684], 
              [0.0670071, 0.0517163, 0.184667, 0.69661], 
              [0.0554894, 0.250199, 0.48244, 0.211872], 
              [0.274326, 0.228454, 0.271546, 0.225674], 
              [0.0355319, 0.46, 0.445504, 0.0589645], 
              [0.154795, 0.0082276, 0.772545, 0.0644318], 
              [0.0550922, 0.101759, 0.797291, 0.0458582], 
              [0.322383, 0.348099, 0.102454, 0.227064], 
              [0.615054, 0.0484444, 0.263133, 0.0733689], 
              [0.129362, 0.173645, 0.274922, 0.422071], 
              [0.336879, 0.0904397, 0.303319, 0.269362], 
              [0.348993, 0.143362, 0.144752, 0.362894]
            ]
          }, {
            "db": 0,
            "id": "filter105",
            "len": 17,
            "nsites": 17,
            "evalue": "1.0e+000",
            "pwm": [
              [0.37586, 0.140246, 0.357368, 0.126526], 
              [0.350807, 0.173848, 0.112409, 0.362936], 
              [0.428053, 0.13438, 0.200988, 0.236579], 
              [0.12762, 0.164304, 0.0605146, 0.647561], 
              [0.0374503, 0.60362, 0.0944152, 0.264515], 
              [0.58483, 0.207351, 0.148398, 0.0594211], 
              [0.441231, 0.147787, 0.318664, 0.0923184], 
              [0.199696, 0.216199, 0.00225731, 0.581848], 
              [0.34779, 0.256039, 0.368069, 0.0281026], 
              [0.493468, 0.092924, 0.00852047, 0.405088], 
              [0.472345, 0.0285002, 0.35614, 0.143015], 
              [0.194129, 0.107339, 0.0428187, 0.655713], 
              [0.0629067, 0.193154, 0.581906, 0.162034], 
              [0.39107, 0.0336725, 0.540988, 0.034269], 
              [0.215105, 0.337585, 0.138257, 0.309053], 
              [0.274754, 0.410058, 0.177526, 0.137661], 
              [0.261506, 0.37453, 0.180093, 0.183871]
            ]
          }, {
            "db": 0,
            "id": "filter106",
            "len": 13,
            "nsites": 13,
            "evalue": "1.0e+000",
            "pwm": [
              [0.088542, 0.279969, 0.117221, 0.514267], 
              [0.232931, 0.264092, 0.185, 0.317977], 
              [0.30726, 0.190061, 0.467229, 0.0354504], 
              [0.0372402, 0.810371, 0.0240404, 0.128349], 
              [0.212588, 0.0396183, 0.600603, 0.147191], 
              [0.0177863, 0.262603, 0.0551985, 0.664412], 
              [0.258137, 0.563985, 0.0225496, 0.155328], 
              [0.592466, 0.375237, 0.0133206, 0.0189771], 
              [0.158305, 0.0471603, 0.114244, 0.68029], 
              [0.0498397, 0.260221, 0.0680992, 0.62184], 
              [0.202069, 0.246725, 0.078916, 0.47229], 
              [0.232634, 0.128634, 0.223603, 0.41513], 
              [0.129527, 0.104122, 0.316191, 0.45016]
            ]
          }, {
            "db": 0,
            "id": "filter107",
            "len": 10,
            "nsites": 10,
            "evalue": "1.0e+000",
            "pwm": [
              [0.313861, 0.0518812, 0.318218, 0.31604], 
              [0.268317, 0.270099, 0.320396, 0.141188], 
              [0.301287, 0.51495, 0.0250495, 0.158713], 
              [0.0402932, 0.515394, 0.401643, 0.0426692], 
              [0.288444, 0.0287155, 0.328448, 0.354392], 
              [0.0608969, 0.00267329, 0.811269, 0.125161], 
              [0.170792, 0.0039604, 0.583663, 0.241584], 
              [0.157311, 0.253836, 0.560241, 0.0286112], 
              [0.358154, 0.216853, 0.306466, 0.118526], 
              [0.0984158, 0.608119, 0.20396, 0.089505]
            ]
          }, {
            "db": 0,
            "id": "filter108",
            "len": 9,
            "nsites": 9,
            "evalue": "1.0e+000",
            "pwm": [
              [0.096416, 0.54201, 0.103735, 0.257839], 
              [0.228934, 0.121527, 0.291242, 0.358297], 
              [0.0625824, 0.33822, 0.438011, 0.161187], 
              [0.449439, 0.454779, 0.0762234, 0.0195588], 
              [0.150802, 0.496363, 0.346429, 0.00640659], 
              [0.155664, 0.0978007, 0.70729, 0.0392454], 
              [0.446714, 0.130824, 0.0856264, 0.336835], 
              [0.0256923, 0.497945, 0.277692, 0.19867], 
              [0.0348901, 0.44167, 0.32922, 0.19422]
            ]
          }, {
            "db": 0,
            "id": "filter109",
            "len": 9,
            "nsites": 9,
            "evalue": "1.0e+000",
            "pwm": [
              [0.154363, 0.241, 0.541264, 0.0633736], 
              [0.376989, 0.467978, 0.0542747, 0.100758], 
              [0.610593, 0.0933407, 0.223297, 0.0727692], 
              [0.00314286, 0.460264, 0.521286, 0.0153077], 
              [0.405176, 0.185714, 0.263747, 0.145363], 
              [0.00887912, 0.0579341, 0.0798901, 0.853297], 
              [0.1887, 0.440132, 0.319361, 0.0518071], 
              [0.0990769, 0.432868, 0.180967, 0.287088], 
              [0.0658525, 0.245178, 0.268027, 0.420943]
            ]
          }, {
            "db": 0,
            "id": "filter11",
            "len": 11,
            "nsites": 11,
            "evalue": "1.0e+000",
            "pwm": [
              [0.181505, 0.0457524, 0.25057, 0.522173], 
              [0.24076, 0.352334, 0.0105757, 0.39633], 
              [0.393198, 0.18945, 0.364559, 0.0527928], 
              [0.719432, 0.0987748, 0.179541, 0.00225225], 
              [0.194108, 0.00354054, 0.564441, 0.23791], 
              [0.287459, 0.487144, 0.16527, 0.0601261], 
              [0.00581982, 0.270414, 0.0107748, 0.712991], 
              [0.00235135, 0.0268288, 0.290234, 0.680586], 
              [0.376946, 0.354649, 0.167649, 0.100757], 
              [0.286044, 0.41159, 0.102729, 0.199638], 
              [0.206694, 0.134351, 0.294, 0.364955]
            ]
          }, {
            "db": 0,
            "id": "filter110",
            "len": 11,
            "nsites": 11,
            "evalue": "1.0e+000",
            "pwm": [
              [0.183009, 0.175874, 0.364955, 0.276162], 
              [0.371, 0.330865, 0.25218, 0.045955], 
              [0.0728179, 0.550325, 0.275595, 0.101262], 
              [0.640153, 0.00314414, 0.0375315, 0.319171], 
              [0.00354054, 0.767396, 0.226613, 0.00245045], 
              [0.360955, 0.00254952, 0.201025, 0.43547], 
              [0.170324, 0.296477, 0.340874, 0.192324], 
              [0.0183063, 0.428477, 0.00443243, 0.548784], 
              [0.457262, 0.108894, 0.0600328, 0.373812], 
              [0.45236, 0.106505, 0.229685, 0.21145], 
              [0.255722, 0.321815, 0.253245, 0.169218]
            ]
          }, {
            "db": 0,
            "id": "filter111",
            "len": 19,
            "nsites": 19,
            "evalue": "1.0e+000",
            "pwm": [
              [0.250995, 0.255173, 0.253183, 0.240649], 
              [0.295958, 0.163356, 0.45144, 0.0892461], 
              [0.266089, 0.327758, 0.128825, 0.277328], 
              [0.122284, 0.657123, 0.095622, 0.12497], 
              [0.21998, 0.379556, 0.228536, 0.171928], 
              [0.423785, 0.11511, 0.188325, 0.27278], 
              [0.170916, 0.381906, 0.0847696, 0.362408], 
              [0.131709, 0.349541, 0.337804, 0.180945], 
              [0.0207068, 0.309188, 0.284518, 0.385586], 
              [0.0710349, 0.701255, 0.125841, 0.10187], 
              [0.217869, 0.0445812, 0.0860628, 0.651487], 
              [0.547987, 0.332101, 0.0745309, 0.0453814], 
              [0.0637739, 0.285883, 0.152995, 0.497348], 
              [0.328089, 0.236571, 0.412545, 0.0227958], 
              [0.164052, 0.293372, 0.539377, 0.00319895], 
              [0.0377136, 0.0913261, 0.678079, 0.192881], 
              [0.309655, 0.360781, 0.039703, 0.289861], 
              [0.188325, 0.383696, 0.243832, 0.184147], 
              [0.240924, 0.184825, 0.16523, 0.409022]
            ]
          }, {
            "db": 0,
            "id": "filter112",
            "len": 12,
            "nsites": 12,
            "evalue": "1.0e+000",
            "pwm": [
              [0.371451, 0.202277, 0.286368, 0.139904], 
              [0.265074, 0.328545, 0.301669, 0.104711], 
              [0.150231, 0.183851, 0.245736, 0.420182], 
              [0.128624, 0.0266636, 0.575743, 0.268969], 
              [0.00801653, 0.96514, 0.0207107, 0.00613223], 
              [0.138132, 0.00345455, 0.149041, 0.709372], 
              [0.114739, 0.174348, 0.450078, 0.260836], 
              [0.699524, 0.096092, 0.0796276, 0.124756], 
              [0.00712397, 0.633207, 0.263686, 0.0959835], 
              [0.0451074, 0.171752, 0.17205, 0.611091], 
              [0.414826, 0.271223, 0.200215, 0.113736], 
              [0.348579, 0.337174, 0.114727, 0.199521]
            ]
          }, {
            "db": 0,
            "id": "filter113",
            "len": 11,
            "nsites": 11,
            "evalue": "1.0e+000",
            "pwm": [
              [0.0787568, 0.237414, 0.439081, 0.244748], 
              [0.171117, 0.132667, 0.162, 0.534216], 
              [0.145932, 0.584203, 0.229959, 0.0399061], 
              [0.632387, 0.276982, 0.0839181, 0.00671216], 
              [0.0796486, 0.0076036, 0.32918, 0.583568], 
              [0.00225225, 0.737146, 0.0747009, 0.185901], 
              [0.848757, 0.00482883, 0.118099, 0.0283153], 
              [0.240883, 0.664631, 0.0216757, 0.0728108], 
              [0.290432, 0.0809369, 0.389234, 0.239396], 
              [0.0862883, 0.426198, 0.0377297, 0.449784], 
              [0.249009, 0.309658, 0.227009, 0.214324]
            ]
          }, {
            "db": 0,
            "id": "filter114",
            "len": 14,
            "nsites": 14,
            "evalue": "1.0e+000",
            "pwm": [
              [0.220213, 0.206908, 0.300241, 0.272638], 
              [0.186932, 0.420242, 0.240742, 0.152084], 
              [0.407475, 0.313447, 0.117447, 0.161631], 
              [0.539135, 0.00375887, 0.172652, 0.284454], 
              [0.092227, 0.513617, 0.00941844, 0.384738], 
              [0.0385106, 0.473106, 0.486014, 0.00236879], 
              [0.403305, 0.0388085, 0.376496, 0.18139], 
              [0.104539, 0.250695, 0.508057, 0.136709], 
              [0.18556, 0.350482, 0.349787, 0.11417], 
              [0.433943, 0.0160695, 0.320465, 0.229523], 
              [0.00177305, 0.162227, 0.243348, 0.592652], 
              [0.488993, 0.245035, 0.00673759, 0.259234], 
              [0.454837, 0.142468, 0.292199, 0.110496], 
              [0.157675, 0.264225, 0.32033, 0.25777]
            ]
          }, {
            "db": 0,
            "id": "filter115",
            "len": 14,
            "nsites": 14,
            "evalue": "1.0e+000",
            "pwm": [
              [0.203333, 0.240369, 0.340057, 0.216241], 
              [0.136511, 0.220809, 0.318113, 0.324567], 
              [0.0535035, 0.309574, 0.453645, 0.183277], 
              [0.00713475, 0.0725674, 0.0984823, 0.821816], 
              [0.454241, 0.143362, 0.38434, 0.0180567], 
              [0.184567, 0.176128, 0.362596, 0.276709], 
              [0.083001, 0.900643, 0.0084262, 0.00792969], 
              [0.215546, 0.176028, 0.306596, 0.30183], 
              [0.158935, 0.250571, 0.353227, 0.237267], 
              [0.0629301, 0.346278, 0.123293, 0.4675], 
              [0.5801, 0.272169, 0.0340458, 0.113685], 
              [0.412241, 0.177518, 0.348397, 0.061844], 
              [0.211972, 0.418298, 0.201546, 0.168184], 
              [0.284255, 0.408766, 0.119135, 0.187844]
            ]
          }, {
            "db": 0,
            "id": "filter116",
            "len": 13,
            "nsites": 13,
            "evalue": "1.0e+000",
            "pwm": [
              [0.381252, 0.144497, 0.232908, 0.241342], 
              [0.240969, 0.32155, 0.292076, 0.145405], 
              [0.0342595, 0.247718, 0.344275, 0.373748], 
              [0.00696947, 0.469313, 0.149473, 0.374244], 
              [0.4772, 0.00448881, 0.506379, 0.0119323], 
              [0.0019084, 0.314702, 0.641687, 0.0417023], 
              [0.0070687, 0.247321, 0.101542, 0.644069], 
              [0.153641, 0.219832, 0.252382, 0.374145], 
              [0.154053, 0.399192, 0.0169939, 0.42976], 
              [0.0268168, 0.614298, 0.144511, 0.214374], 
              [0.197008, 0.341099, 0.129626, 0.332267], 
              [0.186073, 0.20572, 0.22755, 0.380657], 
              [0.274115, 0.258336, 0.108191, 0.359359]
            ]
          }, {
            "db": 0,
            "id": "filter117",
            "len": 11,
            "nsites": 11,
            "evalue": "1.0e+000",
            "pwm": [
              [0.261099, 0.304901, 0.20273, 0.23127], 
              [0.386559, 0.245045, 0.178153, 0.190243], 
              [0.234243, 0.323234, 0.363964, 0.0785586], 
              [0.0563604, 0.346126, 0.594468, 0.00304505], 
              [0.00235135, 0.223838, 0.107694, 0.666117], 
              [0.172323, 0.0787644, 0.387588, 0.361324], 
              [0.831712, 0.00274775, 0.158432, 0.00710811], 
              [0.00314414, 0.637279, 0.257135, 0.102441], 
              [0.200827, 0.109368, 0.406734, 0.283071], 
              [0.14933, 0.309292, 0.200272, 0.341106], 
              [0.201144, 0.329279, 0.042982, 0.426595]
            ]
          }, {
            "db": 0,
            "id": "filter118",
            "len": 15,
            "nsites": 15,
            "evalue": "1.0e+000",
            "pwm": [
              [0.12584, 0.448124, 0.287479, 0.138557], 
              [0.219702, 0.304139, 0.137848, 0.338311], 
              [0.288117, 0.448333, 0.114492, 0.149058], 
              [0.627421, 0.316922, 0.0436713, 0.0119857], 
              [0.178594, 0.168162, 0.458556, 0.194688], 
              [0.186523, 0.353709, 0.0990066, 0.360762], 
              [0.45021, 0.243965, 0.101699, 0.204126], 
              [0.0941391, 0.343179, 0.103874, 0.458808], 
              [0.160298, 0.0221192, 0.186921, 0.630662], 
              [0.147881, 0.517815, 0.227748, 0.106556], 
              [0.330695, 0.236216, 0.0399045, 0.393185], 
              [0.0439693, 0.127504, 0.794689, 0.0338378], 
              [0.145695, 0.151755, 0.250497, 0.452053], 
              [0.558642, 0.115099, 0.238974, 0.0872848], 
              [0.55, 0.148874, 0.0546026, 0.246523]
            ]
          }, {
            "db": 0,
            "id": "filter119",
            "len": 11,
            "nsites": 11,
            "evalue": "1.0e+000",
            "pwm": [
              [0.225523, 0.256441, 0.300342, 0.217694], 
              [0.298459, 0.101351, 0.382, 0.218189], 
              [0.0967031, 0.567669, 0.114444, 0.221184], 
              [0.116601, 0.600652, 0.00829669, 0.27445], 
              [0.884036, 0.00720721, 0.0862883, 0.0224685], 
              [0.596054, 0.318378, 0.00988288, 0.0756847], 
              [0.184892, 0.00522523, 0.152982, 0.656901], 
              [0.0361441, 0.0535856, 0.00661261, 0.903658], 
              [0.290234, 0.0918378, 0.525, 0.0929279], 
              [0.15536, 0.199063, 0.564937, 0.0806396], 
              [0.199063, 0.291324, 0.166063, 0.34355]
            ]
          }, {
            "db": 0,
            "id": "filter12",
            "len": 13,
            "nsites": 13,
            "evalue": "1.0e+000",
            "pwm": [
              [0.273221, 0.148878, 0.352115, 0.225786], 
              [0.37897, 0.165335, 0.0838697, 0.371826], 
              [0.231763, 0.416958, 0.348676, 0.00260312], 
              [0.0132214, 0.458198, 0.0528168, 0.475763], 
              [0.248884, 0.0357447, 0.166526, 0.548846], 
              [0.0549061, 0.00210689, 0.716781, 0.226206], 
              [0.694282, 0.134985, 0.125557, 0.0451756], 
              [0.0338594, 0.160969, 0.451902, 0.35327], 
              [0.463954, 0.417611, 0.00538168, 0.113053], 
              [0.692824, 0.125743, 0.0517202, 0.129712], 
              [0.519527, 0.0944962, 0.323435, 0.062542], 
              [0.00627525, 0.306099, 0.401475, 0.286151], 
              [0.336634, 0.231046, 0.288702, 0.143618]
            ]
          }, {
            "db": 0,
            "id": "filter120",
            "len": 12,
            "nsites": 12,
            "evalue": "1.0e+000",
            "pwm": [
              [0.271421, 0.227388, 0.143686, 0.357504], 
              [0.445372, 0.156281, 0.193074, 0.205273], 
              [0.096281, 0.106893, 0.232942, 0.563884], 
              [0.188314, 0.752314, 0.0188264, 0.0405455], 
              [0.353339, 0.243752, 0.156281, 0.246628], 
              [0.0282479, 0.0659339, 0.488909, 0.416909], 
              [0.0990676, 0.781946, 0.0910337, 0.027953], 
              [0.179388, 0.356711, 0.00930579, 0.454595], 
              [0.109163, 0.0528379, 0.789921, 0.048078], 
              [0.381245, 0.141716, 0.0330114, 0.444028], 
              [0.155983, 0.500314, 0.194463, 0.14924], 
              [0.563289, 0.0784298, 0.0885455, 0.269736]
            ]
          }, {
            "db": 0,
            "id": "filter121",
            "len": 11,
            "nsites": 11,
            "evalue": "1.0e+000",
            "pwm": [
              [0.195377, 0.353523, 0.165452, 0.285647], 
              [0.123141, 0.215591, 0.461531, 0.199737], 
              [0.232658, 0.213234, 0.255252, 0.298856], 
              [0.0114675, 0.140184, 0.542784, 0.305564], 
              [0.0367387, 0.827649, 0.0268288, 0.108784], 
              [0.241081, 0.112946, 0.0293063, 0.616667], 
              [0.64544, 0.151282, 0.199737, 0.00354041], 
              [0.69984, 0.0259346, 0.0754792, 0.198746], 
              [0.318279, 0.120874, 0.280027, 0.28082], 
              [0.31058, 0.491157, 0.121976, 0.0762867], 
              [0.331195, 0.129211, 0.347152, 0.192442]
            ]
          }, {
            "db": 0,
            "id": "filter122",
            "len": 13,
            "nsites": 13,
            "evalue": "1.0e+000",
            "pwm": [
              [0.366107, 0.172397, 0.127145, 0.334351], 
              [0.220924, 0.312221, 0.226977, 0.239878], 
              [0.373488, 0.110186, 0.401872, 0.114454], 
              [0.729088, 0.122195, 0.0928183, 0.0558985], 
              [0.0678081, 0.496851, 0.402765, 0.0325756], 
              [0.0839771, 0.56716, 0.0128244, 0.336038], 
              [0.152748, 0.014313, 0.768313, 0.064626], 
              [0.138544, 0.174563, 0.598559, 0.0883349], 
              [0.24551, 0.169006, 0.100639, 0.484845], 
              [0.217252, 0.601099, 0.00835878, 0.17329], 
              [0.275305, 0.086458, 0.477649, 0.160588], 
              [0.145518, 0.118722, 0.39552, 0.34024], 
              [0.175754, 0.326578, 0.149955, 0.347714]
            ]
          }, {
            "db": 0,
            "id": "filter123",
            "len": 11,
            "nsites": 11,
            "evalue": "1.0e+000",
            "pwm": [
              [0.180036, 0.260505, 0.256937, 0.302523], 
              [0.179045, 0.200946, 0.353955, 0.266054], 
              [0.280027, 0.00482883, 0.440568, 0.274577], 
              [0.894144, 0.058045, 0.0435766, 0.00423423], 
              [0.362973, 0.519252, 0.0298018, 0.087973], 
              [0.127414, 0.0276216, 0.318676, 0.526288], 
              [0.00235135, 0.0888649, 0.0693423, 0.839441], 
              [0.210063, 0.524703, 0.00274775, 0.262486], 
              [0.214105, 0.351343, 0.19944, 0.235112], 
              [0.335126, 0.268928, 0.272396, 0.12355], 
              [0.262189, 0.256342, 0.293108, 0.18836]
            ]
          }, {
            "db": 0,
            "id": "filter124",
            "len": 14,
            "nsites": 14,
            "evalue": "1.0e+000",
            "pwm": [
              [0.140866, 0.133022, 0.579786, 0.146326], 
              [0.131844, 0.180496, 0.560681, 0.126979], 
              [0.155361, 0.458068, 0.182365, 0.204207], 
              [0.12786, 0.0514135, 0.810912, 0.0098148], 
              [0.402213, 0.46278, 0.10573, 0.0292766], 
              [0.197674, 0.446894, 0.348496, 0.00693617], 
              [0.281376, 0.276809, 0.106922, 0.334894], 
              [0.068801, 0.105741, 0.463819, 0.361639], 
              [0.462681, 0.223688, 0.29766, 0.0159716], 
              [0.0136868, 0.257024, 0.157644, 0.571645], 
              [0.163319, 0.0123972, 0.608738, 0.215546], 
              [0.0872624, 0.458809, 0.399333, 0.0545957], 
              [0.429617, 0.31444, 0.0692908, 0.186652], 
              [0.166298, 0.363589, 0.181489, 0.288624]
            ]
          }, {
            "db": 0,
            "id": "filter125",
            "len": 12,
            "nsites": 12,
            "evalue": "1.0e+000",
            "pwm": [
              [0.281934, 0.240975, 0.336975, 0.140116], 
              [0.257339, 0.279355, 0.181669, 0.281636], 
              [0.433669, 0.17314, 0.164612, 0.228579], 
              [0.00950413, 0.102529, 0.072876, 0.815091], 
              [0.0478843, 0.681405, 0.0992562, 0.171455], 
              [0.329934, 0.0222975, 0.0441157, 0.603653], 
              [0.0326116, 0.445967, 0.405207, 0.116215], 
              [0.782243, 0.00206612, 0.189424, 0.0262669], 
              [0.00236364, 0.437339, 0.0646446, 0.495653], 
              [0.280121, 0.0446073, 0.42728, 0.247992], 
              [0.148744, 0.27886, 0.171157, 0.40124], 
              [0.374463, 0.0550248, 0.359785, 0.210727]
            ]
          }, {
            "db": 0,
            "id": "filter126",
            "len": 12,
            "nsites": 12,
            "evalue": "1.0e+000",
            "pwm": [
              [0.246727, 0.468579, 0.201008, 0.083686], 
              [0.525207, 0.0341983, 0.328843, 0.111752], 
              [0.202694, 0.294926, 0.242562, 0.259818], 
              [0.0759504, 0.235818, 0.683289, 0.00494215], 
              [0.761835, 0.046595, 0.189306, 0.00226446], 
              [0.00960331, 0.0832893, 0.10243, 0.804678], 
              [0.226496, 0.387554, 0.237901, 0.14805], 
              [0.20686, 0.254066, 0.405405, 0.133669], 
              [0.106, 0.340942, 0.00226446, 0.550793], 
              [0.147355, 0.422959, 0.294926, 0.13476], 
              [0.166083, 0.235596, 0.300648, 0.297673], 
              [0.228777, 0.514893, 0.0402479, 0.216083]
            ]
          }, {
            "db": 0,
            "id": "filter127",
            "len": 9,
            "nsites": 9,
            "evalue": "1.0e+000",
            "pwm": [
              [0.458834, 0.0101641, 0.246119, 0.284884], 
              [0.264341, 0.531374, 0.0426044, 0.161681], 
              [0.149813, 0.566187, 0.218055, 0.0659451], 
              [0.163363, 0.0643626, 0.641055, 0.13122], 
              [0.106286, 0.00353838, 0.444989, 0.445187], 
              [0.645802, 0.270374, 0.0766264, 0.0071978], 
              [0.236352, 0.101846, 0.551846, 0.109956], 
              [0.14833, 0.426538, 0.377385, 0.0477473], 
              [0.199165, 0.286791, 0.0263846, 0.487659]
            ]
          }, {
            "db": 0,
            "id": "filter128",
            "len": 14,
            "nsites": 14,
            "evalue": "1.0e+000",
            "pwm": [
              [0.369708, 0.181174, 0.206589, 0.242529], 
              [0.199342, 0.17621, 0.275788, 0.34866], 
              [0.127078, 0.0487376, 0.492667, 0.331518], 
              [0.0342444, 0.200474, 0.160058, 0.605223], 
              [0.0189486, 0.07812, 0.609769, 0.293162], 
              [0.549913, 0.157477, 0.0614528, 0.231158], 
              [0.442723, 0.043078, 0.470723, 0.0434752], 
              [0.0033617, 0.517688, 0.014383, 0.464567], 
              [0.366107, 0.260749, 0.109912, 0.263232], 
              [0.341943, 0.018156, 0.62383, 0.0160709], 
              [0.00197163, 0.135021, 0.349191, 0.513816], 
              [0.42356, 0.291603, 0.118043, 0.166794], 
              [0.298553, 0.217135, 0.284057, 0.200255], 
              [0.308085, 0.32566, 0.183376, 0.182879]
            ]
          }, {
            "db": 0,
            "id": "filter129",
            "len": 12,
            "nsites": 12,
            "evalue": "1.0e+000",
            "pwm": [
              [0.047686, 0.101636, 0.401835, 0.448843], 
              [0.192975, 0.188017, 0.200612, 0.418397], 
              [0.358496, 0.00236364, 0.440116, 0.199025], 
              [0.00672727, 0.423653, 0.523421, 0.0461983], 
              [0.706496, 0.0066281, 0.142694, 0.144182], 
              [0.248215, 0.536215, 0.157273, 0.0582975], 
              [0.589313, 0.0295344, 0.0912142, 0.289938], 
              [0.394793, 0.287289, 0.312281, 0.00563636], 
              [0.120194, 0.608375, 0.00662856, 0.264803], 
              [0.108182, 0.0617686, 0.309405, 0.520645], 
              [0.251983, 0.181967, 0.41205, 0.154], 
              [0.375752, 0.324083, 0.106496, 0.193669]
            ]
          }, {
            "db": 0,
            "id": "filter13",
            "len": 11,
            "nsites": 11,
            "evalue": "1.0e+000",
            "pwm": [
              [0.152288, 0.177559, 0.21373, 0.456423], 
              [0.153279, 0.205306, 0.341964, 0.29945], 
              [0.124541, 0.197676, 0.535901, 0.141883], 
              [0.189531, 0.605705, 0.199539, 0.00522493], 
              [0.559728, 0.140184, 0.0642821, 0.235805], 
              [0.0945043, 0.13305, 0.674572, 0.0978733], 
              [0.328586, 0.0827207, 0.557604, 0.0310901], 
              [0.061123, 0.185505, 0.666084, 0.0872878], 
              [0.113441, 0.0565586, 0.418171, 0.411829], 
              [0.0834144, 0.254261, 0.0761802, 0.586144], 
              [0.542441, 0.0257387, 0.205604, 0.226216]
            ]
          }, {
            "db": 0,
            "id": "filter130",
            "len": 14,
            "nsites": 14,
            "evalue": "1.0e+000",
            "pwm": [
              [0.316556, 0.179223, 0.336218, 0.168002], 
              [0.276439, 0.318443, 0.133148, 0.27197], 
              [0.337277, 0.0679007, 0.311461, 0.283362], 
              [0.0814043, 0.011305, 0.678241, 0.22905], 
              [0.758468, 0.0102128, 0.176922, 0.0543972], 
              [0.735234, 0.185759, 0.077234, 0.00177305], 
              [0.144752, 0.218922, 0.137007, 0.499319], 
              [0.151106, 0.426638, 0.165305, 0.25695], 
              [0.545589, 0.00346099, 0.379475, 0.0714752], 
              [0.010015, 0.0765465, 0.540281, 0.373158], 
              [0.540922, 0.245333, 0.109504, 0.104241], 
              [0.858255, 0.0963972, 0.04, 0.00534752], 
              [0.400624, 0.237489, 0.185362, 0.176525], 
              [0.187465, 0.267303, 0.379116, 0.166116]
            ]
          }, {
            "db": 0,
            "id": "filter131",
            "len": 10,
            "nsites": 10,
            "evalue": "1.0e+000",
            "pwm": [
              [0.341584, 0.144158, 0.304851, 0.209406], 
              [0.258812, 0.17901, 0.376832, 0.185347], 
              [0.187426, 0.158614, 0.382871, 0.271089], 
              [0.280396, 0.00693069, 0.181485, 0.531188], 
              [0.198614, 0.547426, 0.240693, 0.0132673], 
              [0.428812, 0.492277, 0.0694059, 0.00950495], 
              [0.323564, 0.629109, 0.00247525, 0.0448515], 
              [0.549604, 0.240297, 0.0471287, 0.16297], 
              [0.420693, 0.0964356, 0.336535, 0.146337], 
              [0.107931, 0.117734, 0.540252, 0.234083]
            ]
          }, {
            "db": 0,
            "id": "filter132",
            "len": 14,
            "nsites": 14,
            "evalue": "1.0e+000",
            "pwm": [
              [0.163319, 0.277404, 0.239574, 0.319702], 
              [0.2189, 0.140568, 0.0729574, 0.567575], 
              [0.107617, 0.434383, 0.173348, 0.284652], 
              [0.0316566, 0.040989, 0.348263, 0.579091], 
              [0.245929, 0.0839858, 0.281574, 0.388511], 
              [0.0390071, 0.456624, 0.47827, 0.0260993], 
              [0.239054, 0.508006, 0.168962, 0.0839776], 
              [0.466553, 0.082695, 0.447688, 0.00306383], 
              [0.454142, 0.115262, 0.368156, 0.0624397], 
              [0.302158, 0.0778374, 0.5233, 0.0967045], 
              [0.659475, 0.0184539, 0.0672057, 0.254865], 
              [0.204624, 0.361702, 0.00733333, 0.42634], 
              [0.123007, 0.435078, 0.0968936, 0.345021], 
              [0.263133, 0.35727, 0.177833, 0.201765]
            ]
          }, {
            "db": 0,
            "id": "filter133",
            "len": 14,
            "nsites": 14,
            "evalue": "1.0e+000",
            "pwm": [
              [0.132738, 0.443617, 0.197574, 0.226071], 
              [0.0800142, 0.15061, 0.365574, 0.403801], 
              [0.425305, 0.292666, 0.196959, 0.0850697], 
              [0.516199, 0.023617, 0.427532, 0.0326525], 
              [0.162525, 0.0909362, 0.229248, 0.517291], 
              [0.32417, 0.341645, 0.00187234, 0.332312], 
              [0.472662, 0.0172609, 0.0703761, 0.439701], 
              [0.0317589, 0.0176596, 0.544496, 0.406085], 
              [0.467248, 0.0740567, 0.421475, 0.0372199], 
              [0.0318582, 0.416709, 0.349291, 0.202142], 
              [0.227086, 0.642362, 0.0296765, 0.100875], 
              [0.310468, 0.159943, 0.261121, 0.268468], 
              [0.0495319, 0.270652, 0.309376, 0.37044], 
              [0.251117, 0.191835, 0.261842, 0.295207]
            ]
          }, {
            "db": 0,
            "id": "filter134",
            "len": 14,
            "nsites": 14,
            "evalue": "1.0e+000",
            "pwm": [
              [0.116641, 0.27966, 0.302495, 0.301204], 
              [0.340553, 0.0901418, 0.25705, 0.312255], 
              [0.239948, 0.148411, 0.242728, 0.368914], 
              [0.641106, 0.0424823, 0.0926241, 0.223787], 
              [0.0877589, 0.0723688, 0.364284, 0.475589], 
              [0.417504, 0.563759, 0.0022695, 0.0164681], 
              [0.11427, 0.773461, 0.0022695, 0.11], 
              [0.122721, 0.206928, 0.553091, 0.11726], 
              [0.0519149, 0.235801, 0.425447, 0.286837], 
              [0.00365939, 0.0152752, 0.395521, 0.585544], 
              [0.573745, 0.203751, 0.130864, 0.0916402], 
              [0.663546, 0.0861702, 0.0599574, 0.190326], 
              [0.278596, 0.25, 0.18566, 0.285745], 
              [0.147021, 0.2742, 0.207483, 0.371296]
            ]
          }, {
            "db": 0,
            "id": "filter135",
            "len": 11,
            "nsites": 11,
            "evalue": "1.0e+000",
            "pwm": [
              [0.359342, 0.15042, 0.208895, 0.281343], 
              [0.325712, 0.10482, 0.268928, 0.300541], 
              [0.145252, 0.363568, 0.159523, 0.331658], 
