<!DOCTYPE HTML>
<html>
  <head>
    <meta charset="UTF-8">
    <title>Tomtom Results</title>
    <script>
      // @JSON_VAR data
      var data = {
        "program": "Tomtom",
        "version": "5.3.3",
        "release": "Sun Feb 7 15:39:52 2021 -0800",
        "cmd": [
          "tomtom", "-evalue", "-thresh", "0.1", "-o",
          "results/filters/model-256/trial-1",
          "motifs/filters/model-256/trial-1.txt", "./motif_database.txt"
        ],
        "options": {
          "strands": "both",
          "distance_measure": "ed",
          "threshold_type": "evalue",
          "threshold_value": 0.1,
          "background_source": "--query--"
        },
        "alphabet": {
          "name": "DNA",
          "like": "dna",
          "ncore": 4,
          "symbols": [
            {
              "symbol": "A",
              "name": "Adenine",
              "colour": "CC0000",
              "complement": "T"
            }, {
              "symbol": "C",
              "name": "Cytosine",
              "colour": "0000CC",
              "complement": "G"
            }, {
              "symbol": "G",
              "name": "Guanine",
              "colour": "FFB300",
              "complement": "C"
            }, {
              "symbol": "T",
              "aliases": "U",
              "name": "Thymine",
              "colour": "008000",
              "complement": "A"
            }, {
              "symbol": "N",
              "aliases": "X.",
              "name": "Any base",
              "equals": "ACGT"
            }, {
              "symbol": "V",
              "name": "Not T",
              "equals": "ACG"
            }, {
              "symbol": "H",
              "name": "Not G",
              "equals": "ACT"
            }, {
              "symbol": "D",
              "name": "Not C",
              "equals": "AGT"
            }, {
              "symbol": "B",
              "name": "Not A",
              "equals": "CGT"
            }, {
              "symbol": "M",
              "name": "Amino",
              "equals": "AC"
            }, {
              "symbol": "R",
              "name": "Purine",
              "equals": "AG"
            }, {
              "symbol": "W",
              "name": "Weak",
              "equals": "AT"
            }, {
              "symbol": "S",
              "name": "Strong",
              "equals": "CG"
            }, {
              "symbol": "Y",
              "name": "Pyrimidine",
              "equals": "CT"
            }, {
              "symbol": "K",
              "name": "Keto",
              "equals": "GT"
            }
          ]
        },
        "background": [0.25, 0.25, 0.25, 0.25],
        "query_dbs": [
          {
            "source": "motifs/filters/model-256/trial-1.txt",
            "name": "trial-1.txt",
            "loaded": 256,
            "excluded": 0,
            "last_modified": "Tue Mar 30 10:15:18 2021"
          }
        ],
        "target_dbs": [
          {
            "source": "./motif_database.txt",
            "name": "motif_database.txt",
            "loaded": 1964,
            "excluded": 0,
            "last_modified": "Mon Mar 29 09:53:08 2021"
          }
        ],
        "queries": [
          {
            "db": 0,
            "id": "filter0",
            "len": 15,
            "nsites": 15,
            "evalue": "1.0e+000",
            "pwm": [
              [0.180481, 0.189621, 0.3148, 0.315098], 
              [0.285989, 0.228665, 0.336457, 0.148889], 
              [0.24158, 0.244163, 0.0698081, 0.444448], 
              [0.0291722, 0.351325, 0.520894, 0.0986093], 
              [0.376954, 0.44202, 0.0582781, 0.122748], 
              [0.0639342, 0.362414, 0.0482404, 0.525411], 
              [0.628911, 0.0102971, 0.0733703, 0.287422], 
              [0.124623, 0.237361, 0.303314, 0.334702], 
              [0.0166556, 0.709238, 0.234305, 0.0398013], 
              [0.415, 0.160894, 0.0215232, 0.402583], 
              [0.450265, 0.0890728, 0.115397, 0.345265], 
              [0.156921, 0.113113, 0.0245033, 0.705464], 
              [0.315929, 0.150945, 0.424295, 0.10883], 
              [0.292546, 0.0816305, 0.407094, 0.21873], 
              [0.16856, 0.285293, 0.333179, 0.212968]
            ]
          }, {
            "db": 0,
            "id": "filter1",
            "len": 9,
            "nsites": 9,
            "evalue": "1.0e+000",
            "pwm": [
              [0.194319, 0.250297, 0.141901, 0.413484], 
              [0.255934, 0.485582, 0.246637, 0.0118462], 
              [0.312308, 0.374516, 0.286989, 0.0261868], 
              [0.0159011, 0.0304396, 0.00304396, 0.950615], 
              [0.0392418, 0.413088, 0.537209, 0.0104615], 
              [0.632846, 0.0121429, 0.186703, 0.168308], 
              [0.0273761, 0.484543, 0.2432, 0.244881], 
              [0.12311, 0.337923, 0.134385, 0.404582], 
              [0.138525, 0.175016, 0.193113, 0.493347]
            ]
          }, {
            "db": 0,
            "id": "filter10",
            "len": 12,
            "nsites": 12,
            "evalue": "1.0e+000",
            "pwm": [
              [0.150643, 0.415364, 0.364185, 0.0698084], 
              [0.298397, 0.33886, 0.0561157, 0.306628], 
              [0.391521, 0.415818, 0.190496, 0.00216529], 
              [0.15876, 0.716017, 0.00533884, 0.119884], 
              [0.153504, 0.393802, 0.367025, 0.0856694], 
              [0.547322, 0.128413, 0.188909, 0.135355], 
              [0.119488, 0.118893, 0.254463, 0.507157], 
              [0.00494215, 0.0267603, 0.239785, 0.728512], 
              [0.0714876, 0.354033, 0.0148595, 0.55962], 
              [0.583421, 0.179983, 0.0399504, 0.196645], 
              [0.371128, 0.387493, 0.0884549, 0.152924], 
              [0.211641, 0.325503, 0.2652, 0.197656]
            ]
          }, {
            "db": 0,
            "id": "filter100",
            "len": 9,
            "nsites": 9,
            "evalue": "1.0e+000",
            "pwm": [
              [0.451659, 0.320912, 0.0622857, 0.165143], 
              [0.460416, 0.127548, 0.381303, 0.0307335], 
              [0.0394432, 0.152993, 0.212933, 0.594631], 
              [0.0294479, 0.293883, 0.668681, 0.00798849], 
              [0.0363703, 0.31465, 0.167599, 0.481381], 
              [0.693275, 0.0340989, 0.244956, 0.0276703], 
              [0.0471494, 0.344812, 0.466448, 0.141591], 
              [0.233606, 0.209471, 0.324109, 0.232814], 
              [0.0802935, 0.438945, 0.144487, 0.336275]
            ]
          }, {
            "db": 0,
            "id": "filter101",
            "len": 11,
            "nsites": 11,
            "evalue": "1.0e+000",
            "pwm": [
              [0.32036, 0.0874775, 0.284883, 0.307279], 
              [0.286766, 0.38091, 0.164081, 0.168243], 
              [0.181721, 0.193712, 0.111063, 0.513505], 
              [0.149499, 0.259488, 0.588365, 0.00264861], 
              [0.410441, 0.460189, 0.0875766, 0.0417928], 
              [0.302225, 0.0167207, 0.538378, 0.142676], 
              [0.00413532, 0.39185, 0.481841, 0.122174], 
              [0.0719189, 0.00225225, 0.102838, 0.822991], 
              [0.104027, 0.259117, 0.070036, 0.56682], 
              [0.395676, 0.194405, 0.256541, 0.153378], 
              [0.404297, 0.173991, 0.0621081, 0.359604]
            ]
          }, {
            "db": 0,
            "id": "filter102",
            "len": 13,
            "nsites": 13,
            "evalue": "1.0e+000",
            "pwm": [
              [0.311, 0.236381, 0.114531, 0.338089], 
              [0.217869, 0.358402, 0.252208, 0.171521], 
              [0.199766, 0.148764, 0.11334, 0.53813], 
              [0.0342563, 0.0882356, 0.712769, 0.164739], 
              [0.236504, 0.619954, 0.0196718, 0.12387], 
              [0.0141133, 0.584369, 0.00220608, 0.399311], 
              [0.432992, 0.0179847, 0.546023, 0.003], 
              [0.0303893, 0.0258244, 0.797092, 0.146695], 
              [0.271931, 0.415427, 0.117916, 0.194725], 
              [0.638611, 0.0289008, 0.0913206, 0.241168], 
              [0.249802, 0.182321, 0.237198, 0.330679], 
              [0.225367, 0.18647, 0.213956, 0.374207], 
              [0.455023, 0.104023, 0.16287, 0.278084]
            ]
          }, {
            "db": 0,
            "id": "filter103",
            "len": 16,
            "nsites": 16,
            "evalue": "1.0e+000",
            "pwm": [
              [0.26759, 0.193453, 0.444087, 0.0948696], 
              [0.0649565, 0.261627, 0.23728, 0.436137], 
              [0.328179, 0.400519, 0.151997, 0.119305], 
              [0.0576025, 0.180634, 0.0837391, 0.678025], 
              [0.24841, 0.224261, 0.333677, 0.193652], 
              [0.48672, 0.318075, 0.0486584, 0.146547], 
              [0.195441, 0.164534, 0.59723, 0.042795], 
              [0.0264, 0.394337, 0.175483, 0.403779], 
              [0.074, 0.303565, 0.531043, 0.0913913], 
              [0.440807, 0.201404, 0.0999379, 0.257851], 
              [0.0575031, 0.163839, 0.496857, 0.281801], 
              [0.0123851, 0.733478, 0.125379, 0.128758], 
              [0.674745, 0.103217, 0.0963602, 0.125677], 
              [0.201602, 0.62764, 0.0181491, 0.152609], 
              [0.289453, 0.244832, 0.211342, 0.254373], 
              [0.39072, 0.131441, 0.303267, 0.174571]
            ]
          }, {
            "db": 0,
            "id": "filter104",
            "len": 12,
            "nsites": 12,
            "evalue": "1.0e+000",
            "pwm": [
              [0.271448, 0.209459, 0.316974, 0.202119], 
              [0.273207, 0.108281, 0.382595, 0.235917], 
              [0.282826, 0.292446, 0.0908264, 0.333901], 
              [0.0147603, 0.490694, 0.417504, 0.0770413], 
              [0.382893, 0.0300331, 0.375653, 0.211421], 
              [0.454595, 0.20686, 0.00335537, 0.33519], 
              [0.0703899, 0.788434, 0.0419299, 0.0992465], 
              [0.0142645, 0.609802, 0.323686, 0.0522479], 
              [0.123566, 0.0847851, 0.66114, 0.130509], 
              [0.208545, 0.0627603, 0.264083, 0.464612], 
              [0.303752, 0.0571074, 0.122364, 0.516777], 
              [0.29807, 0.228457, 0.262569, 0.210905]
            ]
          }, {
            "db": 0,
            "id": "filter105",
            "len": 11,
            "nsites": 11,
            "evalue": "1.0e+000",
            "pwm": [
              [0.174586, 0.265459, 0.419261, 0.140694], 
              [0.128703, 0.472973, 0.301532, 0.0967928], 
              [0.357721, 0.334432, 0.30064, 0.00720721], 
              [0.0151351, 0.584559, 0.255153, 0.145153], 
              [0.340809, 0.42525, 0.0657811, 0.168161], 
              [0.352072, 0.237414, 0.295486, 0.115027], 
              [0.133063, 0.0514054, 0.493486, 0.322045], 
              [0.00264865, 0.0516036, 0.00264865, 0.943099], 
              [0.0125586, 0.454937, 0.319865, 0.21264], 
              [0.34464, 0.347613, 0.187667, 0.120081], 
              [0.235555, 0.221382, 0.343485, 0.199578]
            ]
          }, {
            "db": 0,
            "id": "filter106",
            "len": 12,
            "nsites": 12,
            "evalue": "1.0e+000",
            "pwm": [
              [0.0915207, 0.198926, 0.274893, 0.434661], 
              [0.260612, 0.386264, 0.27043, 0.0826942], 
              [0.205372, 0.287091, 0.319818, 0.187719], 
              [0.023686, 0.221636, 0.651058, 0.10362], 
              [0.110959, 0.0327107, 0.605438, 0.250893], 
              [0.0307273, 0.024281, 0.670397, 0.274595], 
              [0.631124, 0.235818, 0.130893, 0.00216529], 
              [0.424942, 0.520248, 0.0425289, 0.012281], 
              [0.184465, 0.0459052, 0.760621, 0.00900896], 
              [0.125252, 0.296641, 0.097679, 0.480428], 
              [0.113835, 0.31724, 0.324182, 0.244744], 
              [0.171256, 0.335091, 0.24524, 0.248413]
            ]
          }, {
            "db": 0,
            "id": "filter107",
            "len": 16,
            "nsites": 16,
            "evalue": "1.0e+000",
            "pwm": [
              [0.231714, 0.246919, 0.292335, 0.229031], 
              [0.162729, 0.175846, 0.243119, 0.418306], 
              [0.168526, 0.368198, 0.201622, 0.261653], 
              [0.182522, 0.612435, 0.17646, 0.0285839], 
              [0.0930716, 0.332551, 0.0549139, 0.519464], 
              [0.0878137, 0.116634, 0.346298, 0.449255], 
              [0.480213, 0.00443449, 0.51062, 0.0047326], 
              [0.00214913, 0.585065, 0.261653, 0.151133], 
              [0.729205, 0.023913, 0.117429, 0.129453], 
              [0.436391, 0.365939, 0.0015528, 0.196117], 
              [0.448216, 0.0351395, 0.484983, 0.0316616], 
              [0.167598, 0.211619, 0.553349, 0.0674344], 
              [0.175086, 0.0705286, 0.686541, 0.0678451], 
              [0.116335, 0.405727, 0.250199, 0.227739], 
              [0.260534, 0.362795, 0.203689, 0.172981], 
              [0.22764, 0.263814, 0.249801, 0.258745]
            ]
          }, {
            "db": 0,
            "id": "filter108",
            "len": 11,
            "nsites": 11,
            "evalue": "1.0e+000",
            "pwm": [
              [0.276658, 0.238703, 0.412721, 0.0719189], 
              [0.331063, 0.225919, 0.222054, 0.220964], 
              [0.251362, 0.186063, 0.385232, 0.177343], 
              [0.693171, 0.0410991, 0.250694, 0.015036], 
              [0.530054, 0.0282162, 0.175081, 0.266649], 
              [0.110667, 0.435712, 0.0452613, 0.40836], 
              [0.072018, 0.546802, 0.0546757, 0.326505], 
              [0.234243, 0.111559, 0.637874, 0.0163243], 
              [0.364261, 0.0692432, 0.476144, 0.0903514], 
              [0.498838, 0.146342, 0.0681532, 0.286667], 
              [0.24118, 0.512811, 0.0760811, 0.169928]
            ]
          }, {
            "db": 0,
            "id": "filter109",
            "len": 8,
            "nsites": 8,
            "evalue": "1.0e+000",
            "pwm": [
              [0.0765753, 0.537658, 0.236394, 0.149373], 
              [0.559333, 0.0228395, 0.174148, 0.243679], 
              [0.275679, 0.51558, 0.192321, 0.0164198], 
              [0.00308642, 0.00476526, 0.00338269, 0.988766], 
              [0.517113, 0.341392, 0.134556, 0.00693866], 
              [0.21, 0.064321, 0.715481, 0.0101975], 
              [0.19321, 0.206938, 0.350543, 0.249309], 
              [0.23963, 0.258395, 0.220074, 0.281901]
            ]
          }, {
            "db": 0,
            "id": "filter11",
            "len": 11,
            "nsites": 11,
            "evalue": "1.0e+000",
            "pwm": [
              [0.343946, 0.173, 0.208081, 0.274973], 
              [0.337009, 0.29618, 0.186081, 0.18073], 
              [0.38091, 0.177856, 0.208676, 0.232559], 
              [0.0499189, 0.609333, 0.321946, 0.0188018], 
              [0.0558649, 0.0346577, 0.119883, 0.789595], 
              [0.75045, 0.0143423, 0.213928, 0.0212793], 
              [0.0186036, 0.566622, 0.348802, 0.065973], 
              [0.541649, 0.00334234, 0.315405, 0.139604], 
              [0.0905407, 0.056454, 0.418229, 0.434777], 
              [0.297399, 0.406518, 0.083819, 0.212264], 
              [0.0312883, 0.198865, 0.354847, 0.415]
            ]
          }, {
            "db": 0,
            "id": "filter110",
            "len": 11,
            "nsites": 11,
            "evalue": "1.0e+000",
            "pwm": [
              [0.294495, 0.212441, 0.144856, 0.348207], 
              [0.321054, 0.220369, 0.165865, 0.292712], 
              [0.28055, 0.130698, 0.243583, 0.345169], 
              [0.514595, 0.00413514, 0.476144, 0.00512613], 
              [0.150108, 0.0472432, 0.592387, 0.210261], 
              [0.561512, 0.346884, 0.0893517, 0.00225225], 
              [0.00225225, 0.150985, 0.347281, 0.499482], 
              [0.460685, 0.11364, 0.421342, 0.00433333], 
              [0.00225225, 0.354252, 0.324721, 0.318775], 
              [0.170721, 0.319369, 0.311838, 0.198072], 
              [0.28518, 0.31273, 0.112351, 0.289739]
            ]
          }, {
            "db": 0,
            "id": "filter111",
            "len": 12,
            "nsites": 12,
            "evalue": "1.0e+000",
            "pwm": [
              [0.118099, 0.215289, 0.343719, 0.322893], 
              [0.25605, 0.307223, 0.268744, 0.167983], 
              [0.162315, 0.365104, 0.354196, 0.118385], 
              [0.114639, 0.670364, 0.174447, 0.0405493], 
              [0.293566, 0.033904, 0.406437, 0.266093], 
              [0.0761414, 0.161025, 0.671322, 0.0915117], 
              [0.492281, 0.0863636, 0.048876, 0.372479], 
              [0.940143, 0.00881059, 0.0293416, 0.0217044], 
              [0.00236364, 0.801802, 0.0795207, 0.116314], 
              [0.0739669, 0.198926, 0.174727, 0.55238], 
              [0.20924, 0.425636, 0.345603, 0.0195207], 
              [0.457517, 0.19478, 0.140824, 0.20688]
            ]
          }, {
            "db": 0,
            "id": "filter112",
            "len": 9,
            "nsites": 9,
            "evalue": "1.0e+000",
            "pwm": [
              [0.0664396, 0.0818681, 0.281549, 0.570143], 
              [0.162686, 0.526778, 0.182469, 0.128067], 
              [0.424956, 0.185319, 0.00650549, 0.38322], 
              [0.078011, 0.393209, 0.00749451, 0.521286], 
              [0.442165, 0.00907692, 0.431088, 0.11767], 
              [0.154165, 0.0251978, 0.81156, 0.00907692], 
              [0.0324205, 0.435285, 0.0154079, 0.516887], 
              [0.344188, 0.2069, 0.26684, 0.182073], 
              [0.251187, 0.28956, 0.321901, 0.137352]
            ]
          }, {
            "db": 0,
            "id": "filter113",
            "len": 11,
            "nsites": 11,
            "evalue": "1.0e+000",
            "pwm": [
              [0.123165, 0.235059, 0.298886, 0.34289], 
              [0.0995578, 0.452514, 0.376215, 0.0717138], 
              [0.125234, 0.494874, 0.227108, 0.152784], 
              [0.054973, 0.462468, 0.435514, 0.047045], 
              [0.290036, 0.0443694, 0.494973, 0.170622], 
              [0.0126577, 0.148225, 0.836865, 0.00225225], 
              [0.342128, 0.00225225, 0.24294, 0.41268], 
              [0.856189, 0.0394144, 0.014045, 0.0903514], 
              [0.371334, 0.14715, 0.468758, 0.0127578], 
              [0.337241, 0.255773, 0.135455, 0.271531], 
              [0.116315, 0.275865, 0.380811, 0.227009]
            ]
          }, {
            "db": 0,
            "id": "filter114",
            "len": 10,
            "nsites": 10,
            "evalue": "1.0e+000",
            "pwm": [
              [0.171485, 0.378218, 0.210198, 0.240099], 
              [0.214455, 0.181782, 0.425743, 0.17802], 
              [0.326007, 0.382536, 0.149094, 0.142362], 
              [0.0945545, 0.453861, 0.447228, 0.00435644], 
              [0.42703, 0.0261386, 0.0788119, 0.46802], 
              [0.346965, 0.00306937, 0.0341616, 0.615804], 
              [0.0169307, 0.874653, 0.090396, 0.0180198], 
              [0.193861, 0.0752475, 0.302673, 0.428218], 
              [0.278317, 0.307525, 0.0684158, 0.345743], 
              [0.166452, 0.25755, 0.457075, 0.118923]
            ]
          }, {
            "db": 0,
            "id": "filter115",
            "len": 12,
            "nsites": 12,
            "evalue": "1.0e+000",
            "pwm": [
              [0.282699, 0.219135, 0.237976, 0.260189], 
              [0.253669, 0.247223, 0.299388, 0.199719], 
              [0.354231, 0.204579, 0.19238, 0.24881], 
              [0.0615702, 0.527587, 0.0575041, 0.353339], 
              [0.788512, 0.0028595, 0.147157, 0.0614711], 
              [0.386463, 0.0157521, 0.209934, 0.387851], 
              [0.274496, 0.00523967, 0.382, 0.338264], 
              [0.0037519, 0.516527, 0.477655, 0.00206612], 
              [0.0177371, 0.556303, 0.306956, 0.119003], 
              [0.554022, 0.219972, 0.0470954, 0.17891], 
              [0.132281, 0.272711, 0.292645, 0.302364], 
              [0.253273, 0.204975, 0.262496, 0.279256]
            ]
          }, {
            "db": 0,
            "id": "filter116",
            "len": 12,
            "nsites": 12,
            "evalue": "1.0e+000",
            "pwm": [
              [0.14805, 0.475124, 0.353438, 0.0233884], 
              [0.323884, 0.0464959, 0.361074, 0.268545], 
              [0.35506, 0.150643, 0.141716, 0.352581], 
              [0.0712893, 0.141603, 0.706298, 0.0808099], 
              [0.173835, 0.431488, 0.304942, 0.0897355], 
              [0.0784298, 0.116612, 0.603752, 0.201207], 
              [0.119587, 0.0854711, 0.153901, 0.641041], 
              [0.365574, 0.174645, 0.0246799, 0.435101], 
              [0.00216528, 0.599924, 0.169454, 0.228457], 
              [0.381306, 0.234132, 0.250198, 0.134364], 
              [0.451223, 0.240083, 0.064843, 0.243851], 
              [0.322099, 0.192083, 0.11205, 0.373769]
            ]
          }, {
            "db": 0,
            "id": "filter117",
            "len": 11,
            "nsites": 11,
            "evalue": "1.0e+000",
            "pwm": [
              [0.279333, 0.350784, 0.153477, 0.216405], 
              [0.161223, 0.21385, 0.468263, 0.156664], 
              [0.518063, 0.0504144, 0.088964, 0.342559], 
              [0.349233, 0.56975, 0.0747009, 0.00631572], 
              [0.354514, 0.0231601, 0.2799, 0.342425], 
              [0.0787568, 0.867685, 0.0448649, 0.00869369], 
              [0.463162, 0.0259369, 0.309459, 0.201441], 
              [0.00294595, 0.521631, 0.223045, 0.252378], 
              [0.0781698, 0.24725, 0.509492, 0.165088], 
              [0.189153, 0.168342, 0.167748, 0.474757], 
              [0.163288, 0.111261, 0.497351, 0.228099]
            ]
          }, {
            "db": 0,
            "id": "filter118",
            "len": 12,
            "nsites": 12,
            "evalue": "1.0e+000",
            "pwm": [
              [0.212017, 0.178793, 0.261107, 0.348083], 
              [0.369864, 0.258206, 0.339917, 0.0320135], 
              [0.0866612, 0.11195, 0.309702, 0.491686], 
              [0.669901, 0.126231, 0.155884, 0.0479835], 
              [0.0573058, 0.701041, 0.22362, 0.0180331], 
              [0.247719, 0.199818, 0.296612, 0.255851], 
              [0.00960331, 0.0154545, 0.816479, 0.158463], 
              [0.340778, 0.0494758, 0.0302342, 0.579512], 
              [0.814397, 0.0273554, 0.0445124, 0.113736], 
              [0.0270579, 0.124744, 0.692017, 0.156182], 
              [0.166611, 0.293666, 0.185556, 0.354167], 
              [0.0607827, 0.393742, 0.34048, 0.204995]
            ]
          }, {
            "db": 0,
            "id": "filter119",
            "len": 17,
            "nsites": 17,
            "evalue": "1.0e+000",
            "pwm": [
              [0.118374, 0.262924, 0.405684, 0.213018], 
              [0.150883, 0.343649, 0.286585, 0.218883], 
              [0.0983918, 0.363135, 0.405684, 0.132789], 
              [0.181602, 0.705421, 0.0915322, 0.0214444], 
              [0.19045, 0.285094, 0.0895439, 0.434912], 
              [0.0420234, 0.184883, 0.43014, 0.342953], 
              [0.675962, 0.0219436, 0.0952199, 0.206874], 
              [0.183988, 0.088848, 0.0966023, 0.630561], 
              [0.197528, 0.362077, 0.00792462, 0.43247], 
              [0.179018, 0.498538, 0.238667, 0.0837778], 
              [0.635433, 0.0655848, 0.244433, 0.0545497], 
              [0.201088, 0.0910351, 0.585427, 0.12245], 
              [0.192836, 0.316111, 0.161918, 0.329135], 
              [0.34007, 0.321877, 0.237175, 0.100877], 
              [0.744094, 0.0582281, 0.0932222, 0.104456], 
              [0.152076, 0.231409, 0.243737, 0.372778], 
              [0.342024, 0.108223, 0.340533, 0.209219]
            ]
          }, {
            "db": 0,
            "id": "filter12",
            "len": 13,
            "nsites": 13,
            "evalue": "1.0e+000",
            "pwm": [
              [0.194328, 0.193336, 0.449664, 0.162672], 
              [0.321617, 0.241442, 0.35972, 0.0772215], 
              [0.258534, 0.408481, 0.119107, 0.213878], 
              [0.124577, 0.510349, 0.357509, 0.00756545], 
              [0.419099, 0.10442, 0.0979695, 0.378511], 
              [0.00250382, 0.20584, 0.288702, 0.502954], 
              [0.472885, 0.448771, 0.0560916, 0.0222519], 
              [0.00220614, 0.501416, 0.170131, 0.326246], 
              [0.523496, 0.099855, 0.200679, 0.175969], 
              [0.115049, 0.113263, 0.26521, 0.506478], 
              [0.0264223, 0.079817, 0.819005, 0.0747554], 
              [0.332763, 0.228168, 0.252878, 0.186191], 
              [0.16555, 0.39945, 0.195023, 0.239977]
            ]
          }, {
            "db": 0,
            "id": "filter120",
            "len": 15,
            "nsites": 15,
            "evalue": "1.0e+000",
            "pwm": [
              [0.293907, 0.108642, 0.126921, 0.47053], 
              [0.155048, 0.268305, 0.238898, 0.337749], 
              [0.197947, 0.123344, 0.219007, 0.459702], 
              [0.0749596, 0.164752, 0.702314, 0.0579745], 
              [0.330066, 0.550397, 0.0950331, 0.0245033], 
              [0.0873841, 0.456921, 0.0111921, 0.444503], 
              [0.152053, 0.198444, 0.508079, 0.141424], 
              [0.30705, 0.0240089, 0.634302, 0.0346391], 
              [0.0290728, 0.263113, 0.327583, 0.380232], 
              [0.322815, 0.445397, 0.126722, 0.105066], 
              [0.540861, 0.118775, 0.224669, 0.115695], 
              [0.0136755, 0.00890728, 0.257649, 0.719768], 
              [0.0652254, 0.616395, 0.190279, 0.1281], 
              [0.166755, 0.181258, 0.141921, 0.510066], 
              [0.0996026, 0.306523, 0.0790397, 0.514834]
            ]
          }, {
            "db": 0,
            "id": "filter121",
            "len": 14,
            "nsites": 14,
            "evalue": "1.0e+000",
            "pwm": [
              [0.0805106, 0.294184, 0.143957, 0.481348], 
              [0.367957, 0.283163, 0.113177, 0.235702], 
              [0.256553, 0.274922, 0.349787, 0.118738], 
              [0.241163, 0.527915, 0.22895, 0.00197163], 
              [0.155888, 0.416354, 0.0797241, 0.348035], 
              [0.28617, 0.113983, 0.474444, 0.125402], 
              [0.285447, 0.00713475, 0.70366, 0.00375887], 
              [0.0154765, 0.01498, 0.518037, 0.451506], 
              [0.324997, 0.333338, 0.168598, 0.173067], 
              [0.335688, 0.215348, 0.174638, 0.274326], 
              [0.110011, 0.062843, 0.686551, 0.140595], 
              [0.209171, 0.282241, 0.235083, 0.273505], 
              [0.419986, 0.072766, 0.218028, 0.28922], 
              [0.23173, 0.286043, 0.240468, 0.241759]
            ]
          }, {
            "db": 0,
            "id": "filter122",
            "len": 14,
            "nsites": 14,
            "evalue": "1.0e+000",
            "pwm": [
              [0.157247, 0.23002, 0.463727, 0.149007], 
              [0.0526099, 0.462284, 0.133333, 0.351773], 
              [0.552539, 0.14366, 0.201844, 0.101957], 
              [0.642135, 0.00604213, 0.0430739, 0.308749], 
              [0.0993759, 0.0926241, 0.274823, 0.533177], 
              [0.466057, 0.431007, 0.0808085, 0.0221277], 
              [0.0193475, 0.168085, 0.00832624, 0.804241], 
              [0.0699858, 0.131645, 0.721631, 0.0767376], 
              [0.369384, 0.363625, 0.13563, 0.13136], 
              [0.174358, 0.317549, 0.0732696, 0.434823], 
              [0.616284, 0.0304681, 0.162028, 0.19122], 
              [0.182681, 0.346511, 0.354553, 0.116255], 
              [0.276312, 0.31156, 0.136113, 0.276014], 
              [0.409163, 0.10166, 0.351277, 0.137901]
            ]
          }, {
            "db": 0,
            "id": "filter123",
            "len": 9,
            "nsites": 9,
            "evalue": "1.0e+000",
            "pwm": [
              [0.275714, 0.197187, 0.300044, 0.227055], 
              [0.295198, 0.229626, 0.274231, 0.200945], 
              [0.219637, 0.51367, 0.066044, 0.200648], 
              [0.711006, 0.0687077, 0.0346891, 0.185597], 
              [0.223495, 0.0413187, 0.650747, 0.0844396], 
              [0.0466593, 0.836978, 0.0872088, 0.0291538], 
              [0.473813, 0.0538791, 0.192044, 0.280264], 
              [0.302714, 0.0112527, 0.503385, 0.182648], 
              [0.33911, 0.182648, 0.00472527, 0.473516]
            ]
          }, {
            "db": 0,
            "id": "filter124",
            "len": 12,
            "nsites": 12,
            "evalue": "1.0e+000",
            "pwm": [
              [0.276507, 0.171769, 0.321536, 0.230188], 
              [0.387455, 0.286992, 0.18524, 0.140314], 
              [0.49605, 0.0686116, 0.180777, 0.254562], 
              [0.0526446, 0.0320165, 0.014562, 0.900777], 
              [0.0176364, 0.78514, 0.024876, 0.172347], 
              [0.266364, 0.22005, 0.286298, 0.227289], 
              [0.215608, 0.474675, 0.287615, 0.0221012], 
              [0.592248, 0.0682149, 0.275587, 0.0639504], 
              [0.0779415, 0.0851819, 0.0805202, 0.756356], 
              [0.128612, 0.142793, 0.639157, 0.089438], 
              [0.283521, 0.165207, 0.204281, 0.346992], 
              [0.0810995, 0.316217, 0.213285, 0.389399]
            ]
          }, {
            "db": 0,
            "id": "filter125",
            "len": 11,
            "nsites": 11,
            "evalue": "1.0e+000",
            "pwm": [
              [0.411036, 0.185288, 0.198468, 0.205207], 
              [0.394387, 0.0870811, 0.120874, 0.397658], 
              [0.165468, 0.436604, 0.360396, 0.0375315], 
              [0.00235135, 0.523613, 0.393793, 0.0802432], 
              [0.575895, 0.0573569, 0.192542, 0.174206], 
              [0.106901, 0.875315, 0.00225225, 0.0155315], 
              [0.0460541, 0.0332703, 0.642036, 0.27864], 
              [0.140779, 0.310618, 0.336381, 0.212222], 
              [0.41912, 0.0123593, 0.537235, 0.0312854], 
              [0.230378, 0.310054, 0.396865, 0.0627027], 
              [0.220667, 0.206297, 0.177559, 0.395477]
            ]
          }, {
            "db": 0,
            "id": "filter126",
            "len": 14,
            "nsites": 14,
            "evalue": "1.0e+000",
            "pwm": [
              [0.0881647, 0.182004, 0.42112, 0.308712], 
              [0.106635, 0.320131, 0.278921, 0.294313], 
              [0.0554894, 0.347901, 0.517986, 0.0786241], 
              [0.0859801, 0.0216332, 0.545842, 0.346545], 
              [0.510837, 0.363291, 0.0865674, 0.039305], 
              [0.145348, 0.43478, 0.229943, 0.189929], 
              [0.272512, 0.265662, 0.00217017, 0.459656], 
              [0.553929, 0.0750496, 0.0469504, 0.324071], 
              [0.191716, 0.590468, 0.0876596, 0.130156], 
              [0.00604213, 0.182762, 0.475442, 0.335754], 
              [0.169161, 0.0673977, 0.0877503, 0.675691], 
              [0.300966, 0.0258038, 0.643454, 0.0297758], 
              [0.36154, 0.231952, 0.293717, 0.112791], 
              [0.355149, 0.193206, 0.118936, 0.332709]
            ]
          }, {
            "db": 0,
            "id": "filter127",
            "len": 12,
            "nsites": 12,
            "evalue": "1.0e+000",
            "pwm": [
              [0.162826, 0.232744, 0.133273, 0.471157], 
              [0.393008, 0.062562, 0.245636, 0.298793], 
              [0.108083, 0.29195, 0.410066, 0.189901], 
              [0.171851, 0.592645, 0.0157521, 0.219752], 
              [0.19954, 0.0320195, 0.0616754, 0.706765], 
              [0.00315702, 0.604347, 0.346298, 0.0461983], 
              [0.712843, 0.0560165, 0.0167438, 0.214397], 
              [0.179091, 0.0403471, 0.630033, 0.150529], 
              [0.0263661, 0.644477, 0.265398, 0.0637582], 
              [0.199124, 0.487322, 0.063157, 0.250397], 
              [0.24286, 0.0906281, 0.34114, 0.325372], 
              [0.404314, 0.204083, 0.17195, 0.219653]
            ]
          }, {
            "db": 0,
            "id": "filter128",
            "len": 12,
            "nsites": 12,
            "evalue": "1.0e+000",
            "pwm": [
              [0.296711, 0.315653, 0.0955868, 0.29205], 
              [0.304377, 0.312907, 0.191507, 0.191209], 
              [0.270006, 0.319687, 0.086256, 0.32405], 
              [0.18514, 0.0200165, 0.108876, 0.685967], 
              [0.236437, 0.317569, 0.0751643, 0.37083], 
              [0.0802149, 0.853967, 0.00930579, 0.0565124], 
              [0.482959, 0.372479, 0.0565124, 0.0880496], 
              [0.104215, 0.215289, 0.253273, 0.427223], 
              [0.01, 0.0504628, 0.839785, 0.0997521], 
              [0.135045, 0.0140649, 0.372343, 0.478547], 
              [0.14924, 0.0895372, 0.596612, 0.164612], 
              [0.220623, 0.241645, 0.228754, 0.308978]
            ]
          }, {
            "db": 0,
            "id": "filter129",
            "len": 13,
            "nsites": 13,
            "evalue": "1.0e+000",
            "pwm": [
              [0.171288, 0.338089, 0.138345, 0.352278], 
              [0.260718, 0.249702, 0.445496, 0.044084], 
              [0.184107, 0.0167939, 0.453038, 0.346061], 
              [0.0502318, 0.546564, 0.341958, 0.061246], 
              [0.0754354, 0.225962, 0.29046, 0.408143], 
              [0.360252, 0.112359, 0.360947, 0.166443], 
              [0.0746416, 0.17883, 0.141024, 0.605505], 
              [0.105313, 0.598718, 0.13955, 0.15642], 
              [0.882038, 0.0475573, 0.00637405, 0.0640305], 
              [0.0427939, 0.501763, 0.0326718, 0.422771], 
              [0.41747, 0.0967691, 0.324296, 0.161465], 
              [0.188672, 0.20058, 0.308649, 0.302099], 
              [0.252084, 0.169519, 0.440137, 0.13826]
            ]
          }, {
            "db": 0,
            "id": "filter13",
            "len": 12,
            "nsites": 12,
            "evalue": "1.0e+000",
            "pwm": [
              [0.0274571, 0.147072, 0.38055, 0.44492], 
              [0.0647375, 0.320481, 0.32296, 0.291822], 
              [0.208326, 0.00910673, 0.448302, 0.334264], 
              [0.215806, 0.646064, 0.00702529, 0.131104], 
              [0.207455, 0.110364, 0.585504, 0.0966777], 
              [0.464017, 0.0436198, 0.364149, 0.128215], 
              [0.230165, 0.0117851, 0.33043, 0.42762], 
              [0.391482, 0.266833, 0.131375, 0.21031], 
              [0.0208118, 0.569594, 0.0186298, 0.390965], 
              [0.134264, 0.0967769, 0.170661, 0.598298], 
              [0.117802, 0.166198, 0.319719, 0.396281], 
              [0.289967, 0.293934, 0.285405, 0.130694]
            ]
          }, {
            "db": 0,
            "id": "filter130",
            "len": 12,
            "nsites": 12,
            "evalue": "1.0e+000",
            "pwm": [
              [0.25771, 0.256421, 0.316613, 0.169256], 
              [0.345043, 0.190217, 0.140625, 0.324115], 
              [0.30514, 0.12524, 0.515488, 0.0541322], 
              [0.00206612, 0.442298, 0.0427273, 0.512909], 
              [0.212017, 0.429603, 0.309405, 0.0489752], 
              [0.584413, 0.107884, 0.292149, 0.0155537], 
              [0.182264, 0.101438, 0.368612, 0.347686], 
              [0.0085124, 0.384479, 0.0545289, 0.552479], 
              [0.0246799, 0.334827, 0.571776, 0.0687174], 
              [0.248735, 0.111069, 0.212236, 0.42796], 
              [0.15342, 0.366466, 0.034995, 0.445119], 
              [0.432919, 0.170182, 0.0757594, 0.321139]
            ]
          }, {
            "db": 0,
            "id": "filter131",
            "len": 16,
            "nsites": 16,
            "evalue": "1.0e+000",
            "pwm": [
              [0.279714, 0.215516, 0.18282, 0.32195], 
              [0.32046, 0.25954, 0.293528, 0.126472], 
              [0.360112, 0.137801, 0.193851, 0.308236], 
              [0.0571056, 0.136311, 0.775516, 0.0310683], 
              [0.302472, 0.249106, 0.143466, 0.304957], 
              [0.434093, 0.0166599, 0.521654, 0.0275927], 
              [0.544161, 0.278522, 0.0370311, 0.140286], 
              [0.269054, 0.32172, 0.0763776, 0.332849], 
              [0.232784, 0.28694, 0.0143714, 0.465904], 
              [0.132521, 0.448614, 0.24292, 0.175945], 
              [0.521602, 0.00781366, 0.370745, 0.0998385], 
              [0.324236, 0.370447, 0.0613789, 0.243938], 
              [0.0235155, 0.0594907, 0.154298, 0.762696], 
              [0.139988, 0.450745, 0.161155, 0.248112], 
              [0.251789, 0.432758, 0.142075, 0.173379], 
              [0.0847246, 0.35312, 0.303336, 0.258819]
            ]
          }, {
            "db": 0,
            "id": "filter132",
            "len": 12,
            "nsites": 12,
            "evalue": "1.0e+000",
            "pwm": [
              [0.207058, 0.503388, 0.115917, 0.173636], 
              [0.103025, 0.308116, 0.455884, 0.132975], 
              [0.370037, 0.242983, 0.120094, 0.266886], 
              [0.0217025, 0.732579, 0.129306, 0.116413], 
              [0.492876, 0.107587, 0.198628, 0.200909], 
              [0.0066281, 0.533835, 0.12524, 0.334298], 
              [0.352744, 0.00385124, 0.285008, 0.358397], 
              [0.286623, 0.0839917, 0.0880582, 0.541327], 
              [0.147667, 0.0628656, 0.737412, 0.0520546], 
              [0.0263636, 0.471455, 0.256545, 0.245636], 
              [0.241396, 0.0887525, 0.447598, 0.222253], 
              [0.199719, 0.376347, 0.159058, 0.264876]
            ]
          }, {
            "db": 0,
            "id": "filter133",
            "len": 9,
            "nsites": 9,
            "evalue": "1.0e+000",
            "pwm": [
              [0.205297, 0.373527, 0.192835, 0.228341], 
              [0.261571, 0.234374, 0.443747, 0.0603077], 
              [0.32833, 0.230615, 0.36967, 0.0713846], 
              [0.0217382, 0.0509169, 0.0418171, 0.885528], 
              [0.00482438, 0.227473, 0.760208, 0.00749498], 
              [0.70089, 0.00274725, 0.269088, 0.0272747], 
              [0.00571429, 0.419121, 0.335055, 0.24011], 
              [0.149319, 0.340692, 0.194615, 0.315374], 
              [0.225077, 0.178198, 0.341484, 0.255242]
            ]
          }, {
            "db": 0,
            "id": "filter134",
            "len": 12,
            "nsites": 12,
            "evalue": "1.0e+000",
            "pwm": [
              [0.320413, 0.197537, 0.101041, 0.381008], 
              [0.216479, 0.151917, 0.115025, 0.516579], 
              [0.303157, 0.343322, 0.349273, 0.00424793], 
              [0.722959, 0.118099, 0.00345455, 0.155488], 
              [0.0757521, 0.505074, 0.41681, 0.00236364], 
              [0.287488, 0.00266116, 0.297603, 0.412248], 
              [0.116005, 0.115212, 0.301243, 0.46754], 
              [0.202992, 0.441901, 0.265174, 0.0899339], 
              [0.0682149, 0.141802, 0.0887438, 0.70124], 
              [0.164429, 0.251215, 0.303981, 0.280375], 
              [0.0485785, 0.332215, 0.386562, 0.232645], 
              [0.274821, 0.292277, 0.284739, 0.148163]
            ]
          }, {
            "db": 0,
            "id": "filter135",
            "len": 9,
            "nsites": 9,
            "evalue": "1.0e+000",
            "pwm": [
              [0.254747, 0.305582, 0.254451, 0.18522], 
              [0.219659, 0.388599, 0.131035, 0.260707], 
              [0.0833516, 0.0800879, 0.369571, 0.466989], 
              [0.119549, 0.0138242, 0.539088, 0.327538], 
              [0.055956, 0.0592198, 0.854385, 0.0304396], 
              [0.00818627, 0.905921, 0.0815635, 0.00432951], 
              [0.407648, 0.159308, 0.195011, 0.238033], 
              [0.263154, 0.0540769, 0.288868, 0.393901], 
              [0.411069, 0.109748, 0.210023, 0.26916]
            ]
          }, {
            "db": 0,
