<!DOCTYPE HTML>
<html>
  <head>
    <meta charset="UTF-8">
    <title>Tomtom Results</title>
    <script>
      // @JSON_VAR data
      var data = {
        "program": "Tomtom",
        "version": "5.3.3",
        "release": "Sun Feb 7 15:39:52 2021 -0800",
        "cmd": [
          "tomtom", "-evalue", "-thresh", "0.1", "-o",
          "results/heads/model-04/trial-1",
          "motifs/heads/model-04/trial-1.txt", "./motif_database.txt"
        ],
        "options": {
          "strands": "both",
          "distance_measure": "ed",
          "threshold_type": "evalue",
          "threshold_value": 0.1,
          "background_source": "--query--"
        },
        "alphabet": {
          "name": "DNA",
          "like": "dna",
          "ncore": 4,
          "symbols": [
            {
              "symbol": "A",
              "name": "Adenine",
              "colour": "CC0000",
              "complement": "T"
            }, {
              "symbol": "C",
              "name": "Cytosine",
              "colour": "0000CC",
              "complement": "G"
            }, {
              "symbol": "G",
              "name": "Guanine",
              "colour": "FFB300",
              "complement": "C"
            }, {
              "symbol": "T",
              "aliases": "U",
              "name": "Thymine",
              "colour": "008000",
              "complement": "A"
            }, {
              "symbol": "N",
              "aliases": "X.",
              "name": "Any base",
              "equals": "ACGT"
            }, {
              "symbol": "V",
              "name": "Not T",
              "equals": "ACG"
            }, {
              "symbol": "H",
              "name": "Not G",
              "equals": "ACT"
            }, {
              "symbol": "D",
              "name": "Not C",
              "equals": "AGT"
            }, {
              "symbol": "B",
              "name": "Not A",
              "equals": "CGT"
            }, {
              "symbol": "M",
              "name": "Amino",
              "equals": "AC"
            }, {
              "symbol": "R",
              "name": "Purine",
              "equals": "AG"
            }, {
              "symbol": "W",
              "name": "Weak",
              "equals": "AT"
            }, {
              "symbol": "S",
              "name": "Strong",
              "equals": "CG"
            }, {
              "symbol": "Y",
              "name": "Pyrimidine",
              "equals": "CT"
            }, {
              "symbol": "K",
              "name": "Keto",
              "equals": "GT"
            }
          ]
        },
        "background": [0.25, 0.25, 0.25, 0.25],
        "query_dbs": [
          {
            "source": "motifs/heads/model-04/trial-1.txt",
            "name": "trial-1.txt",
            "loaded": 32,
            "excluded": 0,
            "last_modified": "Tue Mar 30 15:52:48 2021"
          }
        ],
        "target_dbs": [
          {
            "source": "./motif_database.txt",
            "name": "motif_database.txt",
            "loaded": 1964,
            "excluded": 0,
            "last_modified": "Mon Mar 29 09:53:08 2021"
          }
        ],
        "queries": [
          {
            "db": 0,
            "id": "filter0",
            "len": 10,
            "nsites": 10,
            "evalue": "1.0e+000",
            "pwm": [
              [0.19396, 0.218119, 0.347426, 0.240495], 
              [0.110198, 0.520099, 0.148416, 0.221287], 
              [0.508812, 0.0962376, 0.231089, 0.163861], 
              [0.148713, 0.0140594, 0.0252475, 0.81198], 
              [0.0167327, 0.151683, 0.00544554, 0.826139], 
              [0.388416, 0.00247525, 0.331584, 0.277525], 
              [0.367983, 0.570438, 0.0290072, 0.0325712], 
              [0.487624, 0.00564356, 0.243564, 0.263168], 
              [0.0634653, 0.290792, 0.126436, 0.519307], 
              [0.492277, 0.262772, 0.00277228, 0.242178]
            ]
          }, {
            "db": 0,
            "id": "filter1",
            "len": 11,
            "nsites": 11,
            "evalue": "1.0e+000",
            "pwm": [
              [0.104523, 0.227306, 0.236225, 0.431946], 
              [0.243955, 0.283892, 0.0143423, 0.457811], 
              [0.326108, 0.0881712, 0.24009, 0.345631], 
              [0.0267322, 0.96579, 0.00522552, 0.00225225], 
              [0.168739, 0.594468, 0.00225225, 0.234541], 
              [0.135455, 0.0444727, 0.312959, 0.507114], 
              [0.0286126, 0.00225225, 0.94082, 0.0283153], 
              [0.286638, 0.0583367, 0.497797, 0.157228], 
              [0.513754, 0.347944, 0.00651394, 0.131788], 
              [0.414248, 0.128121, 0.24616, 0.211471], 
              [0.271901, 0.176568, 0.283991, 0.267541]
            ]
          }, {
            "db": 0,
            "id": "filter10",
            "len": 12,
            "nsites": 12,
            "evalue": "1.0e+000",
            "pwm": [
              [0.273306, 0.203488, 0.201504, 0.321702], 
              [0.29076, 0.139818, 0.277174, 0.292248], 
              [0.19476, 0.133372, 0.394397, 0.277471], 
              [0.418099, 0.00980165, 0.522926, 0.0491736], 
              [0.483752, 0.104612, 0.345405, 0.0662314], 
              [0.778298, 0.115124, 0.0769421, 0.0296364], 
              [0.218364, 0.392017, 0.00206612, 0.387554], 
              [0.00206612, 0.176711, 0.608909, 0.212314], 
              [0.0821983, 0.342132, 0.00206612, 0.573603], 
              [0.453504, 0.168777, 0.345603, 0.0321157], 
              [0.339851, 0.282727, 0.157967, 0.219455], 
              [0.260512, 0.270033, 0.180479, 0.288975]
            ]
          }, {
            "db": 0,
            "id": "filter11",
            "len": 14,
            "nsites": 14,
            "evalue": "1.0e+000",
            "pwm": [
              [0.17027, 0.383943, 0.245035, 0.200752], 
              [0.237612, 0.378719, 0.186075, 0.197594], 
              [0.435618, 0.136524, 0.326089, 0.101769], 
              [0.0449689, 0.589335, 0.0722766, 0.293419], 
              [0.00177305, 0.00177305, 0.00177305, 0.994681], 
              [0.00177305, 0.00177305, 0.00594326, 0.990511], 
              [0.111291, 0.885163, 0.00177305, 0.00177305], 
              [0.00286525, 0.813574, 0.00177305, 0.181787], 
              [0.222894, 0.118638, 0.536652, 0.121816], 
              [0.205021, 0.0807092, 0.67983, 0.0344397], 
              [0.0186508, 0.055484, 0.659807, 0.266059], 
              [0.756681, 0.0828936, 0.088156, 0.0722695], 
              [0.846241, 0.0586667, 0.0112057, 0.0838865], 
              [0.474496, 0.16183, 0.214454, 0.14922]
            ]
          }, {
            "db": 0,
            "id": "filter12",
            "len": 14,
            "nsites": 14,
            "evalue": "1.0e+000",
            "pwm": [
              [0.25566, 0.349489, 0.281376, 0.113475], 
              [0.350085, 0.207901, 0.17861, 0.263404], 
              [0.359617, 0.233021, 0.291504, 0.115858], 
              [0.176823, 0.696014, 0.0865674, 0.0405957], 
              [0.231135, 0.606355, 0.0257021, 0.136809], 
              [0.292666, 0.0585617, 0.519126, 0.129647], 
              [0.471915, 0.21505, 0.253277, 0.0597589], 
              [0.0471489, 0.0441702, 0.106922, 0.801759], 
              [0.0251064, 0.709716, 0.0429787, 0.222199], 
              [0.56634, 0.00415603, 0.369149, 0.0603546], 
              [0.00415579, 0.057966, 0.91337, 0.0245084], 
              [0.0239149, 0.853092, 0.0184539, 0.104539], 
              [0.698993, 0.167291, 0.0495319, 0.0841844], 
              [0.311262, 0.228156, 0.220411, 0.24017]
            ]
          }, {
            "db": 0,
            "id": "filter13",
            "len": 11,
            "nsites": 11,
            "evalue": "1.0e+000",
            "pwm": [
              [0.25773, 0.376351, 0.23345, 0.132468], 
              [0.172703, 0.124243, 0.24673, 0.456324], 
              [0.143468, 0.102144, 0.193216, 0.561171], 
              [0.0325735, 0.567259, 0.396231, 0.00393677], 
              [0.0469459, 0.945279, 0.00225225, 0.00552252], 
              [0.00552285, 0.00225225, 0.974016, 0.0182088], 
              [0.00225225, 0.275369, 0.667703, 0.0546757], 
              [0.900496, 0.0398071, 0.0215746, 0.0381225], 
              [0.739946, 0.0552703, 0.104324, 0.100459], 
              [0.0607207, 0.134153, 0.642829, 0.162297], 
              [0.113739, 0.280919, 0.10155, 0.503793]
            ]
          }, {
            "db": 0,
            "id": "filter14",
            "len": 14,
            "nsites": 14,
            "evalue": "1.0e+000",
            "pwm": [
              [0.149121, 0.15627, 0.400227, 0.294383], 
              [0.151206, 0.396355, 0.249206, 0.203234], 
              [0.329333, 0.272539, 0.348496, 0.0496312], 
              [0.372686, 0.00177305, 0.5502, 0.0753402], 
              [0.267475, 0.651532, 0.0792199, 0.00177305], 
              [0.0514184, 0.656596, 0.290213, 0.00177305], 
              [0.976709, 0.00177305, 0.0197447, 0.00177305], 
              [0.28661, 0.0188494, 0.00207089, 0.69247], 
              [0.00236879, 0.259433, 0.383447, 0.354752], 
              [0.0101135, 0.383149, 0.312355, 0.294383], 
              [0.11417, 0.611518, 0.00177305, 0.272539], 
              [0.127574, 0.366071, 0.369745, 0.13661], 
              [0.305106, 0.138397, 0.39, 0.166496], 
              [0.236695, 0.378383, 0.155376, 0.229546]
            ]
          }, {
            "db": 0,
            "id": "filter15",
            "len": 12,
            "nsites": 12,
            "evalue": "1.0e+000",
            "pwm": [
              [0.157487, 0.526548, 0.168694, 0.147271], 
              [0.269366, 0.503339, 0.219377, 0.00791794], 
              [0.394198, 0.0854711, 0.0796198, 0.440711], 
              [0.00464437, 0.312349, 0.0048427, 0.678164], 
              [0.549658, 0.0128771, 0.427762, 0.00970324], 
              [0.00345455, 0.564975, 0.0175372, 0.414033], 
              [0.251289, 0.00345455, 0.742198, 0.00305785], 
              [0.143176, 0.314927, 0.00206612, 0.539831], 
              [0.382595, 0.0319174, 0.567752, 0.0177355], 
              [0.489802, 0.0568099, 0.399851, 0.0535372], 
              [0.0564187, 0.24209, 0.188333, 0.513159], 
              [0.253868, 0.394, 0.158661, 0.193471]
            ]
          }, {
            "db": 0,
            "id": "filter16",
            "len": 13,
            "nsites": 13,
            "evalue": "1.0e+000",
            "pwm": [
              [0.236107, 0.167733, 0.351519, 0.244641], 
              [0.22271, 0.188969, 0.391115, 0.197206], 
              [0.235015, 0.175573, 0.430908, 0.158504], 
              [0.116924, 0.10571, 0.645656, 0.13171], 
              [0.0100458, 0.251786, 0.631565, 0.106603], 
              [0.35013, 0.196115, 0.363824, 0.0899313], 
              [0.028705, 0.209234, 0.760152, 0.0019084], 
              [0.00776394, 0.471642, 0.46142, 0.0591737], 
              [0.214551, 0.0402099, 0.496057, 0.249181], 
              [0.070871, 0.361605, 0.565417, 0.00210685], 
              [0.204947, 0.346756, 0.428824, 0.0194733], 
              [0.169618, 0.226779, 0.469412, 0.134191], 
              [0.274115, 0.291382, 0.331275, 0.103229]
            ]
          }, {
            "db": 0,
            "id": "filter17",
            "len": 15,
            "nsites": 15,
            "evalue": "1.0e+000",
            "pwm": [
              [0.273715, 0.34086, 0.138033, 0.247393], 
              [0.218311, 0.132483, 0.151159, 0.498046], 
              [0.0979139, 0.10894, 0.635033, 0.158113], 
              [0.113808, 0.754139, 0.0272848, 0.104768], 
              [0.0798423, 0.368547, 0.0632512, 0.48836], 
              [0.380293, 0.0051321, 0.184419, 0.430156], 
              [0.399007, 0.00374172, 0.0431788, 0.554073], 
              [0.0965232, 0.516026, 0.330464, 0.0569868], 
              [0.279205, 0.275828, 0.0168543, 0.428113], 
              [0.128311, 0.306921, 0.0951325, 0.469636], 
              [0.247417, 0.00860927, 0.730596, 0.0133775], 
              [0.0231126, 0.00652318, 0.885662, 0.084702], 
              [0.490397, 0.439834, 0.0438742, 0.025894], 
              [0.77351, 0.0674172, 0.0993046, 0.0597682], 
              [0.406615, 0.136642, 0.293779, 0.162964]
            ]
          }, {
            "db": 0,
            "id": "filter18",
            "len": 13,
            "nsites": 13,
            "evalue": "1.0e+000",
            "pwm": [
              [0.202962, 0.223504, 0.212092, 0.361443], 
              [0.199568, 0.18131, 0.418065, 0.201056], 
              [0.335608, 0.366368, 0.248189, 0.0498349], 
              [0.0498397, 0.0163969, 0.0121298, 0.921634], 
              [0.0296947, 0.0166947, 0.882534, 0.0710763], 
              [0.912206, 0.0121298, 0.0281069, 0.0475573], 
              [0.0699779, 0.430568, 0.442773, 0.0566815], 
              [0.0482519, 0.0448779, 0.0334656, 0.873405], 
              [0.0638383, 0.872698, 0.0178871, 0.0455769], 
              [0.914794, 0.0114342, 0.0133195, 0.0604522], 
              [0.043687, 0.267962, 0.381985, 0.306366], 
              [0.197623, 0.412392, 0.180552, 0.209433], 
              [0.327206, 0.202962, 0.225786, 0.244046]
            ]
          }, {
            "db": 0,
            "id": "filter19",
            "len": 10,
            "nsites": 10,
            "evalue": "1.0e+000",
            "pwm": [
              [0.188892, 0.234036, 0.364419, 0.212652], 
              [0.0930693, 0.501089, 0.158218, 0.247624], 
              [0.242748, 0.0603902, 0.326007, 0.370854], 
              [0.00831683, 0.670792, 0.276832, 0.0440594], 
              [0.202871, 0.0168317, 0.00920792, 0.771089], 
              [0.516982, 0.184672, 0.181701, 0.116645], 
              [0.00326733, 0.918911, 0.070396, 0.00742574], 
              [0.154273, 0.412219, 0.2929, 0.140608], 
              [0.101584, 0.477624, 0.272277, 0.148515], 
              [0.363501, 0.253788, 0.221507, 0.161204]
            ]
          }, {
            "db": 0,
            "id": "filter2",
            "len": 10,
            "nsites": 10,
            "evalue": "1.0e+000",
            "pwm": [
              [0.303594, 0.369938, 0.156154, 0.170314], 
              [0.410198, 0.0262376, 0.292574, 0.27099], 
              [0.162459, 0.473814, 0.354123, 0.00960325], 
              [0.909307, 0.00990099, 0.0771287, 0.00366337], 
              [0.108614, 0.595248, 0.119406, 0.176733], 
              [0.00316832, 0.099604, 0.619703, 0.277525], 
              [0.00287133, 0.156352, 0.00247525, 0.838301], 
              [0.199901, 0.30198, 0.440099, 0.0580198], 
              [0.279576, 0.381744, 0.134046, 0.204633], 
              [0.181584, 0.216535, 0.297723, 0.304158]
            ]
          }, {
            "db": 0,
            "id": "filter20",
            "len": 10,
            "nsites": 10,
            "evalue": "1.0e+000",
            "pwm": [
              [0.235248, 0.176139, 0.481089, 0.107525], 
              [0.299079, 0.0933572, 0.388773, 0.21879], 
              [0.433026, 0.429957, 0.0914762, 0.0455402], 
              [0.00277231, 0.750966, 0.240618, 0.00564388], 
              [0.102663, 0.383823, 0.195525, 0.317988], 
              [0.307395, 0.0598952, 0.299871, 0.332838], 
              [0.0029703, 0.122178, 0.434851, 0.44], 
              [0.324653, 0.21802, 0.175248, 0.282079], 
              [0.00247525, 0.48604, 0.14099, 0.370495], 
              [0.31495, 0.222178, 0.247822, 0.21505]
            ]
          }, {
            "db": 0,
            "id": "filter21",
            "len": 11,
            "nsites": 11,
            "evalue": "1.0e+000",
            "pwm": [
              [0.219004, 0.234266, 0.230005, 0.316725], 
              [0.0827207, 0.221559, 0.131676, 0.564045], 
              [0.286468, 0.173793, 0.251685, 0.288054], 
              [0.814189, 0.110854, 0.0727047, 0.00225225], 
              [0.662351, 0.194108, 0.0331712, 0.110369], 
              [0.313622, 0.203027, 0.480207, 0.00314414], 
              [0.00354054, 0.210559, 0.151, 0.634901], 
              [0.0532832, 0.055265, 0.132059, 0.759393], 
              [0.00235135, 0.379324, 0.270216, 0.348108], 
              [0.37318, 0.262387, 0.122757, 0.241676], 
              [0.35673, 0.248514, 0.176568, 0.218189]
            ]
          }, {
            "db": 0,
            "id": "filter22",
            "len": 14,
            "nsites": 14,
            "evalue": "1.0e+000",
            "pwm": [
              [0.314043, 0.25278, 0.266085, 0.167092], 
              [0.133929, 0.133135, 0.342837, 0.390099], 
              [0.0815035, 0.548766, 0.0829929, 0.286738], 
              [0.0689862, 0.0232177, 0.196661, 0.711135], 
              [0.897882, 0.0283803, 0.0520092, 0.0217285], 
              [0.116167, 0.122821, 0.150128, 0.610884], 
              [0.139787, 0.00326241, 0.0593617, 0.797589], 
              [0.32139, 0.336184, 0.00177305, 0.340652], 
              [0.325891, 0.53184, 0.0091213, 0.133148], 
              [0.00246809, 0.0977872, 0.00842553, 0.891319], 
              [0.86183, 0.0217305, 0.0918298, 0.0246099], 
              [0.0623344, 0.00693565, 0.903839, 0.0268911], 
              [0.500858, 0.291135, 0.151618, 0.0563884], 
              [0.415179, 0.180379, 0.245408, 0.159034]
            ]
          }, {
            "db": 0,
            "id": "filter23",
            "len": 12,
            "nsites": 12,
            "evalue": "1.0e+000",
            "pwm": [
              [0.295719, 0.268347, 0.184843, 0.251091], 
              [0.343719, 0.0519504, 0.429901, 0.17443], 
              [0.211223, 0.378529, 0.299884, 0.110364], 
              [0.344478, 0.634532, 0.0189239, 0.00206612], 
              [0.934694, 0.00523967, 0.00940496, 0.0506612], 
              [0.0617686, 0.298992, 0.431785, 0.207455], 
              [0.384975, 0.169868, 0.389835, 0.0553223], 
              [0.00504132, 0.0066281, 0.00871074, 0.97962], 
              [0.00206612, 0.00752121, 0.586951, 0.403462], 
              [0.173636, 0.206562, 0.482463, 0.137339], 
              [0.197835, 0.48643, 0.0559174, 0.259818], 
              [0.195157, 0.186926, 0.289074, 0.328843]
            ]
          }, {
            "db": 0,
            "id": "filter24",
            "len": 14,
            "nsites": 14,
            "evalue": "1.0e+000",
            "pwm": [
              [0.196879, 0.279191, 0.266681, 0.257248], 
              [0.279219, 0.301562, 0.251117, 0.168102], 
              [0.436071, 0.0725674, 0.250099, 0.241262], 
              [0.180596, 0.630879, 0.147135, 0.0413901], 
              [0.192113, 0.676255, 0.00177305, 0.129858], 
              [0.990908, 0.00177305, 0.0055461, 0.00177305], 
              [0.50617, 0.348, 0.00852482, 0.137305], 
              [0.23076, 0.0440752, 0.289745, 0.435419], 
              [0.00276606, 0.0152779, 0.00246815, 0.979488], 
              [0.208397, 0.00177305, 0.657986, 0.131844], 
              [0.117955, 0.122026, 0.659342, 0.100677], 
              [0.241262, 0.22905, 0.122411, 0.407277], 
              [0.159959, 0.194516, 0.333437, 0.312088], 
              [0.266012, 0.247046, 0.259558, 0.227384]
            ]
          }, {
            "db": 0,
            "id": "filter25",
            "len": 13,
            "nsites": 13,
            "evalue": "1.0e+000",
            "pwm": [
              [0.16813, 0.252282, 0.370275, 0.209313], 
              [0.305672, 0.232832, 0.321351, 0.140145], 
              [0.33971, 0.166344, 0.40987, 0.0840763], 
              [0.0019084, 0.389031, 0.00448855, 0.604573], 
              [0.0019084, 0.479784, 0.51114, 0.00716741], 
              [0.993481, 0.00270229, 0.0019084, 0.0019084], 
              [0.310168, 0.195439, 0.193951, 0.300442], 
              [0.00230534, 0.0019084, 0.00230534, 0.993481], 
              [0.0164962, 0.427435, 0.55416, 0.0019084], 
              [0.549992, 0.00230534, 0.445794, 0.0019084], 
              [0.0986641, 0.341496, 0.198099, 0.36174], 
              [0.120385, 0.269424, 0.315763, 0.294429], 
              [0.215962, 0.312817, 0.280962, 0.19026]
            ]
          }, {
            "db": 0,
            "id": "filter26",
            "len": 9,
            "nsites": 9,
            "evalue": "1.0e+000",
            "pwm": [
              [0.379857, 0.336341, 0.131121, 0.152681], 
              [0.341978, 0.193923, 0.179286, 0.284813], 
              [0.214593, 0.441967, 0.0604066, 0.283033], 
              [0.00274725, 0.0667363, 0.927769, 0.00274725], 
              [0.432713, 0.00808845, 0.00472547, 0.554473], 
              [0.00284615, 0.985429, 0.00897802, 0.00274725], 
              [0.303308, 0.00789011, 0.347813, 0.340989], 
              [0.341187, 0.0907692, 0.138341, 0.429703], 
              [0.110066, 0.175248, 0.372378, 0.342309]
            ]
          }, {
            "db": 0,
            "id": "filter27",
            "len": 17,
            "nsites": 17,
            "evalue": "1.0e+000",
            "pwm": [
              [0.421789, 0.10883, 0.165298, 0.304082], 
              [0.418053, 0.13161, 0.12455, 0.325787], 
              [0.259617, 0.205939, 0.208126, 0.326318], 
              [0.128912, 0.126725, 0.0513684, 0.692994], 
              [0.087655, 0.0416257, 0.767854, 0.102865], 
              [0.125135, 0.773222, 0.038345, 0.0632982], 
              [0.0328772, 0.0909357, 0.0286023, 0.847585], 
              [0.330692, 0.139735, 0.516679, 0.0128936], 
              [0.637123, 0.0438129, 0.0231345, 0.29593], 
              [0.0427234, 0.666417, 0.142447, 0.148412], 
              [0.455392, 0.178322, 0.225444, 0.140842], 
              [0.282381, 0.0394348, 0.220054, 0.45813], 
              [0.0394386, 0.421789, 0.20755, 0.331222], 
              [0.703304, 0.0291022, 0.118585, 0.149009], 
              [0.178304, 0.0697534, 0.397393, 0.354549], 
              [0.223279, 0.314949, 0.0995946, 0.362176], 
              [0.311109, 0.151166, 0.159318, 0.378407]
            ]
          }, {
            "db": 0,
            "id": "filter28",
            "len": 15,
            "nsites": 15,
            "evalue": "1.0e+000",
            "pwm": [
              [0.20043, 0.156026, 0.121358, 0.522185], 
              [0.125244, 0.161208, 0.515681, 0.197867], 
              [0.277616, 0.227947, 0.186026, 0.308411], 
              [0.00294702, 0.966921, 0.00165563, 0.0284768], 
              [0.00165563, 0.559536, 0.00165563, 0.437152], 
              [0.919834, 0.00294702, 0.00165563, 0.0755629], 
              [0.111523, 0.00165563, 0.00364238, 0.883179], 
              [0.747806, 0.0226138, 0.00165563, 0.227924], 
              [0.20957, 0.00165563, 0.00692053, 0.781854], 
              [0.844636, 0.00165563, 0.00165563, 0.152053], 
              [0.0794449, 0.00294715, 0.00165563, 0.915952], 
              [0.439183, 0.00423867, 0.554923, 0.00165563], 
              [0.0160596, 0.00165563, 0.978642, 0.00364238], 
              [0.25996, 0.212273, 0.240984, 0.286783], 
              [0.244263, 0.486969, 0.1625, 0.106269]
            ]
          }, {
            "db": 0,
            "id": "filter29",
            "len": 14,
            "nsites": 14,
            "evalue": "1.0e+000",
            "pwm": [
              [0.235305, 0.264695, 0.232326, 0.267674], 
              [0.228278, 0.252507, 0.2677, 0.251514], 
              [0.270725, 0.23131, 0.24243, 0.255535], 
              [0.511333, 0.106922, 0.375901, 0.00584397], 
              [0.00177305, 0.00177305, 0.00177305, 0.994681], 
              [0.00177305, 0.00177305, 0.0948085, 0.901645], 
              [0.272765, 0.00177305, 0.5943, 0.131162], 
              [0.0109078, 0.87434, 0.00375887, 0.110993], 
              [0.100855, 0.0159702, 0.871275, 0.0118997], 
              [0.100865, 0.673177, 0.00177305, 0.224184], 
              [0.938085, 0.0583688, 0.00177305, 0.00177305], 
              [0.994681, 0.00177305, 0.00177305, 0.00177305], 
              [0.00375887, 0.351574, 0.126184, 0.518482], 
              [0.266681, 0.251489, 0.287929, 0.193901]
            ]
          }, {
            "db": 0,
            "id": "filter3",
            "len": 12,
            "nsites": 12,
            "evalue": "1.0e+000",
            "pwm": [
              [0.264307, 0.161256, 0.191804, 0.382633], 
              [0.257934, 0.323686, 0.184942, 0.233438], 
              [0.161057, 0.131104, 0.1437, 0.564139], 
              [0.614959, 0.00206612, 0.38081, 0.00216529], 
              [0.241273, 0.483455, 0.154298, 0.120975], 
              [0.440909, 0.334198, 0.106397, 0.118496], 
              [0.0107943, 0.00206612, 0.942325, 0.0448142], 
              [0.24338, 0.360912, 0.0147616, 0.380947], 
              [0.00256203, 0.214021, 0.0223987, 0.761018], 
              [0.606826, 0.128711, 0.11681, 0.147653], 
              [0.165603, 0.247025, 0.219653, 0.367719], 
              [0.274099, 0.271917, 0.158364, 0.29562]
            ]
          }, {
            "db": 0,
            "id": "filter30",
            "len": 14,
            "nsites": 14,
            "evalue": "1.0e+000",
            "pwm": [
              [0.122423, 0.433334, 0.135928, 0.308314], 
              [0.180713, 0.175152, 0.255288, 0.388847], 
              [0.200454, 0.420085, 0.192709, 0.186752], 
              [0.0221277, 0.0147801, 0.327645, 0.635447], 
              [0.320199, 0.311262, 0.263007, 0.105532], 
              [0.786567, 0.0138865, 0.0302695, 0.169277], 
              [0.423518, 0.0656106, 0.289787, 0.221084], 
              [0.54539, 0.0716738, 0.147929, 0.235007], 
              [0.665598, 0.0379185, 0.123814, 0.17267], 
              [0.119024, 0.244217, 0.00703493, 0.629724], 
              [0.475191, 0.0657163, 0.157064, 0.302028], 
              [0.200057, 0.417801, 0.292794, 0.0893475], 
              [0.214929, 0.640745, 0.026494, 0.117832], 
              [0.147135, 0.30034, 0.178511, 0.374014]
            ]
          }, {
            "db": 0,
            "id": "filter31",
            "len": 14,
            "nsites": 14,
            "evalue": "1.0e+000",
            "pwm": [
              [0.189929, 0.170965, 0.159447, 0.47966], 
              [0.12647, 0.127065, 0.26864, 0.477825], 
              [0.170584, 0.171379, 0.581987, 0.07605], 
              [0.0341418, 0.832837, 0.116255, 0.016766], 
              [0.0868652, 0.452057, 0.129461, 0.331617], 
              [0.349589, 0.28227, 0.310865, 0.0572766], 
              [0.681418, 0.00177305, 0.0769362, 0.239872], 
              [0.731163, 0.0106099, 0.00753191, 0.250695], 
              [0.114071, 0.118638, 0.00495035, 0.76234], 
              [0.274624, 0.0976879, 0.301433, 0.326255], 
              [0.0943028, 0.013786, 0.341413, 0.550498], 
              [0.196204, 0.207524, 0.505426, 0.0908458], 
              [0.0637305, 0.191915, 0.56634, 0.178014], 
              [0.230142, 0.222496, 0.348596, 0.198766]
            ]
          }, {
            "db": 0,
            "id": "filter4",
            "len": 12,
            "nsites": 12,
            "evalue": "1.0e+000",
            "pwm": [
              [0.19605, 0.222628, 0.277967, 0.303355], 
              [0.300975, 0.178, 0.400645, 0.12038], 
              [0.41443, 0.121669, 0.206066, 0.257835], 
              [0.00395041, 0.514099, 0.0995537, 0.382397], 
              [0.0275537, 0.274298, 0.00732231, 0.690826], 
              [0.480281, 0.019124, 0.491388, 0.00920661], 
              [0.686097, 0.0164448, 0.295095, 0.00236361], 
              [0.00206612, 0.195336, 0.0310219, 0.771576], 
              [0.00771901, 0.546331, 0.142298, 0.303653], 
              [0.470014, 0.138443, 0.335422, 0.0561211], 
              [0.395983, 0.0890413, 0.455785, 0.0591901], 
              [0.259098, 0.239761, 0.0999406, 0.4012]
            ]
          }, {
            "db": 0,
            "id": "filter5",
            "len": 14,
            "nsites": 14,
            "evalue": "1.0e+000",
            "pwm": [
              [0.157064, 0.225376, 0.340652, 0.276908], 
              [0.244663, 0.338105, 0.244067, 0.173166], 
              [0.362596, 0.262113, 0.247915, 0.127376], 
              [0.0494326, 0.923191, 0.0191489, 0.00822695], 
              [0.536553, 0.00177305, 0.0848794, 0.376794], 
              [0.237589, 0.00177305, 0.300142, 0.460496], 
              [0.00306383, 0.99339, 0.00177305, 0.00177305], 
              [0.00365957, 0.448979, 0.0101135, 0.537248], 
              [0.198965, 0.00177305, 0.769787, 0.0294752], 
              [0.195688, 0.054, 0.159645, 0.590667], 
              [0.323939, 0.35422, 0.106812, 0.215028], 
              [0.00306396, 0.122225, 0.619721, 0.25499], 
              [0.0939149, 0.200851, 0.265986, 0.439248], 
              [0.210561, 0.274299, 0.318777, 0.196364]
            ]
          }, {
            "db": 0,
            "id": "filter6",
            "len": 12,
            "nsites": 12,
            "evalue": "1.0e+000",
            "pwm": [
              [0.201901, 0.164314, 0.407686, 0.226099], 
              [0.280121, 0.38811, 0.145159, 0.18661], 
              [0.129293, 0.432139, 0.198013, 0.240555], 
              [0.0682149, 0.668711, 0.14805, 0.115025], 
              [0.331917, 0.00276033, 0.573504, 0.0918182], 
              [0.0726777, 0.244942, 0.168479, 0.513901], 
              [0.273306, 0.00206612, 0.721769, 0.0028595], 
              [0.0230888, 0.532592, 0.00533852, 0.438981], 
              [0.718127, 0.0156515, 0.0203122, 0.245909], 
              [0.296909, 0.31605, 0.0281488, 0.358893], 
              [0.0388595, 0.517669, 0.310992, 0.132479], 
              [0.0955868, 0.294231, 0.39519, 0.214992]
            ]
          }, {
            "db": 0,
            "id": "filter7",
            "len": 14,
            "nsites": 14,
            "evalue": "1.0e+000",
            "pwm": [
              [0.247418, 0.382553, 0.13105, 0.238979], 
              [0.221426, 0.340984, 0.165719, 0.271871], 
              [0.105333, 0.548865, 0.162723, 0.183078], 
              [0.0397021, 0.384043, 0.0400993, 0.536156], 
              [0.00197163, 0.622539, 0.121816, 0.253674], 
              [0.526624, 0.468539, 0.00197163, 0.00286525], 
              [0.00177305, 0.760057, 0.00177305, 0.236397], 
              [0.104032, 0.13193, 0.403364, 0.360673], 
              [0.00564539, 0.408567, 0.141078, 0.444709], 
              [0.00217021, 0.688667, 0.273631, 0.0355319], 
              [0.0186525, 0.526823, 0.0234184, 0.431106], 
              [0.0765315, 0.486264, 0.0646178, 0.372587], 
              [0.177021, 0.483234, 0.125688, 0.214057], 
              [0.318213, 0.261518, 0.184766, 0.235504]
            ]
          }, {
            "db": 0,
            "id": "filter8",
            "len": 12,
            "nsites": 12,
            "evalue": "1.0e+000",
            "pwm": [
              [0.271295, 0.163901, 0.284881, 0.279923], 
              [0.238694, 0.209041, 0.224116, 0.328149], 
              [0.208446, 0.234331, 0.170165, 0.387058], 
              [0.0507652, 0.773614, 0.00206612, 0.173554], 
              [0.0325154, 0.897693, 0.0593942, 0.0103975], 
              [0.0213058, 0.660479, 0.0135702, 0.304645], 
              [0.273107, 0.0680165, 0.592942, 0.0659339], 
              [0.0228926, 0.00652893, 0.827488, 0.143091], 
              [0.169372, 0.00206612, 0.807752, 0.0208099], 
              [0.454252, 0.148035, 0.259594, 0.138119], 
              [0.471752, 0.184744, 0.16005, 0.183455], 
              [0.308314, 0.208248, 0.115719, 0.367719]
            ]
          }, {
            "db": 0,
            "id": "filter9",
            "len": 12,
            "nsites": 12,
            "evalue": "1.0e+000",
            "pwm": [
              [0.340248, 0.210529, 0.248314, 0.200909], 
              [0.327685, 0.0170428, 0.196069, 0.459203], 
              [0.285008, 0.248909, 0.178099, 0.287983], 
              [0.0621653, 0.322793, 0.61, 0.00504132], 
              [0.00206612, 0.629736, 0.360083, 0.0081157], 
              [0.0315207, 0.00206612, 0.210529, 0.755884], 
              [0.0909256, 0.0374711, 0.188314, 0.683289], 
              [0.993802, 0.00206612, 0.00206612, 0.00206612], 
              [0.00206612, 0.910298, 0.0855702, 0.00206612], 
              [0.0729752, 0.297603, 0.207455, 0.421967], 
              [0.158264, 0.361273, 0.322198, 0.158264], 
              [0.354663, 0.375095, 0.00206612, 0.268175]
            ]
          }
        ],
        "targets": [
          {
            "db": 0,
            "id": "MA0001.1",
            "alt": "AGL3",
            "len": 10,
            "nsites": 97,
            "url": "http://jaspar.genereg.net/matrix/MA0001.1",
            "pwm": [
              [0.000257467, 0.968331, 0.0105558, 0.0208552], 
              [0.0311536, 0.772657, 0.000257467, 0.195932], 
              [0.813852, 0.041452, 0.0311536, 0.113543], 
              [0.412204, 0.0311536, 0.041452, 0.515191], 
              [0.679969, 0.0105558, 0.0105558, 0.298919], 
              [0.494593, 0.0208552, 0.000257467, 0.484294], 
              [0.66967, 0.0517504, 0.0517504, 0.226828], 
              [0.113543, 0.0208552, 0.0311536, 0.834449], 
              [0.66967, 0.0311536, 0.28862, 0.0105558], 
              [0.000257467, 0.0311536, 0.906539, 0.0620498]
            ]
          }, {
            "db": 0,
            "id": "MA0001.2",
            "alt": "AGL3",
            "len": 18,
            "nsites": 95,
            "url": "http://jaspar.genereg.net/matrix/MA0001.2",
            "pwm": [
              [0.231598, 0.305205, 0.357782, 0.105415], 
              [0.168507, 0.0949003, 0.305205, 0.431388], 
              [0.263144, 0.0843853, 0.0423236, 0.610147], 
              [0.284175, 0.168507, 0.136961, 0.410357], 
              [0.000262881, 0.967666, 0.000262881, 0.0318087], 
              [0.000262881, 0.830967, 0.000262881, 0.168507], 
              [0.862513, 0.0107778, 0.0212937, 0.105415], 
              [0.420873, 0.0423236, 0.0318087, 0.504995], 
              [0.589117, 0.000262881, 0.0107778, 0.399842], 
              [0.368296, 0.000262881, 0.000262881, 0.631178], 
              [0.683754, 0.0107778, 0.0423236, 0.263144], 
              [0.263144, 0.0423236, 0.0318087, 0.662724], 
              [0.673238, 0.000262881, 0.29469, 0.0318087], 
              [0.000262881, 0.000262881, 0.967666, 0.0318087], 
              [0.347266, 0.147476, 0.157992, 0.347266], 
              [0.547055, 0.0528395, 0.0738694, 0.326236], 
              [0.473449, 0.242113, 0.136961, 0.147476], 
              [0.221083, 0.252629, 0.273659, 0.252629]
            ]
          }, {
            "db": 0,
            "id": "MA0005.1",
            "alt": "AG",
            "len": 11,
            "nsites": 90,
            "url": "http://jaspar.genereg.net/matrix/MA0005.1",
            "pwm": [
              [0.000277469, 0.965872, 0.0224748, 0.0113761], 
              [0.0224748, 0.954773, 0.000277469, 0.0224748], 
              [0.422031, 0.100166, 0.0779691, 0.399834], 
              [0.677303, 0.0557718, 0.0224748, 0.24445], 
              [0.810488, 0.0113761, 0.0113761, 0.166759], 
              [0.344339, 0.0335735, 0.0446721, 0.577414], 
              [0.25555, 0.177858, 0.188957, 0.377636], 
              [0.222253, 0.144561, 0.288846, 0.344339], 
              [0.24445, 0.000277469, 0.710599, 0.0446721], 
              [0.0113761, 0.000277469, 0.910377, 0.0779691], 
              [0.299945, 0.277747, 0.100166, 0.322142]
            ]
          }, {
            "db": 0,
            "id": "MA0005.2",
            "alt": "AG",
            "len": 18,
            "nsites": 66,
            "url": "http://jaspar.genereg.net/matrix/MA0005.2",
            "pwm": [
              [0.318079, 0.30295, 0.0911497, 0.287822], 
              [0.136536, 0.0457644, 0.0457644, 0.771936], 
              [0.151664, 0.000378215, 0.0155073, 0.83245], 
              [0.439107, 0.121407, 0.121407, 0.318079], 
              [0.000378215, 0.998865, 0.000378215, 0.000378215], 
              [0.000378215, 0.983736, 0.000378215, 0.0155073], 
              [0.469365, 0.0457644, 0.0911497, 0.393721], 
              [0.711422, 0.0306354, 0.000378215, 0.257565], 
              [0.787065, 0.000378215, 0.0155073, 0.19705], 
              [0.378593, 0.000378215, 0.0155073, 0.605522], 
              [0.257565, 0.227307, 0.166793, 0.348336], 
              [0.287822, 0.121407, 0.30295, 0.287822], 
              [0.106279, 0.000378215, 0.862708, 0.0306354], 
              [0.0306354, 0.000378215, 0.817322, 0.151664], 
              [0.333207, 0.257565, 0.0760216, 0.333207], 
              [0.681165, 0.0608925, 0.0760216, 0.181921], 
              [0.605522, 0.0911497, 0.136536, 0.166793], 
              [0.227307, 0.151664, 0.242435, 0.378593]
            ]
          }, {
            "db": 0,
            "id": "MA0025.2",
            "alt": "NFIL3",
            "len": 13,
            "nsites": 22996,
            "url": "http://jaspar.genereg.net/matrix/MA0025.2",
            "pwm": [
              [0.276918, 0.169769, 0.244173, 0.309141], 
              [0.393154, 0.169421, 0.315751, 0.121674], 
              [0.0378339, 0.029615, 0.022527, 0.910025], 
              [0.020352, 0.00904605, 0.0745358, 0.896066], 
              [0.92855, 0.00956805, 0.0430519, 0.01883], 
              [0.028658, 0.0657078, 0.021396, 0.884238], 
              [0.0634898, 0.020309, 0.889673, 0.026527], 
              [0.0590548, 0.522003, 0.019744, 0.399199], 
              [0.950075, 0.023614, 0.00743705, 0.018874], 
              [0.952815, 0.010916, 0.015656, 0.020613], 
              [0.0953647, 0.215646, 0.117456, 0.571533], 
              [0.33358, 0.244825, 0.180553, 0.241042], 
              [0.291007, 0.214342, 0.194903, 0.299748]
            ]
          }, {
            "db": 0,
            "id": "MA0026.1",
            "alt": "Eip74EF",
            "len": 7,
            "nsites": 17,
            "url": "http://jaspar.genereg.net/matrix/MA0026.1",
            "pwm": [
              [0.118421, 0.703216, 0.118421, 0.059942], 
              [0.29386, 0.703216, 0.00146199, 0.00146199], 
              [0.00146199, 0.00146199, 0.995614, 0.00146199], 
              [0.00146199, 0.00146199, 0.995614, 0.00146199], 
              [0.995614, 0.00146199, 0.00146199, 0.00146199], 
              [0.995614, 0.00146199, 0.00146199, 0.00146199], 
              [0.29386, 0.059942, 0.586257, 0.059942]
            ]
          }, {
            "db": 0,
            "id": "MA0028.1",
            "alt": "ELK1",
            "len": 10,
            "nsites": 28,
            "url": "http://jaspar.genereg.net/matrix/MA0028.1",
            "pwm": [
              [0.25, 0.25, 0.356762, 0.143238], 
              [0.356762, 0.214413, 0.214413, 0.214413], 
              [0.321175, 0.143238, 0.356762, 0.178825], 
              [0.178825, 0.677046, 0.0364766, 0.107651], 
              [0.0720645, 0.854982, 0.0364766, 0.0364766], 
              [0.00088968, 0.00088968, 0.854982, 0.143238], 
              [0.0364766, 0.00088968, 0.961744, 0.00088968], 
              [0.961744, 0.00088968, 0.0364766, 0.00088968], 
              [0.748221, 0.178825, 0.00088968, 0.0720645], 
              [0.463523, 0.00088968, 0.49911, 0.0364766]
            ]
          }, {
            "db": 0,
            "id": "MA0043.1",
            "alt": "HLF",
            "len": 12,
            "nsites": 18,
            "url": "http://jaspar.genereg.net/matrix/MA0043.1",
            "pwm": [
              [0.0566303, 0.222375, 0.44337, 0.277625], 
              [0.332873, 0.00138122, 0.664365, 0.00138122], 
              [0.0566303, 0.00138122, 0.00138122, 0.940607], 
              [0.00138122, 0.00138122, 0.167127, 0.83011], 
              [0.719613, 0.0566303, 0.111878, 0.111878], 
              [0.00138122, 0.83011, 0.0566303, 0.111878], 
