<!DOCTYPE HTML>
<html>
  <head>
    <meta charset="UTF-8">
    <title>Tomtom Results</title>
    <script>
      // @JSON_VAR data
      var data = {
        "program": "Tomtom",
        "version": "5.3.3",
        "release": "Sun Feb 7 15:39:52 2021 -0800",
        "cmd": [
          "tomtom", "-evalue", "-thresh", "0.1", "-o",
          "results/filters/model-256/trial-2",
          "motifs/filters/model-256/trial-2.txt", "./motif_database.txt"
        ],
        "options": {
          "strands": "both",
          "distance_measure": "ed",
          "threshold_type": "evalue",
          "threshold_value": 0.1,
          "background_source": "--query--"
        },
        "alphabet": {
          "name": "DNA",
          "like": "dna",
          "ncore": 4,
          "symbols": [
            {
              "symbol": "A",
              "name": "Adenine",
              "colour": "CC0000",
              "complement": "T"
            }, {
              "symbol": "C",
              "name": "Cytosine",
              "colour": "0000CC",
              "complement": "G"
            }, {
              "symbol": "G",
              "name": "Guanine",
              "colour": "FFB300",
              "complement": "C"
            }, {
              "symbol": "T",
              "aliases": "U",
              "name": "Thymine",
              "colour": "008000",
              "complement": "A"
            }, {
              "symbol": "N",
              "aliases": "X.",
              "name": "Any base",
              "equals": "ACGT"
            }, {
              "symbol": "V",
              "name": "Not T",
              "equals": "ACG"
            }, {
              "symbol": "H",
              "name": "Not G",
              "equals": "ACT"
            }, {
              "symbol": "D",
              "name": "Not C",
              "equals": "AGT"
            }, {
              "symbol": "B",
              "name": "Not A",
              "equals": "CGT"
            }, {
              "symbol": "M",
              "name": "Amino",
              "equals": "AC"
            }, {
              "symbol": "R",
              "name": "Purine",
              "equals": "AG"
            }, {
              "symbol": "W",
              "name": "Weak",
              "equals": "AT"
            }, {
              "symbol": "S",
              "name": "Strong",
              "equals": "CG"
            }, {
              "symbol": "Y",
              "name": "Pyrimidine",
              "equals": "CT"
            }, {
              "symbol": "K",
              "name": "Keto",
              "equals": "GT"
            }
          ]
        },
        "background": [0.25, 0.25, 0.25, 0.25],
        "query_dbs": [
          {
            "source": "motifs/filters/model-256/trial-2.txt",
            "name": "trial-2.txt",
            "loaded": 256,
            "excluded": 0,
            "last_modified": "Tue Mar 30 10:27:32 2021"
          }
        ],
        "target_dbs": [
          {
            "source": "./motif_database.txt",
            "name": "motif_database.txt",
            "loaded": 1964,
            "excluded": 0,
            "last_modified": "Mon Mar 29 09:53:08 2021"
          }
        ],
        "queries": [
          {
            "db": 0,
            "id": "filter0",
            "len": 14,
            "nsites": 14,
            "evalue": "1.0e+000",
            "pwm": [
              [0.279589, 0.217035, 0.364085, 0.139291], 
              [0.256329, 0.254344, 0.262385, 0.226942], 
              [0.102752, 0.404, 0.0681986, 0.42505], 
              [0.0130933, 0.111103, 0.400366, 0.475437], 
              [0.845333, 0.031464, 0.00296466, 0.120239], 
              [0.0148794, 0.244043, 0.730965, 0.0101135], 
              [0.241957, 0.225972, 0.168184, 0.363887], 
              [0.135504, 0.375565, 0.401974, 0.086956], 
              [0.397943, 0.230738, 0.14922, 0.222099], 
              [0.00514894, 0.187149, 0.345915, 0.461787], 
              [0.651169, 0.235083, 0.0376134, 0.0761344], 
              [0.371234, 0.221404, 0.304709, 0.102652], 
              [0.288028, 0.385433, 0.147532, 0.179007], 
              [0.291404, 0.227957, 0.213262, 0.267376]
            ]
          }, {
            "db": 0,
            "id": "filter1",
            "len": 17,
            "nsites": 17,
            "evalue": "1.0e+000",
            "pwm": [
              [0.28755, 0.237152, 0.23079, 0.244508], 
              [0.214211, 0.102567, 0.111117, 0.572105], 
              [0.353228, 0.234216, 0.112818, 0.299737], 
              [0.0415263, 0.102567, 0.0552456, 0.800661], 
              [0.212023, 0.213018, 0.471298, 0.103661], 
              [0.218762, 0.293813, 0.243414, 0.244011], 
              [0.210035, 0.108632, 0.142035, 0.539298], 
              [0.15983, 0.0708538, 0.659889, 0.109427], 
              [0.375064, 0.301398, 0.198503, 0.125035], 
              [0.128303, 0.346498, 0.403457, 0.121742], 
              [0.279725, 0.313029, 0.0220409, 0.385205], 
              [0.0326784, 0.864585, 0.0758246, 0.0269123], 
              [0.396936, 0.290959, 0.227632, 0.0844737], 
              [0.035462, 0.0652865, 0.486012, 0.41324], 
              [0.123743, 0.546357, 0.271772, 0.0581287], 
              [0.437, 0.0819883, 0.114099, 0.366912], 
              [0.176135, 0.402702, 0.235784, 0.18538]
            ]
          }, {
            "db": 0,
            "id": "filter10",
            "len": 12,
            "nsites": 12,
            "evalue": "1.0e+000",
            "pwm": [
              [0.338925, 0.111245, 0.116005, 0.433825], 
              [0.222904, 0.0711832, 0.592486, 0.113427], 
              [0.0651405, 0.262694, 0.280347, 0.391818], 
              [0.00880924, 0.00494186, 0.101825, 0.884424], 
              [0.615119, 0.00474407, 0.322032, 0.0581048], 
              [0.0105942, 0.207335, 0.171041, 0.61103], 
              [0.0817937, 0.0477806, 0.328017, 0.542409], 
              [0.29314, 0.493074, 0.031719, 0.182066], 
              [0.721967, 0.0835868, 0.0383636, 0.156083], 
              [0.302433, 0.181949, 0.320976, 0.194642], 
              [0.205273, 0.123752, 0.242364, 0.428612], 
              [0.204083, 0.176512, 0.391421, 0.227983]
            ]
          }, {
            "db": 0,
            "id": "filter100",
            "len": 12,
            "nsites": 12,
            "evalue": "1.0e+000",
            "pwm": [
              [0.251884, 0.239587, 0.257438, 0.251091], 
              [0.217273, 0.349669, 0.282132, 0.150926], 
              [0.175521, 0.299587, 0.33638, 0.188512], 
              [0.0181306, 0.0911151, 0.424206, 0.466549], 
              [0.0895284, 0.765626, 0.0648367, 0.0800087], 
              [0.0764463, 0.200215, 0.32686, 0.396479], 
              [0.440568, 0.502545, 0.0388558, 0.0180315], 
              [0.167603, 0.273432, 0.377376, 0.181588], 
              [0.498479, 0.0754619, 0.0322179, 0.393841], 
              [0.263686, 0.249504, 0.0972727, 0.389537], 
              [0.272287, 0.0906192, 0.25176, 0.385334], 
              [0.034, 0.251091, 0.397372, 0.317537]
            ]
          }, {
            "db": 0,
            "id": "filter101",
            "len": 13,
            "nsites": 13,
            "evalue": "1.0e+000",
            "pwm": [
              [0.303489, 0.177458, 0.246328, 0.272725], 
              [0.388099, 0.141322, 0.184585, 0.285994], 
              [0.210425, 0.234443, 0.215487, 0.339644], 
              [0.635038, 0.0765344, 0.0694885, 0.218939], 
              [0.488814, 0.0697795, 0.278652, 0.162755], 
              [0.056687, 0.447679, 0.0019084, 0.493725], 
              [0.0558877, 0.111157, 0.421538, 0.411417], 
              [0.164359, 0.588695, 0.00637405, 0.240573], 
              [0.0416983, 0.00577824, 0.610565, 0.341958], 
              [0.906649, 0.0649237, 0.00468702, 0.0237405], 
              [0.00280153, 0.380099, 0.334053, 0.283046], 
              [0.238885, 0.210008, 0.318374, 0.232733], 
              [0.188672, 0.268855, 0.157611, 0.384863]
            ]
          }, {
            "db": 0,
            "id": "filter102",
            "len": 14,
            "nsites": 14,
            "evalue": "1.0e+000",
            "pwm": [
              [0.193106, 0.487305, 0.145546, 0.174043], 
              [0.254667, 0.272539, 0.46427, 0.00852482], 
              [0.0666034, 0.260797, 0.334463, 0.338137], 
              [0.0223262, 0.0855745, 0.10295, 0.789149], 
              [0.0991773, 0.243745, 0.21078, 0.446298], 
              [0.175035, 0.491078, 0.0196454, 0.314241], 
              [0.279986, 0.0575745, 0.647064, 0.0153759], 
              [0.394369, 0.393277, 0.0179574, 0.194397], 
              [0.187366, 0.170286, 0.413871, 0.228477], 
              [0.452057, 0.0701844, 0.13522, 0.342539], 
              [0.00217017, 0.461443, 0.0381098, 0.498277], 
              [0.169293, 0.478119, 0.0968038, 0.255784], 
              [0.335887, 0.298355, 0.267773, 0.0979858], 
              [0.140496, 0.223114, 0.190444, 0.445945]
            ]
          }, {
            "db": 0,
            "id": "filter103",
            "len": 14,
            "nsites": 14,
            "evalue": "1.0e+000",
            "pwm": [
              [0.104032, 0.224758, 0.309842, 0.361368], 
              [0.217907, 0.255932, 0.497383, 0.0287774], 
              [0.421972, 0.431603, 0.115858, 0.0305674], 
              [0.0409968, 0.0278891, 0.0104122, 0.920702], 
              [0.0349362, 0.235801, 0.46705, 0.262213], 
              [0.623234, 0.115262, 0.175234, 0.0862695], 
              [0.183078, 0.538241, 0.137206, 0.141475], 
              [0.362993, 0.151702, 0.392582, 0.0927234], 
              [0.0223242, 0.103437, 0.2052, 0.66904], 
              [0.193523, 0.552395, 0.198388, 0.0556933], 
              [0.673741, 0.125502, 0.115075, 0.0856821], 
              [0.118539, 0.104837, 0.53844, 0.238184], 
              [0.058766, 0.466454, 0.319901, 0.154879], 
              [0.380705, 0.132552, 0.220135, 0.266608]
            ]
          }, {
            "db": 0,
            "id": "filter104",
            "len": 10,
            "nsites": 10,
            "evalue": "1.0e+000",
            "pwm": [
              [0.205029, 0.362736, 0.29304, 0.139194], 
              [0.244431, 0.268686, 0.117909, 0.368973], 
              [0.217327, 0.272475, 0.445743, 0.0644554], 
              [0.0546587, 0.833449, 0.0581244, 0.0537675], 
              [0.380297, 0.29297, 0.0391089, 0.287624], 
              [0.0955446, 0.00475248, 0.193762, 0.705941], 
              [0.162871, 0.574158, 0.0241584, 0.238812], 
              [0.0632673, 0.517624, 0.0685149, 0.350594], 
              [0.495644, 0.108119, 0.330297, 0.0659406], 
              [0.436182, 0.0824832, 0.283592, 0.197742]
            ]
          }, {
            "db": 0,
            "id": "filter105",
            "len": 16,
            "nsites": 16,
            "evalue": "1.0e+000",
            "pwm": [
              [0.303466, 0.251391, 0.252683, 0.19246], 
              [0.0852214, 0.314466, 0.19721, 0.403103], 
              [0.430969, 0.0738012, 0.356335, 0.138894], 
              [0.753752, 0.0718137, 0.172882, 0.0015528], 
              [0.0222215, 0.255639, 0.252658, 0.469481], 
              [0.0393205, 0.152326, 0.0629751, 0.745379], 
              [0.0531253, 0.288133, 0.420194, 0.238548], 
              [0.598422, 0.301876, 0.0236149, 0.076087], 
              [0.177752, 0.325429, 0.460882, 0.0359379], 
              [0.176161, 0.279714, 0.272559, 0.271565], 
              [0.778298, 0.184708, 0.0161615, 0.0208323], 
              [0.606472, 0.0474658, 0.317975, 0.028087], 
              [0.00830988, 0.132024, 0.416319, 0.443347], 
              [0.268584, 0.328708, 0.141975, 0.260733], 
              [0.303466, 0.170199, 0.369354, 0.156981], 
              [0.20518, 0.210646, 0.330497, 0.253677]
            ]
          }, {
            "db": 0,
            "id": "filter106",
            "len": 12,
            "nsites": 12,
            "evalue": "1.0e+000",
            "pwm": [
              [0.318529, 0.150033, 0.358694, 0.172744], 
              [0.111047, 0.441758, 0.305209, 0.141986], 
              [0.0713884, 0.494364, 0.307124, 0.127124], 
              [0.621641, 0.0111892, 0.305507, 0.0616635], 
              [0.108876, 0.309306, 0.54038, 0.041438], 
              [0.0605785, 0.0106942, 0.0282479, 0.900479], 
              [0.0283471, 0.594926, 0.363554, 0.0131736], 
              [0.744777, 0.0211074, 0.143488, 0.0906281], 
              [0.0257686, 0.217868, 0.714529, 0.0418347], 
              [0.238198, 0.332711, 0.105504, 0.323587], 
              [0.241273, 0.26686, 0.275091, 0.216777], 
              [0.263884, 0.209736, 0.274198, 0.252182]
            ]
          }, {
            "db": 0,
            "id": "filter107",
            "len": 15,
            "nsites": 15,
            "evalue": "1.0e+000",
            "pwm": [
              [0.330166, 0.261722, 0.296987, 0.111126], 
              [0.347947, 0.170132, 0.272152, 0.209768], 
              [0.237881, 0.14053, 0.348444, 0.273146], 
              [0.225662, 0.0804305, 0.658675, 0.0352318], 
              [0.445839, 0.328112, 0.0362286, 0.18982], 
              [0.216126, 0.018245, 0.751755, 0.0138742], 
              [0.0132781, 0.30255, 0.44043, 0.243742], 
              [0.356057, 0.0178461, 0.0441679, 0.581929], 
              [0.0747682, 0.615762, 0.207881, 0.101589], 
              [0.145894, 0.152748, 0.0213245, 0.680033], 
              [0.62798, 0.0665232, 0.22447, 0.0810265], 
              [0.0569868, 0.591921, 0.0358278, 0.315265], 
              [0.406416, 0.230904, 0.150647, 0.212032], 
              [0.548212, 0.084106, 0.176391, 0.191291], 
              [0.217417, 0.229238, 0.172417, 0.380927]
            ]
          }, {
            "db": 0,
            "id": "filter108",
            "len": 11,
            "nsites": 11,
            "evalue": "1.0e+000",
            "pwm": [
              [0.444928, 0.142081, 0.244054, 0.168937], 
              [0.241081, 0.457117, 0.0976847, 0.204117], 
              [0.153874, 0.606955, 0.0967928, 0.142378], 
              [0.688315, 0.056955, 0.223243, 0.0314865], 
              [0.0125586, 0.862135, 0.0106757, 0.114631], 
              [0.0373333, 0.163883, 0.645505, 0.153279], 
              [0.372784, 0.136432, 0.152982, 0.337802], 
              [0.041, 0.603288, 0.0864865, 0.269225], 
              [0.0848018, 0.266153, 0.518757, 0.130288], 
              [0.157144, 0.128901, 0.342757, 0.371198], 
              [0.345665, 0.190956, 0.127823, 0.335556]
            ]
          }, {
            "db": 0,
            "id": "filter109",
            "len": 13,
            "nsites": 13,
            "evalue": "1.0e+000",
            "pwm": [
              [0.352675, 0.215147, 0.322411, 0.109768], 
              [0.191847, 0.159992, 0.374344, 0.273817], 
              [0.172198, 0.573511, 0.168626, 0.0856641], 
              [0.106802, 0.710557, 0.0502366, 0.132405], 
              [0.89484, 0.0421985, 0.0191756, 0.0437863], 
              [0.0535115, 0.0740534, 0.254863, 0.617573], 
              [0.0818931, 0.567855, 0.0367405, 0.313511], 
              [0.473481, 0.088145, 0.306763, 0.131611], 
              [0.809118, 0.0567808, 0.00438906, 0.129712], 
              [0.111069, 0.00865649, 0.220031, 0.660244], 
              [0.279203, 0.33756, 0.30729, 0.0759463], 
              [0.211099, 0.136473, 0.52429, 0.128137], 
              [0.161894, 0.245658, 0.277318, 0.315131]
            ]
          }, {
            "db": 0,
            "id": "filter11",
            "len": 12,
            "nsites": 12,
            "evalue": "1.0e+000",
            "pwm": [
              [0.301669, 0.190893, 0.154595, 0.352843], 
              [0.131897, 0.100059, 0.301501, 0.466542], 
              [0.388545, 0.106496, 0.282331, 0.222628], 
              [0.742992, 0.0258678, 0.0515537, 0.179587], 
              [0.682992, 0.119785, 0.129504, 0.067719], 
              [0.223124, 0.00841322, 0.49724, 0.271223], 
              [0.442893, 0.0750579, 0.273504, 0.208545], 
              [0.493273, 0.124248, 0.0322149, 0.350264], 
              [0.680711, 0.0140661, 0.19476, 0.110463], 
              [0.187322, 0.162727, 0.512612, 0.137339], 
              [0.035686, 0.27757, 0.386959, 0.299785], 
              [0.0946043, 0.633071, 0.135964, 0.136361]
            ]
          }, {
            "db": 0,
            "id": "filter110",
            "len": 11,
            "nsites": 11,
            "evalue": "1.0e+000",
            "pwm": [
              [0.180153, 0.417023, 0.207606, 0.195217], 
              [0.438486, 0.354748, 0.100162, 0.106604], 
              [0.230378, 0.154964, 0.570883, 0.0437748], 
              [0.0077027, 0.261, 0.0337658, 0.697532], 
              [0.240562, 0.583906, 0.140283, 0.035249], 
              [0.86055, 0.0738018, 0.0475405, 0.0181081], 
              [0.135527, 0.0809291, 0.725207, 0.0583367], 
              [0.116414, 0.158432, 0.0128559, 0.712297], 
              [0.0614203, 0.199777, 0.583626, 0.155177], 
              [0.395676, 0.247126, 0.156649, 0.20055], 
              [0.142081, 0.488928, 0.053982, 0.315009]
            ]
          }, {
            "db": 0,
            "id": "filter111",
            "len": 9,
            "nsites": 9,
            "evalue": "1.0e+000",
            "pwm": [
              [0.163758, 0.24644, 0.432077, 0.157725], 
              [0.220824, 0.142297, 0.391033, 0.245846], 
              [0.331495, 0.23378, 0.00274725, 0.431978], 
              [0.206661, 0.652067, 0.0329091, 0.108363], 
              [0.141604, 0.401121, 0.0894835, 0.367791], 
              [0.150209, 0.00432967, 0.666176, 0.179286], 
              [0.411546, 0.295722, 0.248442, 0.0442899], 
              [0.185733, 0.258333, 0.468025, 0.0879096], 
              [0.0456703, 0.268495, 0.475692, 0.210143]
            ]
          }, {
            "db": 0,
            "id": "filter112",
            "len": 11,
            "nsites": 11,
            "evalue": "1.0e+000",
            "pwm": [
              [0.0948201, 0.221382, 0.268855, 0.414942], 
              [0.23682, 0.00532432, 0.425306, 0.33255], 
              [0.0645856, 0.387153, 0.268333, 0.279928], 
              [0.118991, 0.625486, 0.205901, 0.0496216], 
              [0.832207, 0.0237568, 0.127712, 0.0163243], 
              [0.0198919, 0.57118, 0.142279, 0.266649], 
              [0.211727, 0.0338617, 0.476989, 0.277423], 
              [0.480604, 0.00344144, 0.0945135, 0.421441], 
              [0.00700853, 0.472331, 0.194783, 0.325878], 
              [0.135243, 0.356036, 0.460387, 0.0483333], 
              [0.31587, 0.047536, 0.371558, 0.265037]
            ]
          }, {
            "db": 0,
            "id": "filter113",
            "len": 14,
            "nsites": 14,
            "evalue": "1.0e+000",
            "pwm": [
              [0.251614, 0.218447, 0.288653, 0.241286], 
              [0.0481372, 0.448934, 0.139575, 0.363354], 
              [0.462337, 0.157743, 0.33347, 0.0464494], 
              [0.614695, 0.0116028, 0.10444, 0.269262], 
              [0.268865, 0.0783262, 0.165404, 0.487404], 
              [0.545435, 0.13749, 0.29624, 0.020835], 
              [0.0207357, 0.18306, 0.0292738, 0.766931], 
              [0.0143817, 0.133221, 0.29346, 0.558937], 
              [0.407277, 0.200255, 0.179603, 0.212865], 
              [0.419489, 0.471518, 0.00594326, 0.10305], 
              [0.374014, 0.0883546, 0.525929, 0.0117021], 
              [0.187068, 0.429858, 0.236222, 0.146851], 
              [0.277106, 0.315234, 0.137206, 0.270454], 
              [0.240941, 0.143844, 0.318876, 0.296339]
            ]
          }, {
            "db": 0,
            "id": "filter114",
            "len": 14,
            "nsites": 14,
            "evalue": "1.0e+000",
            "pwm": [
              [0.258638, 0.247021, 0.246028, 0.248312], 
              [0.105631, 0.242057, 0.227064, 0.425248], 
              [0.00931915, 0.276908, 0.102652, 0.611121], 
              [0.175053, 0.291036, 0.179621, 0.354291], 
              [0.105631, 0.393674, 0.338468, 0.162227], 
              [0.0379149, 0.548369, 0.234411, 0.179305], 
              [0.0985912, 0.465706, 0.179919, 0.255784], 
              [0.0575745, 0.245929, 0.649645, 0.0468511], 
              [0.0734682, 0.0731703, 0.818819, 0.0345423], 
              [0.701376, 0.115759, 0.161929, 0.0209362], 
              [0.316426, 0.100567, 0.58034, 0.00266667], 
              [0.306466, 0.257818, 0.305275, 0.130441], 
              [0.449475, 0.204624, 0.14773, 0.19817], 
              [0.100071, 0.28644, 0.294284, 0.319206]
            ]
          }, {
            "db": 0,
            "id": "filter115",
            "len": 13,
            "nsites": 13,
            "evalue": "1.0e+000",
            "pwm": [
              [0.438351, 0.229756, 0.0376336, 0.29426], 
              [0.163366, 0.384267, 0.263695, 0.188672], 
              [0.374344, 0.305076, 0.276695, 0.0438855], 
              [0.286321, 0.00359542, 0.669374, 0.0407099], 
              [0.151656, 0.267466, 0.415328, 0.16555], 
              [0.150679, 0.689489, 0.0226509, 0.137181], 
              [0.00419084, 0.740031, 0.210206, 0.0455725], 
              [0.589786, 0.240374, 0.00270229, 0.167137], 
              [0.162672, 0.267962, 0.0791145, 0.490252], 
              [0.619917, 0.0392251, 0.140854, 0.200005], 
              [0.294984, 0.162291, 0.136884, 0.405842], 
              [0.394945, 0.271507, 0.150252, 0.183295], 
              [0.198099, 0.239183, 0.134588, 0.42813]
            ]
          }, {
            "db": 0,
            "id": "filter116",
            "len": 14,
            "nsites": 14,
            "evalue": "1.0e+000",
            "pwm": [
              [0.251887, 0.362397, 0.0357305, 0.349986], 
              [0.243645, 0.132936, 0.483234, 0.140184], 
              [0.225078, 0.521461, 0.0899433, 0.163518], 
              [0.00405674, 0.332511, 0.150908, 0.512525], 
              [0.199679, 0.162243, 0.166712, 0.471366], 
              [0.284723, 0.333073, 0.37626, 0.00594285], 
              [0.00177305, 0.0883546, 0.750028, 0.159844], 
              [0.370837, 0.443121, 0.00316312, 0.182879], 
              [0.58461, 0.227362, 0.185362, 0.00266667], 
              [0.041684, 0.128257, 0.601529, 0.228531], 
              [0.0767376, 0.603972, 0.035234, 0.284057], 
              [0.38166, 0.18983, 0.139489, 0.289021], 
              [0.187943, 0.191418, 0.377887, 0.242752], 
              [0.189631, 0.343631, 0.27661, 0.190128]
            ]
          }, {
            "db": 0,
            "id": "filter117",
            "len": 12,
            "nsites": 12,
            "evalue": "1.0e+000",
            "pwm": [
              [0.200612, 0.226595, 0.13476, 0.438033], 
              [0.199223, 0.33876, 0.269438, 0.192579], 
              [0.435002, 0.144692, 0.192697, 0.227609], 
              [0.375417, 0.594271, 0.0282453, 0.00206612], 
              [0.0977686, 0.390033, 0.343421, 0.168777], 
              [0.836413, 0.015157, 0.112843, 0.0355868], 
              [0.0870494, 0.112039, 0.0841736, 0.716738], 
              [0.234033, 0.0760496, 0.656909, 0.0330083], 
              [0.0514545, 0.0638512, 0.378529, 0.506165], 
              [0.53324, 0.128017, 0.0285455, 0.310198], 
              [0.182562, 0.347388, 0.0619669, 0.408083], 
              [0.383686, 0.116512, 0.330529, 0.169273]
            ]
          }, {
            "db": 0,
            "id": "filter118",
            "len": 15,
            "nsites": 15,
            "evalue": "1.0e+000",
            "pwm": [
              [0.114404, 0.383212, 0.40894, 0.0934437], 
              [0.206291, 0.196755, 0.141921, 0.455033], 
              [0.328742, 0.2316, 0.288514, 0.151144], 
              [0.404272, 0.00175497, 0.540464, 0.0535099], 
              [0.300265, 0.133477, 0.0647351, 0.501523], 
              [0.293907, 0.31745, 0.223477, 0.165166], 
              [0.53053, 0.0279801, 0.435662, 0.00582781], 
              [0.25149, 0.26053, 0.0212252, 0.466755], 
              [0.324868, 0.513095, 0.155514, 0.00652269], 
              [0.457616, 0.379536, 0.00453642, 0.158311], 
              [0.349174, 0.44564, 0.0101995, 0.194986], 
              [0.409437, 0.0239073, 0.543444, 0.0232119], 
              [0.277246, 0.125145, 0.111236, 0.486373], 
              [0.147483, 0.372781, 0.240861, 0.238874], 
              [0.0672185, 0.401291, 0.127219, 0.404272]
            ]
          }, {
            "db": 0,
            "id": "filter119",
            "len": 10,
            "nsites": 10,
            "evalue": "1.0e+000",
            "pwm": [
              [0.316931, 0.189901, 0.167327, 0.325842], 
              [0.234158, 0.160792, 0.320594, 0.284455], 
              [0.333069, 0.404158, 0.241881, 0.0208911], 
              [0.71297, 0.0768317, 0.175644, 0.0345545], 
              [0.223168, 0.321683, 0.341485, 0.113663], 
              [0.0917822, 0.485941, 0.414851, 0.00742574], 
              [0.00247525, 0.00356436, 0.0724752, 0.921485], 
              [0.470792, 0.187723, 0.336634, 0.00485149], 
              [0.0523762, 0.311782, 0.297723, 0.338119], 
              [0.129604, 0.340594, 0.13901, 0.390792]
            ]
          }, {
            "db": 0,
            "id": "filter12",
            "len": 10,
            "nsites": 10,
            "evalue": "1.0e+000",
            "pwm": [
              [0.238911, 0.245545, 0.395743, 0.119802], 
              [0.117624, 0.600594, 0.132178, 0.149604], 
              [0.0518812, 0.472475, 0.285743, 0.189901], 
              [0.00405925, 0.537273, 0.241461, 0.217206], 
              [0.28505, 0.347525, 0.0269307, 0.340495], 
              [0.744851, 0.207426, 0.00643564, 0.0412871], 
              [0.00415825, 0.600732, 0.374913, 0.0201962], 
              [0.440297, 0.0857426, 0.104851, 0.369109], 
              [0.0949597, 0.5152, 0.296663, 0.0931774], 
              [0.177426, 0.472376, 0.233762, 0.116436]
            ]
          }, {
            "db": 0,
            "id": "filter120",
            "len": 15,
            "nsites": 15,
            "evalue": "1.0e+000",
            "pwm": [
              [0.271358, 0.421159, 0.265596, 0.0418874], 
              [0.46298, 0.160099, 0.227252, 0.149669], 
              [0.489949, 0.164188, 0.297016, 0.0488458], 
              [0.802635, 0.0200313, 0.0995929, 0.0777407], 
              [0.39996, 0.00354286, 0.0479424, 0.548555], 
              [0.0511258, 0.257053, 0.132185, 0.559636], 
              [0.00513245, 0.763079, 0.140728, 0.0910596], 
              [0.0226138, 0.0812172, 0.685726, 0.210443], 
              [0.0992053, 0.610397, 0.0754636, 0.214934], 
              [0.223157, 0.117969, 0.21968, 0.439195], 
              [0.139139, 0.253874, 0.239669, 0.367318], 
              [0.459503, 0.468742, 0.0136755, 0.0580795], 
              [0.348344, 0.283974, 0.0716887, 0.295993], 
              [0.436755, 0.172417, 0.120166, 0.270662], 
              [0.279205, 0.218411, 0.115695, 0.386689]
            ]
          }, {
            "db": 0,
            "id": "filter121",
            "len": 13,
            "nsites": 13,
            "evalue": "1.0e+000",
            "pwm": [
              [0.164557, 0.277588, 0.177061, 0.380794], 
              [0.278679, 0.312321, 0.24087, 0.16813], 
              [0.157694, 0.30455, 0.423324, 0.114431], 
              [0.680619, 0.0444767, 0.159778, 0.115126], 
              [0.0500382, 0.574603, 0.0525191, 0.32284], 
              [0.19542, 0.483901, 0.0019084, 0.318771], 
              [0.0525241, 0.00200764, 0.904258, 0.04121], 
              [0.507766, 0.176349, 0.307924, 0.00796123], 
              [0.179244, 0.269153, 0.0423969, 0.509206], 
              [0.131115, 0.563489, 0.023145, 0.282252], 
              [0.237397, 0.131115, 0.560809, 0.0706794], 
              [0.0155052, 0.25598, 0.235039, 0.493477], 
              [0.167634, 0.338023, 0.307061, 0.187282]
            ]
          }, {
            "db": 0,
            "id": "filter122",
            "len": 14,
            "nsites": 14,
            "evalue": "1.0e+000",
            "pwm": [
              [0.127674, 0.369943, 0.224582, 0.277801], 
              [0.226391, 0.222618, 0.432043, 0.118948], 
              [0.236794, 0.0944113, 0.212468, 0.456326], 
              [0.385333, 0.0202411, 0.531489, 0.0629362], 
              [0.0683905, 0.0742481, 0.68552, 0.171841], 
              [0.110309, 0.564907, 0.283092, 0.0416919], 
              [0.289121, 0.494454, 0.0793191, 0.137106], 
              [0.173943, 0.683206, 0.0504255, 0.0924255], 
              [0.111887, 0.108213, 0.151404, 0.628496], 
              [0.414426, 0.340752, 0.151305, 0.0935177], 
              [0.264272, 0.063625, 0.654545, 0.0175587], 
              [0.501752, 0.276042, 0.0703898, 0.151816], 
              [0.104738, 0.24434, 0.222298, 0.428624], 
              [0.294482, 0.29905, 0.170071, 0.236397]
            ]
          }, {
            "db": 0,
            "id": "filter123",
            "len": 11,
            "nsites": 11,
            "evalue": "1.0e+000",
            "pwm": [
              [0.109279, 0.26209, 0.384775, 0.243856], 
              [0.315703, 0.254658, 0.125631, 0.304009], 
              [0.48006, 0.194783, 0.276333, 0.0488242], 
              [0.228297, 0.0105766, 0.677414, 0.0837117], 
              [0.00334245, 0.598195, 0.0817377, 0.316725], 
              [0.142364, 0.386916, 0.258001, 0.212718], 
              [0.774553, 0.0257364, 0.0422843, 0.157426], 
              [0.123649, 0.0230631, 0.281514, 0.571775], 
              [0.450081, 0.400928, 0.0465495, 0.102441], 
              [0.407964, 0.0743964, 0.30609, 0.21155], 
              [0.406775, 0.385072, 0.00254955, 0.205604]
            ]
          }, {
            "db": 0,
            "id": "filter124",
            "len": 9,
            "nsites": 9,
            "evalue": "1.0e+000",
            "pwm": [
              [0.181938, 0.388819, 0.374776, 0.0544674], 
              [0.0470549, 0.196099, 0.515945, 0.240901], 
              [0.00640696, 0.199481, 0.507886, 0.286226], 
              [0.0615934, 0.140714, 0.0556593, 0.742033], 
              [0.165736, 0.601, 0.148725, 0.0845385], 
              [0.0524945, 0.696341, 0.246242, 0.00492308], 
              [0.298659, 0.473319, 0.219538, 0.00848352], 
              [0.363107, 0.332846, 0.168884, 0.135163], 
              [0.19422, 0.311912, 0.121132, 0.372736]
            ]
          }, {
            "db": 0,
            "id": "filter125",
            "len": 12,
            "nsites": 12,
            "evalue": "1.0e+000",
            "pwm": [
              [0.213525, 0.238321, 0.402371, 0.145783], 
              [0.439279, 0.222606, 0.125227, 0.212888], 
              [0.172843, 0.382099, 0.286198, 0.15886], 
              [0.618826, 0.0909256, 0.267157, 0.0230909], 
              [0.216579, 0.0137686, 0.0995537, 0.670099], 
              [0.00434711, 0.647785, 0.18643, 0.161438], 
              [0.00543835, 0.0164477, 0.724618, 0.253496], 
              [0.339123, 0.189287, 0.00256193, 0.469028], 
              [0.138926, 0.020314, 0.691223, 0.149537], 
              [0.342826, 0.256843, 0.155388, 0.244942], 
              [0.358099, 0.247223, 0.14081, 0.253868], 
              [0.191983, 0.389438, 0.272215, 0.146364]
            ]
          }, {
            "db": 0,
            "id": "filter126",
            "len": 11,
            "nsites": 11,
            "evalue": "1.0e+000",
            "pwm": [
              [0.226613, 0.333144, 0.40291, 0.0373333], 
              [0.343416, 0.24185, 0.395835, 0.0188992], 
              [0.126919, 0.610225, 0.114631, 0.148225], 
              [0.0440721, 0.0633964, 0.690793, 0.201739], 
              [0.058045, 0.332649, 0.0286126, 0.580694], 
              [0.0358468, 0.253171, 0.664036, 0.0469459], 
              [0.0603301, 0.48303, 0.16717, 0.28947], 
              [0.0178124, 0.0763858, 0.650227, 0.255575], 
              [0.490712, 0.223541, 0.134153, 0.151595], 
              [0.0697387, 0.352369, 0.152784, 0.425108], 
              [0.0914414, 0.270315, 0.164973, 0.47327]
            ]
          }, {
            "db": 0,
            "id": "filter127",
            "len": 14,
            "nsites": 14,
            "evalue": "1.0e+000",
            "pwm": [
              [0.106426, 0.220113, 0.540426, 0.133035], 
              [0.509348, 0.229248, 0.123106, 0.138298], 
              [0.197277, 0.453546, 0.144355, 0.204823], 
              [0.0216332, 0.775623, 0.195409, 0.00733389], 
              [0.396216, 0.170948, 0.0100134, 0.422823], 
              [0.225651, 0.291872, 0.252656, 0.229821], 
              [0.703391, 0.0405919, 0.159232, 0.0967848], 
              [0.00634043, 0.141376, 0.0128936, 0.83939], 
              [0.307092, 0.0548936, 0.385631, 0.252383], 
              [0.0789143, 0.362262, 0.336945, 0.221879], 
              [0.104241, 0.208993, 0.648255, 0.0385106], 
              [0.0255035, 0.478567, 0.337376, 0.158553], 
              [0.266654, 0.325528, 0.221184, 0.186634], 
              [0.202758, 0.485665, 0.112096, 0.199481]
            ]
          }, {
            "db": 0,
            "id": "filter128",
            "len": 11,
            "nsites": 11,
            "evalue": "1.0e+000",
            "pwm": [
              [0.17044, 0.275099, 0.178072, 0.376389], 
              [0.247523, 0.116315, 0.318874, 0.317288], 
              [0.328883, 0.104126, 0.521532, 0.0454595], 
              [0.0083964, 0.54918, 0.404694, 0.0377297], 
              [0.0122613, 0.0701351, 0.0294054, 0.888198], 
              [0.111162, 0.23791, 0.542243, 0.108685], 
              [0.652937, 0.0772703, 0.106306, 0.163486], 
              [0.125135, 0.0560631, 0.81318, 0.00562162], 
              [0.0112712, 0.23942, 0.499879, 0.24943], 
              [0.505429, 0.269549, 0.0813412, 0.143681], 
              [0.419459, 0.0863874, 0.187865, 0.306288]
            ]
          }, {
            "db": 0,
            "id": "filter129",
            "len": 11,
            "nsites": 11,
            "evalue": "1.0e+000",
            "pwm": [
              [0.210063, 0.145054, 0.264072, 0.380811], 
              [0.10145, 0.370009, 0.353063, 0.175477], 
              [0.213057, 0.174504, 0.175098, 0.437341], 
              [0.239297, 0.00720721, 0.751144, 0.00235135], 
              [0.732712, 0.0725135, 0.012955, 0.18182], 
              [0.00809851, 0.351046, 0.00512584, 0.635729], 
              [0.0777658, 0.414604, 0.226811, 0.28082], 
              [0.458306, 0.00314414, 0.530649, 0.0079009], 
              [0.271874, 0.216186, 0.241949, 0.269991], 
              [0.233031, 0.275738, 0.184477, 0.306753], 
              [0.265559, 0.274973, 0.218784, 0.240685]
            ]
          }, {
            "db": 0,
            "id": "filter13",
            "len": 14,
            "nsites": 14,
            "evalue": "1.0e+000",
            "pwm": [
              [0.341844, 0.190823, 0.27105, 0.196284], 
              [0.191735, 0.179323, 0.38279, 0.246152], 
              [0.270328, 0.325329, 0.219297, 0.185046], 
              [0.0673115, 0.00753249, 0.368491, 0.556665], 
              [0.491524, 0.377428, 0.106237, 0.0248108], 
              [0.283858, 0.0033617, 0.28783, 0.42495], 
              [0.0566754, 0.00236873, 0.755116, 0.18584], 
              [0.363688, 0.00862411, 0.314043, 0.313645], 
              [0.170369, 0.345121, 0.197674, 0.286837], 
              [0.0815035, 0.382752, 0.160539, 0.375206], 
              [0.733447, 0.00256738, 0.246227, 0.0177589], 
              [0.110199, 0.370241, 0.473106, 0.0464539], 
              [0.303418, 0.254369, 0.264, 0.178213], 
              [0.116442, 0.27549, 0.361468, 0.2466]
            ]
          }, {
            "db": 0,
            "id": "filter130",
            "len": 11,
            "nsites": 11,
            "evalue": "1.0e+000",
            "pwm": [
              [0.323333, 0.313423, 0.191928, 0.171315], 
              [0.103631, 0.0538829, 0.272991, 0.569495], 
              [0.216207, 0.0195946, 0.502306, 0.261892], 
              [0.619701, 0.31841, 0.0532934, 0.00859523], 
              [0.230874, 0.311144, 0.421045, 0.0369369], 
              [0.0526937, 0.317586, 0.209369, 0.420351], 
              [0.0623063, 0.0271261, 0.171514, 0.739054], 
              [0.00314414, 0.0364414, 0.626775, 0.33364], 
              [0.551603, 0.207862, 0.0989633, 0.141572], 
              [0.431989, 0.231293, 0.150123, 0.186595], 
              [0.231468, 0.259018, 0.153577, 0.355937]
            ]
          }, {
            "db": 0,
            "id": "filter131",
            "len": 10,
            "nsites": 10,
            "evalue": "1.0e+000",
            "pwm": [
              [0.421584, 0.220396, 0.149703, 0.208317], 
              [0.0981188, 0.381683, 0.0443564, 0.475842], 
              [0.425092, 0.144767, 0.134667, 0.295475], 
              [0.0227723, 0.0462376, 0.66396, 0.26703], 
              [0.211782, 0.38297, 0.277426, 0.127822], 
              [0.0330693, 0.0849505, 0.264158, 0.617822], 
              [0.527525, 0.00405941, 0.448713, 0.019703], 
              [0.183366, 0.0964356, 0.594752, 0.125446], 
              [0.0946627, 0.426379, 0.251708, 0.22725], 
              [0.34802, 0.25099, 0.010495, 0.390495]
            ]
          }, {
            "db": 0,
            "id": "filter132",
            "len": 12,
            "nsites": 12,
            "evalue": "1.0e+000",
            "pwm": [
              [0.228502, 0.136559, 0.161752, 0.473188], 
              [0.320877, 0.0464914, 0.540128, 0.0925034], 
              [0.270826, 0.417207, 0.0173388, 0.294628], 
              [0.0591901, 0.192083, 0.0062314, 0.742496], 
              [0.0461983, 0.384777, 0.527983, 0.0410413], 
              [0.591157, 0.0521488, 0.280248, 0.0764463], 
              [0.157273, 0.380612, 0.188314, 0.273802], 
              [0.250298, 0.188909, 0.25714, 0.303653], 
              [0.064155, 0.0105959, 0.658958, 0.266291], 
              [0.155007, 0.444623, 0.367557, 0.032813], 
              [0.495157, 0.246231, 0.130595, 0.128017], 
              [0.114231, 0.0584959, 0.538198, 0.289074]
            ]
          }, {
            "db": 0,
            "id": "filter133",
            "len": 17,
            "nsites": 17,
            "evalue": "1.0e+000",
            "pwm": [
              [0.262898, 0.207728, 0.340633, 0.188742], 
              [0.230117, 0.184187, 0.24662, 0.339076], 
              [0.46255, 0.168579, 0.187766, 0.181105], 
              [0.60014, 0.12414, 0.273561, 0.00215789], 
              [0.0195556, 0.347327, 0.337287, 0.29583], 
              [0.342789, 0.419147, 0.155372, 0.0826923], 
              [0.308655, 0.104556, 0.0180643, 0.568725], 
              [0.246123, 0.0327778, 0.00623392, 0.714865], 
              [0.457533, 0.131782, 0.0650814, 0.345603], 
              [0.38262, 0.0171696, 0.18707, 0.41314], 
              [0.579818, 0.125246, 0.135089, 0.159846], 
              [0.223931, 0.426618, 0.0459955, 0.303455], 
              [0.0585263, 0.42338, 0.351304, 0.166789], 
              [0.154363, 0.0767193, 0.658895, 0.110023], 
              [0.0689649, 0.163509, 0.325655, 0.441871], 
              [0.0608129, 0.323766, 0.358064, 0.257357], 
              [0.294339, 0.188363, 0.271573, 0.245725]
            ]
          }, {
            "db": 0,
            "id": "filter134",
            "len": 11,
            "nsites": 11,
            "evalue": "1.0e+000",
            "pwm": [
              [0.264667, 0.315505, 0.232162, 0.187667], 
              [0.268406, 0.320626, 0.224311, 0.186657], 
              [0.172207, 0.239297, 0.415892, 0.172604], 
              [0.00433333, 0.517766, 0.109279, 0.368622], 
