MEME version 4

ALPHABET= ACGT

Background letter frequencies:
A 0.2500 C 0.2500 G 0.2500 T 0.2500 

MOTIF filter0 
letter-probability matrix: alength= 4 w= 12 nsites= 12 
0.2324 0.1491 0.2390 0.3795 
0.1941 0.2456 0.1433 0.4169 
0.3655 0.1223 0.4180 0.0941 
0.0000 0.7058 0.0002 0.2940 
0.2451 0.0041 0.6732 0.0776 
0.0217 0.2343 0.0000 0.7440 
0.5763 0.0118 0.2153 0.1966 
0.6996 0.0499 0.2190 0.0315 
0.0521 0.2140 0.0528 0.6811 
0.2444 0.2203 0.3185 0.2168 
0.2529 0.2652 0.2532 0.2286 
0.2357 0.2274 0.2271 0.3098 

MOTIF filter1 
letter-probability matrix: alength= 4 w= 9 nsites= 9 
0.2572 0.1757 0.3718 0.1953 
0.4606 0.1988 0.2788 0.0618 
0.3064 0.2044 0.2646 0.2247 
0.0056 0.0203 0.0000 0.9742 
0.0001 0.6494 0.3254 0.0251 
0.4905 0.0004 0.5089 0.0003 
0.3801 0.1995 0.1113 0.3092 
0.0028 0.3461 0.1797 0.4715 
0.2966 0.2684 0.1819 0.2531 

MOTIF filter2 
letter-probability matrix: alength= 4 w= 10 nsites= 10 
0.1394 0.1273 0.1906 0.5427 
0.2572 0.2397 0.2516 0.2516 
0.4290 0.2229 0.3482 0.0000 
0.0106 0.8692 0.0030 0.1172 
0.1530 0.0378 0.6351 0.1741 
0.0529 0.2550 0.5953 0.0968 
0.6601 0.0000 0.3388 0.0010 
0.0000 0.3162 0.2984 0.3855 
0.2772 0.1909 0.3158 0.2161 
0.3834 0.1673 0.2154 0.2339 

MOTIF filter3 
letter-probability matrix: alength= 4 w= 11 nsites= 11 
0.1120 0.1572 0.1800 0.5508 
0.1299 0.2027 0.2205 0.4469 
0.0317 0.4839 0.2206 0.2638 
0.0021 0.9577 0.0000 0.0402 
0.3244 0.1956 0.1738 0.3062 
0.1203 0.4154 0.4426 0.0217 
0.0000 0.7441 0.2522 0.0037 
0.4963 0.1745 0.3292 0.0000 
0.6650 0.0606 0.1781 0.0963 
0.3904 0.2999 0.0002 0.3095 
0.2697 0.2263 0.3535 0.1505 

MOTIF filter4 
letter-probability matrix: alength= 4 w= 17 nsites= 17 
0.3493 0.1523 0.1250 0.3733 
0.3866 0.0530 0.1821 0.3783 
0.2765 0.2086 0.2136 0.3013 
0.1565 0.0894 0.0960 0.6581 
0.0637 0.0795 0.7260 0.1308 
0.1780 0.4106 0.1258 0.2856 
0.1548 0.0538 0.3278 0.4636 
0.1184 0.0000 0.7889 0.0927 
0.5124 0.0414 0.4437 0.0025 
0.0075 0.6366 0.3444 0.0116 
0.3510 0.0497 0.4023 0.1970 
0.0985 0.6175 0.0480 0.2359 
0.1283 0.0381 0.7401 0.0935 
0.0281 0.0075 0.6391 0.3253 
0.1093 0.0315 0.8146 0.0447 
0.2276 0.1689 0.5075 0.0960 
0.1291 0.4272 0.2235 0.2202 

MOTIF filter5 
letter-probability matrix: alength= 4 w= 12 nsites= 12 
0.2731 0.1893 0.2424 0.2952 
0.2631 0.1609 0.4373 0.1387 
0.2111 0.3418 0.2222 0.2248 
0.0496 0.3171 0.6332 0.0001 
0.0041 0.0000 0.9395 0.0565 
0.0101 0.4519 0.5248 0.0132 
0.1987 0.4152 0.2700 0.1161 
0.3723 0.0025 0.6252 0.0000 
0.0005 0.0000 0.5032 0.4963 
0.3667 0.2656 0.2386 0.1291 
0.2584 0.1440 0.2572 0.3404 
0.2317 0.2841 0.2319 0.2522 

MOTIF filter6 
letter-probability matrix: alength= 4 w= 10 nsites= 10 
0.3631 0.0356 0.3885 0.2128 
0.4160 0.3187 0.2654 0.0000 
0.2574 0.2502 0.2317 0.2606 
0.5107 0.2556 0.2334 0.0003 
0.0001 0.8641 0.0000 0.1358 
0.0006 0.1955 0.8040 0.0000 
0.0002 0.1909 0.7560 0.0529 
0.3884 0.3847 0.0480 0.1790 
0.4313 0.1816 0.2542 0.1329 
0.2152 0.1963 0.3783 0.2102 

MOTIF filter7 
letter-probability matrix: alength= 4 w= 13 nsites= 13 
0.3046 0.2806 0.1649 0.2499 
0.2575 0.4716 0.1764 0.0945 
0.0551 0.2916 0.1860 0.4673 
0.0038 0.5974 0.2351 0.1637 
0.2225 0.4274 0.1029 0.2472 
0.1064 0.6165 0.0170 0.2601 
0.0020 0.6950 0.3030 0.0000 
0.1675 0.3196 0.2345 0.2784 
0.0312 0.6978 0.1022 0.1688 
0.0002 0.2550 0.6266 0.1181 
0.0961 0.2573 0.0218 0.6248 
0.0004 0.3676 0.4060 0.2261 
0.1915 0.4061 0.1633 0.2391 

MOTIF filter8 
letter-probability matrix: alength= 4 w= 12 nsites= 12 
0.2045 0.0697 0.3212 0.4046 
0.1978 0.5842 0.0390 0.1790 
0.1132 0.2808 0.0985 0.5075 
0.8094 0.0041 0.1441 0.0425 
0.0780 0.0863 0.3426 0.4930 
0.5041 0.0479 0.1161 0.3320 
0.0597 0.0699 0.7231 0.1474 
0.4732 0.2930 0.0236 0.2103 
0.0253 0.0604 0.0388 0.8754 
0.2800 0.1213 0.4822 0.1165 
0.0956 0.3418 0.4098 0.1528 
0.1744 0.3455 0.2599 0.2202 

MOTIF filter9 
letter-probability matrix: alength= 4 w= 12 nsites= 12 
0.0981 0.5592 0.2106 0.1320 
0.3636 0.1658 0.3022 0.1684 
0.2177 0.2276 0.1872 0.3675 
0.6220 0.1022 0.2748 0.0010 
0.0941 0.0280 0.0869 0.7910 
0.2063 0.1063 0.2686 0.4188 
0.1671 0.0206 0.5027 0.3096 
0.0050 0.1838 0.7612 0.0500 
0.0640 0.1673 0.6897 0.0789 
0.1478 0.5407 0.0863 0.2252 
0.3392 0.5176 0.0255 0.1177 
0.5305 0.1483 0.0142 0.3070 

MOTIF filter10 
letter-probability matrix: alength= 4 w= 11 nsites= 11 
0.1805 0.4143 0.1780 0.2271 
0.3545 0.1217 0.2487 0.2752 
0.2580 0.2420 0.2161 0.2839 
0.4407 0.0024 0.5568 0.0000 
0.0043 0.3464 0.0000 0.6493 
0.3649 0.6251 0.0000 0.0101 
0.5825 0.0005 0.2628 0.1543 
0.4439 0.0112 0.5242 0.0207 
0.0000 0.4658 0.2713 0.2629 
0.3928 0.2423 0.0823 0.2825 
0.1721 0.3003 0.0916 0.4360 

MOTIF filter11 
letter-probability matrix: alength= 4 w= 11 nsites= 11 
0.1916 0.2647 0.2635 0.2802 
0.3571 0.1494 0.3113 0.1821 
0.2252 0.2974 0.4067 0.0708 
0.0048 0.2770 0.7183 0.0000 
0.9522 0.0000 0.0478 0.0000 
0.4125 0.5182 0.0000 0.0693 
0.1157 0.1931 0.6881 0.0031 
0.0769 0.1122 0.2189 0.5920 
0.1153 0.0540 0.8144 0.0164 
0.2876 0.2705 0.3018 0.1401 
0.2318 0.3181 0.1718 0.2784 

MOTIF filter12 
letter-probability matrix: alength= 4 w= 14 nsites= 14 
0.2580 0.1858 0.1208 0.4354 
0.1744 0.2500 0.4645 0.1111 
0.4037 0.2766 0.2061 0.1136 
0.0008 0.0118 0.0182 0.9692 
0.0004 0.0000 0.1968 0.8028 
0.4058 0.4802 0.1128 0.0013 
0.1727 0.6926 0.0883 0.0465 
0.0726 0.0384 0.6195 0.2694 
0.0279 0.7023 0.2103 0.0595 
0.6094 0.0013 0.2568 0.1326 
0.6524 0.1634 0.0591 0.1250 
0.5465 0.1263 0.0241 0.3032 
0.3328 0.1419 0.1698 0.3556 
0.2285 0.2441 0.1216 0.4058 

MOTIF filter13 
letter-probability matrix: alength= 4 w= 12 nsites= 12 
0.2127 0.4550 0.1644 0.1679 
0.3672 0.1035 0.3594 0.1699 
0.1053 0.1732 0.2264 0.4951 
0.5589 0.2045 0.2304 0.0062 
0.2326 0.0565 0.2904 0.4206 
0.1368 0.1291 0.7335 0.0007 
0.4848 0.3546 0.1055 0.0552 
0.0135 0.1917 0.7855 0.0093 
0.0073 0.0898 0.8107 0.0922 
0.0876 0.5060 0.1183 0.2882 
0.2723 0.1392 0.5627 0.0258 
0.0940 0.4000 0.4338 0.0722 

MOTIF filter14 
letter-probability matrix: alength= 4 w= 12 nsites= 12 
0.2418 0.2979 0.2426 0.2176 
0.2405 0.2263 0.3480 0.1852 
0.2021 0.2456 0.4052 0.1471 
0.5994 0.0019 0.0542 0.3445 
0.0000 0.0711 0.0498 0.8791 
0.0000 0.6005 0.0003 0.3992 
0.5226 0.0820 0.3954 0.0000 
0.9984 0.0000 0.0016 0.0000 
0.1827 0.0000 0.0019 0.8154 
0.1669 0.4101 0.2421 0.1808 
0.2307 0.3034 0.2568 0.2092 
0.2266 0.2623 0.2808 0.2304 

MOTIF filter15 
letter-probability matrix: alength= 4 w= 10 nsites= 10 
0.4152 0.0142 0.4176 0.1530 
0.4807 0.1653 0.2923 0.0617 
0.2453 0.0664 0.0928 0.5955 
0.0001 0.6657 0.3342 0.0000 
0.5579 0.0264 0.0023 0.4134 
0.2021 0.3199 0.4733 0.0047 
0.3723 0.0929 0.0067 0.5282 
0.0776 0.2905 0.2607 0.3712 
0.2282 0.3469 0.1195 0.3055 
0.2876 0.0992 0.3893 0.2238 

MOTIF filter16 
letter-probability matrix: alength= 4 w= 10 nsites= 10 
0.3194 0.2323 0.2771 0.1712 
0.1510 0.3147 0.4856 0.0488 
0.3471 0.0257 0.2851 0.3422 
0.0381 0.8029 0.0000 0.1590 
0.1196 0.5771 0.2154 0.0879 
0.0189 0.5126 0.0757 0.3927 
0.0930 0.0471 0.8592 0.0008 
0.1856 0.2319 0.2550 0.3275 
0.3303 0.2793 0.2501 0.1404 
0.3144 0.3363 0.1277 0.2216 

MOTIF filter17 
letter-probability matrix: alength= 4 w= 12 nsites= 12 
0.5014 0.0085 0.2300 0.2602 
0.0803 0.2568 0.1874 0.4755 
0.1451 0.2728 0.0783 0.5039 
0.0627 0.8966 0.0000 0.0407 
0.0906 0.6501 0.0071 0.2522 
0.0636 0.7773 0.0709 0.0881 
0.1011 0.0270 0.7915 0.0803 
0.0220 0.0574 0.6700 0.2506 
0.4618 0.0000 0.3808 0.1574 
0.4876 0.1840 0.2124 0.1160 
0.3499 0.1746 0.2178 0.2577 
0.2487 0.2490 0.2240 0.2783 

MOTIF filter18 
letter-probability matrix: alength= 4 w= 14 nsites= 14 
0.2261 0.2652 0.3145 0.1942 
0.2146 0.2104 0.3243 0.2507 
0.4356 0.1640 0.3736 0.0268 
0.0446 0.0217 0.1759 0.7578 
0.0140 0.0004 0.2609 0.7246 
0.2478 0.0000 0.5410 0.2112 
0.0008 0.6851 0.2597 0.0544 
0.0710 0.0969 0.7943 0.0378 
0.1368 0.5618 0.0659 0.2354 
0.7348 0.0102 0.2291 0.0259 
0.2639 0.0004 0.7148 0.0208 
0.2261 0.1096 0.4433 0.2210 
0.4450 0.1050 0.3910 0.0591 
0.2996 0.2002 0.3961 0.1041 

MOTIF filter19 
letter-probability matrix: alength= 4 w= 14 nsites= 14 
0.2014 0.1971 0.2083 0.3932 
0.5802 0.1153 0.1637 0.1408 
0.2598 0.3565 0.2115 0.1722 
0.1254 0.0032 0.0680 0.8034 
0.2726 0.0250 0.1111 0.5914 
0.1482 0.5292 0.3034 0.0191 
0.0058 0.7635 0.0000 0.2306 
0.3666 0.0000 0.5994 0.0340 
0.0096 0.1036 0.8698 0.0170 
0.7726 0.0696 0.0149 0.1429 
0.6902 0.0956 0.1217 0.0925 
0.0244 0.2423 0.5106 0.2226 
0.1382 0.3762 0.0999 0.3858 
0.1993 0.2311 0.3911 0.1785 

MOTIF filter20 
letter-probability matrix: alength= 4 w= 13 nsites= 13 
0.2290 0.1312 0.3883 0.2515 
0.1638 0.3286 0.3711 0.1365 
0.2014 0.5017 0.0830 0.2140 
0.0946 0.5566 0.3329 0.0159 
0.1405 0.3576 0.0257 0.4762 
0.0010 0.0316 0.6569 0.3105 
0.8562 0.1322 0.0000 0.0117 
0.0081 0.8849 0.0185 0.0884 
0.0052 0.2718 0.2608 0.4622 
0.0499 0.5587 0.3766 0.0147 
0.3830 0.2832 0.0525 0.2813 
0.3923 0.2256 0.0480 0.3340 
0.2035 0.3597 0.2145 0.2223 

MOTIF filter21 
letter-probability matrix: alength= 4 w= 9 nsites= 9 
0.1064 0.3341 0.3132 0.2463 
0.0080 0.4913 0.3053 0.1954 
0.2175 0.0000 0.3300 0.4525 
0.0342 0.1627 0.0003 0.8028 
0.1591 0.0000 0.8104 0.0305 
0.0132 0.3410 0.0003 0.6454 
0.3176 0.2284 0.3844 0.0696 
0.3876 0.2382 0.0323 0.3418 
0.1847 0.2953 0.3077 0.2123 

MOTIF filter22 
letter-probability matrix: alength= 4 w= 14 nsites= 14 
0.1486 0.3523 0.2303 0.2688 
0.2396 0.4268 0.1579 0.1757 
0.0612 0.3858 0.1715 0.3816 
0.1359 0.6640 0.1977 0.0024 
0.0292 0.4816 0.1989 0.2902 
0.1347 0.0118 0.8535 0.0000 
0.0000 0.1459 0.7875 0.0666 
0.0832 0.0226 0.4961 0.3981 
0.4132 0.3246 0.0000 0.2622 
0.2679 0.1398 0.5347 0.0576 
0.1079 0.2495 0.5865 0.0561 
0.4111 0.0190 0.4879 0.0820 
0.2688 0.2119 0.5057 0.0136 
0.2381 0.4898 0.1377 0.1344 

MOTIF filter23 
letter-probability matrix: alength= 4 w= 15 nsites= 15 
0.2000 0.2575 0.2500 0.2925 
0.1400 0.1675 0.4000 0.2925 
0.0150 0.4300 0.2750 0.2800 
0.0525 0.6925 0.1100 0.1450 
0.7225 0.0100 0.2350 0.0325 
0.0000 0.9200 0.0100 0.0700 
0.0000 0.0000 0.0000 1.0000 
0.0000 0.0000 0.0000 1.0000 
0.0000 0.9825 0.0000 0.0175 
0.0250 0.9675 0.0075 0.0000 
0.0000 0.0025 0.8375 0.1600 
0.0000 0.2700 0.6500 0.0800 
0.2025 0.2225 0.2525 0.3225 
0.1925 0.2200 0.3125 0.2750 
0.2475 0.2425 0.1975 0.3125 

MOTIF filter24 
letter-probability matrix: alength= 4 w= 14 nsites= 14 
0.3239 0.2343 0.1692 0.2727 
0.3741 0.2769 0.1626 0.1864 
0.3368 0.1604 0.3648 0.1379 
0.0832 0.6800 0.1482 0.0886 
0.0619 0.1698 0.0545 0.7137 
0.1770 0.0968 0.4095 0.3167 
0.2574 0.7248 0.0178 0.0000 
0.0000 0.7100 0.0060 0.2839 
0.3432 0.0772 0.2104 0.3692 
0.2747 0.1346 0.5266 0.0641 
0.0000 0.0237 0.6874 0.2890 
0.2312 0.4994 0.0263 0.2430 
0.3962 0.3303 0.0993 0.1742 
0.1527 0.3410 0.3556 0.1507 

MOTIF filter25 
letter-probability matrix: alength= 4 w= 7 nsites= 7 
0.2924 0.4166 0.1772 0.1138 
0.0983 0.0414 0.5215 0.3388 
0.3638 0.3272 0.0004 0.3086 
0.0162 0.0484 0.9228 0.0125 
0.1900 0.1619 0.4921 0.1560 
0.1384 0.3336 0.3983 0.1297 
0.2123 0.3546 0.2035 0.2296 

MOTIF filter26 
letter-probability matrix: alength= 4 w= 13 nsites= 13 
0.2148 0.4149 0.1375 0.2327 
0.1261 0.2385 0.2200 0.4154 
0.2224 0.1160 0.5890 0.0727 
0.3638 0.5278 0.0153 0.0931 
0.1048 0.0747 0.1637 0.6567 
0.0558 0.0254 0.4453 0.4735 
0.5065 0.4795 0.0112 0.0029 
0.3713 0.2429 0.3023 0.0835 
0.0270 0.0018 0.8791 0.0921 
0.2151 0.6305 0.0529 0.1015 
0.5628 0.0558 0.2019 0.1796 
0.0586 0.0810 0.5392 0.3212 
0.1292 0.4331 0.0262 0.4115 

MOTIF filter27 
letter-probability matrix: alength= 4 w= 12 nsites= 12 
0.2602 0.2769 0.2643 0.1986 
0.2902 0.2349 0.2502 0.2247 
0.2357 0.3024 0.2267 0.2351 
0.4769 0.0061 0.4970 0.0201 
0.3975 0.2459 0.1609 0.1956 
0.3821 0.3847 0.2332 0.0000 
0.0000 0.3251 0.4531 0.2217 
0.4501 0.0609 0.4743 0.0147 
0.0000 0.4253 0.0764 0.4983 
0.0336 0.1701 0.4038 0.3925 
0.0477 0.2585 0.3320 0.3617 
0.1820 0.2820 0.2863 0.2497 

MOTIF filter28 
letter-probability matrix: alength= 4 w= 15 nsites= 15 
0.2120 0.3159 0.2430 0.2291 
0.2417 0.0962 0.3475 0.3146 
0.1875 0.4508 0.0865 0.2753 
0.1262 0.0526 0.0726 0.7486 
0.4230 0.2023 0.2369 0.1378 
0.3191 0.0478 0.1104 0.5227 
0.1452 0.1475 0.4443 0.2630 
0.0397 0.8845 0.0226 0.0532 
0.2581 0.1045 0.0058 0.6315 
0.0803 0.1478 0.3462 0.4256 
0.9151 0.0016 0.0829 0.0003 
0.0148 0.0452 0.4511 0.4889 
0.3662 0.4453 0.0229 0.1655 
0.3533 0.0674 0.3533 0.2259 
0.1400 0.2152 0.4579 0.1868 

MOTIF filter29 
letter-probability matrix: alength= 4 w= 9 nsites= 9 
0.2372 0.2639 0.2142 0.2847 
0.2069 0.2476 0.3339 0.2116 
0.2685 0.0820 0.3330 0.3165 
0.0208 0.9792 0.0000 0.0000 
0.4997 0.0015 0.2564 0.2423 
0.0093 0.0000 0.9147 0.0761 
0.2263 0.4288 0.0033 0.3416 
0.2649 0.2310 0.2265 0.2776 
0.2427 0.2578 0.2633 0.2363 

MOTIF filter30 
letter-probability matrix: alength= 4 w= 12 nsites= 12 
0.2828 0.2979 0.2592 0.1600 
0.3109 0.1007 0.3103 0.2781 
0.0790 0.2732 0.2169 0.4309 
0.0101 0.9276 0.0047 0.0575 
0.2125 0.1747 0.3948 0.2181 
0.2902 0.0006 0.7080 0.0013 
0.5448 0.2495 0.0006 0.2052 
0.2073 0.1883 0.0000 0.6044 
0.0229 0.0249 0.9361 0.0161 
0.1849 0.1134 0.5028 0.1990 
0.2531 0.1729 0.3371 0.2369 
0.1790 0.3451 0.1580 0.3179 

MOTIF filter31 
letter-probability matrix: alength= 4 w= 12 nsites= 12 
0.2267 0.2472 0.3156 0.2105 
0.3535 0.2043 0.2111 0.2311 
0.4514 0.1913 0.1250 0.2323 
0.1150 0.0499 0.0201 0.8150 
0.0233 0.0059 0.0165 0.9544 
0.7012 0.1931 0.0015 0.1041 
0.7316 0.1038 0.0311 0.1334 
0.5663 0.2400 0.1895 0.0042 
0.0679 0.0015 0.6118 0.3189 
0.2967 0.1655 0.2761 0.2618 
0.1817 0.3332 0.1823 0.3029 
0.3636 0.1934 0.1987 0.2442 

MOTIF filter32 
letter-probability matrix: alength= 4 w= 10 nsites= 10 
0.2812 0.1962 0.2644 0.2582 
0.3072 0.1497 0.2484 0.2947 
0.2083 0.2848 0.1512 0.3557 
0.0500 0.0002 0.0106 0.9392 
0.5533 0.3628 0.0007 0.0832 
0.3253 0.0001 0.6746 0.0000 
0.9204 0.0134 0.0291 0.0370 
0.4249 0.0889 0.3001 0.1860 
0.1955 0.3944 0.1853 0.2248 
0.2639 0.2609 0.1362 0.3390 

MOTIF filter33 
letter-probability matrix: alength= 4 w= 11 nsites= 11 
0.1990 0.3170 0.3718 0.1122 
0.2029 0.1795 0.3913 0.2263 
0.2170 0.0726 0.4109 0.2995 
0.1881 0.0000 0.6634 0.1484 
0.1127 0.3212 0.5661 0.0000 
0.0373 0.9124 0.0000 0.0503 
0.3548 0.0253 0.2924 0.3275 
0.1740 0.0001 0.6832 0.1426 
0.1275 0.1537 0.4952 0.2236 
0.3302 0.2567 0.1807 0.2324 
0.3923 0.3637 0.0660 0.1781 

MOTIF filter34 
letter-probability matrix: alength= 4 w= 11 nsites= 11 
0.0965 0.3143 0.2872 0.3021 
0.0888 0.1677 0.3674 0.3760 
0.3022 0.0716 0.2847 0.3415 
0.2119 0.7520 0.0359 0.0001 
0.0226 0.3944 0.0013 0.5817 
0.1655 0.5482 0.0144 0.2719 
0.6372 0.0038 0.3128 0.0462 
0.0001 0.0145 0.7026 0.2827 
0.5179 0.3892 0.0178 0.0751 
0.6763 0.1185 0.1485 0.0567 
0.3025 0.2916 0.2603 0.1457 

MOTIF filter35 
letter-probability matrix: alength= 4 w= 14 nsites= 14 
0.3198 0.2784 0.2286 0.1733 
0.2707 0.2379 0.2335 0.2579 
0.2278 0.1714 0.4652 0.1356 
0.0180 0.2537 0.1174 0.6109 
0.1218 0.2525 0.3829 0.2429 
0.6627 0.3045 0.0190 0.0138 
0.0000 0.7855 0.2143 0.0002 
0.4433 0.0000 0.1731 0.3836 
0.0104 0.9887 0.0005 0.0005 
0.3402 0.1938 0.4660 0.0000 
0.0005 0.2961 0.0165 0.6869 
0.1884 0.2788 0.3486 0.1842 
0.0890 0.4209 0.1721 0.3180 
0.2184 0.2734 0.1859 0.3222 

MOTIF filter36 
letter-probability matrix: alength= 4 w= 14 nsites= 14 
0.0819 0.5897 0.1617 0.1667 
0.1546 0.4247 0.2999 0.1208 
0.4042 0.1667 0.1885 0.2405 
0.0138 0.2087 0.0829 0.6947 
0.2117 0.0034 0.0010 0.7840 
0.0268 0.0215 0.1929 0.7588 
0.5173 0.4425 0.0127 0.0275 
0.0711 0.4354 0.0242 0.4693 
0.0674 0.1037 0.4421 0.3868 
0.0151 0.0151 0.9450 0.0248 
0.0044 0.0517 0.7232 0.2207 
0.3744 0.3220 0.0845 0.2191 
0.5733 0.0973 0.0761 0.2533 
0.2610 0.2311 0.2365 0.2714 

MOTIF filter37 
letter-probability matrix: alength= 4 w= 10 nsites= 10 
0.3152 0.3740 0.2857 0.0251 
0.1559 0.2758 0.2726 0.2958 
0.2142 0.0000 0.4872 0.2986 
0.0807 0.3732 0.5371 0.0090 
0.1062 0.8295 0.0000 0.0644 
0.0000 0.0408 0.8247 0.1345 
0.0072 0.2981 0.5180 0.1767 
0.5506 0.1804 0.2673 0.0018 
0.3883 0.1398 0.4026 0.0693 
0.1164 0.3035 0.3221 0.2581 

MOTIF filter38 
letter-probability matrix: alength= 4 w= 14 nsites= 14 
0.3778 0.2686 0.0890 0.2646 
0.1779 0.1993 0.4139 0.2089 
0.2652 0.1289 0.0895 0.5163 
0.0349 0.8339 0.1233 0.0079 
0.4150 0.5653 0.0107 0.0090 
0.1092 0.0377 0.7348 0.1182 
0.0197 0.5670 0.2596 0.1537 
0.9803 0.0163 0.0017 0.0017 
0.2235 0.4685 0.0096 0.2984 
0.4071 0.0231 0.4493 0.1205 
0.0529 0.1109 0.0023 0.8339 
0.1042 0.1042 0.6199 0.1717 
0.1554 0.2432 0.5276 0.0738 
0.1661 0.3029 0.2247 0.3063 

MOTIF filter39 
letter-probability matrix: alength= 4 w= 12 nsites= 12 
0.0439 0.4038 0.2059 0.3463 
0.0767 0.3152 0.1855 0.4226 
0.4018 0.1998 0.2211 0.1773 
0.0218 0.5690 0.0189 0.3902 
0.3346 0.0000 0.4029 0.2625 
0.0000 0.9461 0.0024 0.0514 
0.4531 0.5076 0.0102 0.0291 
0.3149 0.3960 0.0590 0.2301 
0.0085 0.3251 0.5587 0.1077 
0.0002 0.1420 0.8002 0.0577 
0.2934 0.2352 0.2870 0.1844 
0.2764 0.3117 0.2325 0.1794 

MOTIF filter40 
letter-probability matrix: alength= 4 w= 13 nsites= 13 
0.3842 0.2046 0.2657 0.1454 
0.2303 0.2429 0.1927 0.3340 
0.1035 0.1729 0.2814 0.4422 
0.2524 0.0165 0.7262 0.0049 
0.0219 0.6258 0.3087 0.0436 
0.2715 0.0686 0.0245 0.6355 
0.0739 0.7690 0.1334 0.0237 
0.4038 0.0804 0.0234 0.4924 
0.1351 0.1583 0.2766 0.4300 
0.0082 0.4769 0.1342 0.3807 
0.3651 0.2379 0.0813 0.3157 
0.2098 0.2780 0.1967 0.3154 
0.2496 0.3326 0.1649 0.2530 

MOTIF filter41 
letter-probability matrix: alength= 4 w= 9 nsites= 9 
0.2807 0.3345 0.3250 0.0597 
0.0975 0.1931 0.4118 0.2975 
0.1496 0.1186 0.4960 0.2358 
0.6373 0.0000 0.3267 0.0360 
0.0008 0.6672 0.1978 0.1342 
0.0404 0.0000 0.0965 0.8631 
0.1128 0.4623 0.1432 0.2817 
0.3294 0.3496 0.0000 0.3211 
0.0659 0.3711 0.1881 0.3750 

MOTIF filter42 
letter-probability matrix: alength= 4 w= 15 nsites= 15 
0.2338 0.2747 0.2639 0.2277 
0.3396 0.3039 0.1929 0.1637 
0.4878 0.1162 0.3608 0.0353 
0.1124 0.0282 0.1228 0.7366 
0.0000 0.0000 0.0372 0.9628 
0.1834 0.0000 0.7103 0.1063 
0.4812 0.4153 0.0480 0.0555 
0.1830 0.2733 0.5343 0.0094 
0.0903 0.4252 0.0000 0.4845 
0.5715 0.4285 0.0000 0.0000 
0.9962 0.0024 0.0009 0.0005 
0.0009 0.3909 0.0898 0.5183 
0.2300 0.3236 0.2183 0.2281 
0.1961 0.2032 0.3067 0.2940 
0.2563 0.2211 0.2643 0.2582 

MOTIF filter43 
letter-probability matrix: alength= 4 w= 12 nsites= 12 
0.6139 0.1544 0.0824 0.1493 
0.1352 0.1914 0.1385 0.5349 
0.3730 0.1876 0.3992 0.0402 
0.0066 0.0140 0.0009 0.9785 
0.0786 0.2532 0.6476 0.0206 
0.2705 0.4277 0.1628 0.1390 
0.0211 0.0108 0.4160 0.5522 
0.0019 0.5264 0.4675 0.0042 
0.8690 0.0187 0.0739 0.0384 
0.1614 0.4988 0.0309 0.3088 
0.3599 0.0936 0.1249 0.4216 
0.2775 0.1366 0.0922 0.4937 

MOTIF filter44 
letter-probability matrix: alength= 4 w= 11 nsites= 11 
0.3992 0.1331 0.1733 0.2945 
0.4886 0.1182 0.3403 0.0530 
0.1157 0.0725 0.2415 0.5703 
0.0763 0.8182 0.0013 0.1042 
0.9754 0.0000 0.0114 0.0131 
0.0280 0.6886 0.2263 0.0572 
0.0767 0.4042 0.5157 0.0034 
0.1890 0.0119 0.0072 0.7919 
0.0822 0.0148 0.7352 0.1678 
0.3797 0.1775 0.1818 0.2610 
0.2220 0.2500 0.0619 0.4661 

MOTIF filter45 
letter-probability matrix: alength= 4 w= 15 nsites= 15 
0.2429 0.3961 0.1807 0.1803 
0.3034 0.2095 0.3617 0.1254 
0.0483 0.4123 0.1079 0.4315 
0.0139 0.4947 0.3723 0.1191 
0.7690 0.0735 0.1380 0.0195 
0.4768 0.0132 0.1175 0.3925 
0.0093 0.5960 0.0321 0.3627 
0.0000 0.4120 0.5880 0.0000 
0.5933 0.0000 0.4067 0.0000 
0.2459 0.6062 0.0450 0.1029 
0.0470 0.1145 0.3961 0.4424 
0.1085 0.4709 0.1463 0.2743 
0.3511 0.0794 0.5546 0.0149 
0.1072 0.2469 0.3713 0.2747 
0.1426 0.1430 0.3842 0.3302 

MOTIF filter46 
letter-probability matrix: alength= 4 w= 14 nsites= 14 
0.2550 0.4176 0.1024 0.2249 
0.2739 0.0412 0.2149 0.4699 
0.4065 0.2171 0.3018 0.0746 
0.9198 0.0067 0.0256 0.0479 
0.8998 0.0022 0.0902 0.0078 
0.5212 0.0390 0.4343 0.0056 
0.9788 0.0167 0.0045 0.0000 
0.0256 0.0033 0.1102 0.8608 
0.2383 0.0334 0.7205 0.0078 
0.0802 0.0078 0.9120 0.0000 
0.1793 0.6492 0.0557 0.1158 
0.1470 0.2450 0.3307 0.2773 
0.1826 0.1904 0.4833 0.1437 
0.2205 0.5546 0.0557 0.1693 

MOTIF filter47 
letter-probability matrix: alength= 4 w= 14 nsites= 14 
0.3550 0.2096 0.3032 0.1322 
0.2393 0.2378 0.2688 0.2541 
0.1608 0.4176 0.2142 0.2074 
0.1221 0.0150 0.1387 0.7241 
0.4099 0.0138 0.0334 0.5428 
0.1206 0.0399 0.5977 0.2418 
0.3409 0.6253 0.0046 0.0292 
0.0565 0.0460 0.8822 0.0153 
0.3388 0.2314 0.0209 0.4090 
0.1712 0.5499 0.0252 0.2538 
0.8533 0.0862 0.0405 0.0199 
0.0344 0.2774 0.2357 0.4526 
0.4020 0.1942 0.2347 0.1691 
0.2630 0.1731 0.2866 0.2774 

MOTIF filter48 
letter-probability matrix: alength= 4 w= 13 nsites= 13 
0.2486 0.1604 0.3838 0.2072 
0.3699 0.1985 0.3071 0.1245 
0.2544 0.2793 0.2454 0.2208 
0.0854 0.7766 0.1258 0.0123 
0.1429 0.6217 0.0934 0.1419 
0.1516 0.4756 0.0605 0.3123 
0.9880 0.0052 0.0068 0.0000 
0.0000 0.2722 0.0006 0.7271 
0.3033 0.1261 0.5251 0.0456 
0.3036 0.0000 0.3443 0.3521 
0.0314 0.0123 0.9564 0.0000 
0.2111 0.2147 0.2987 0.2755 
0.2755 0.1920 0.2082 0.3243 

MOTIF filter49 
letter-probability matrix: alength= 4 w= 16 nsites= 16 
0.3575 0.1455 0.1894 0.3076 
0.3622 0.1746 0.0920 0.3711 
0.3492 0.1419 0.1223 0.3866 
0.0629 0.1942 0.0730 0.6698 
0.2013 0.0131 0.3670 0.4186 
0.1277 0.6271 0.1128 0.1324 
0.0000 0.0564 0.0000 0.9436 
0.1698 0.1681 0.5689 0.0932 
0.7654 0.0914 0.1015 0.0416 
0.0125 0.1574 0.8141 0.0160 
0.2571 0.4359 0.0000 0.3070 
0.7441 0.2239 0.0143 0.0178 
0.7458 0.0546 0.0683 0.1312 
0.0950 0.1241 0.3515 0.4293 
0.2577 0.3124 0.1306 0.2993 
0.4086 0.1110 0.1336 0.3468 

MOTIF filter50 
letter-probability matrix: alength= 4 w= 11 nsites= 11 
0.2374 0.2849 0.2242 0.2535 
0.4076 0.1609 0.2228 0.2087 
0.2403 0.2490 0.3987 0.1120 
0.4260 0.0893 0.0134 0.4713 
0.4791 0.1440 0.0744 0.3024 
0.2475 0.0748 0.0017 0.6761 
0.0000 0.1981 0.8014 0.0006 
0.0535 0.6895 0.2151 0.0418 
0.2825 0.0330 0.1278 0.5567 
0.3514 0.2794 0.3615 0.0077 
0.5364 0.2347 0.1028 0.1262 

MOTIF filter51 
letter-probability matrix: alength= 4 w= 11 nsites= 11 
0.3467 0.1754 0.1852 0.2928 
0.2520 0.3028 0.0696 0.3756 
0.2401 0.2139 0.1352 0.4108 
0.5703 0.0034 0.3131 0.1132 
0.0471 0.0470 0.2079 0.6980 
0.5288 0.3378 0.1334 0.0000 
0.0000 0.4565 0.0419 0.5016 
0.4369 0.0825 0.4764 0.0042 
0.0129 0.1597 0.4405 0.3870 
0.2228 0.2562 0.3724 0.1486 
0.3602 0.1583 0.2543 0.2272 

MOTIF filter52 
letter-probability matrix: alength= 4 w= 13 nsites= 13 
0.2265 0.1876 0.2393 0.3466 
0.2200 0.2363 0.4405 0.1032 
0.3082 0.3684 0.2812 0.0422 
0.0000 0.7514 0.0000 0.2486 
0.0000 0.6564 0.3332 0.0103 
0.8968 0.0319 0.0101 0.0613 
0.0425 0.0833 0.2777 0.5965 
0.3098 0.0003 0.1301 0.5598 
0.0000 0.5456 0.2581 0.1963 
0.6017 0.0063 0.3357 0.0564 
0.1062 0.3368 0.1497 0.4073 
0.0934 0.1925 0.6199 0.0942 
0.1171 0.2497 0.5712 0.0621 

MOTIF filter53 
letter-probability matrix: alength= 4 w= 13 nsites= 13 
0.2123 0.2675 0.2098 0.3104 
0.3404 0.1146 0.0829 0.4621 
0.0669 0.0889 0.3470 0.4972 
0.2359 0.6958 0.0638 0.0045 
0.2509 0.6516 0.0136 0.0838 
0.0109 0.3135 0.6208 0.0548 
0.0361 0.0002 0.7541 0.2096 
0.0716 0.0014 0.3350 0.5921 
0.7951 0.1195 0.0326 0.0528 
0.6555 0.0729 0.0895 0.1821 
0.3763 0.2211 0.1043 0.2983 
0.2556 0.2291 0.1883 0.3270 
0.1640 0.3008 0.3564 0.1788 

MOTIF filter54 
letter-probability matrix: alength= 4 w= 10 nsites= 10 
0.2574 0.2120 0.2249 0.3057 
0.1799 0.2948 0.2213 0.3039 
0.2411 0.1617 0.2731 0.3241 
0.0020 0.4936 0.5043 0.0001 
0.4319 0.0299 0.2015 0.3367 
0.3481 0.0013 0.2256 0.4249 
0.0051 0.7931 0.1958 0.0061 
0.4029 0.0539 0.3681 0.1751 
0.1315 0.1530 0.4153 0.3002 
0.1511 0.2115 0.5502 0.0872 

MOTIF filter55 
letter-probability matrix: alength= 4 w= 11 nsites= 11 
0.2305 0.3275 0.3271 0.1148 
0.5620 0.2093 0.1212 0.1075 
0.0738 0.2864 0.2641 0.3757 
0.0000 0.6084 0.1643 0.2273 
0.6690 0.0050 0.1773 0.1487 
0.1395 0.1442 0.5945 0.1218 
0.0385 0.0127 0.0015 0.9473 
0.0068 0.3366 0.6431 0.0135 
0.2490 0.2325 0.2497 0.2688 
0.2481 0.3126 0.2701 0.1692 
0.1334 0.4229 0.1190 0.3247 

MOTIF filter56 
letter-probability matrix: alength= 4 w= 12 nsites= 12 
0.4135 0.0816 0.2665 0.2384 
0.4735 0.0886 0.1535 0.2843 
0.1995 0.1211 0.3789 0.3005 
0.1232 0.0411 0.1216 0.7141 
0.0286 0.3503 0.4622 0.1589 
0.6470 0.3411 0.0119 0.0000 
0.0000 0.0000 0.0768 0.9232 
0.0005 0.0941 0.7497 0.1557 
0.9735 0.0000 0.0005 0.0259 
0.3984 0.4168 0.1049 0.0800 
0.4027 0.0638 0.1335 0.4000 
0.0854 0.3838 0.1092 0.4216 

MOTIF filter57 
letter-probability matrix: alength= 4 w= 14 nsites= 14 
0.1431 0.4488 0.2856 0.1225 
0.2524 0.2589 0.1945 0.2942 
0.2974 0.3206 0.1743 0.2077 
0.7537 0.0432 0.1509 0.0522 
0.4045 0.0229 0.0711 0.5016 
0.2568 0.0512 0.2461 0.4458 
0.0000 0.0006 0.7213 0.2781 
0.0050 0.3041 0.6902 0.0008 
0.3183 0.4328 0.0006 0.2482 
0.0000 0.3372 0.5561 0.1067 
0.0200 0.2496 0.7180 0.0124 
0.3519 0.2301 0.3163 0.1017 
0.1764 0.2347 0.4517 0.1372 
0.2208 0.3172 0.1324 0.3296 

MOTIF filter58 
letter-probability matrix: alength= 4 w= 12 nsites= 12 
0.2111 0.2818 0.3157 0.1913 
0.3225 0.1801 0.3772 0.1202 
0.3487 0.2319 0.2762 0.1431 
0.0239 0.3437 0.0713 0.5610 
0.3749 0.4109 0.1994 0.0149 
0.4249 0.3428 0.2235 0.0087 
0.0528 0.0097 0.9374 0.0001 
0.0020 0.5289 0.0011 0.4679 
0.1947 0.6905 0.1090 0.0058 
0.5409 0.3246 0.0483 0.0862 
0.2233 0.3333 0.3196 0.1238 
0.1964 0.3224 0.1207 0.3605 

MOTIF filter59 
letter-probability matrix: alength= 4 w= 14 nsites= 14 
0.1826 0.1001 0.4885 0.2288 
0.1805 0.5010 0.1728 0.1456 
0.2799 0.2862 0.2876 0.1463 
0.1358 0.0595 0.6431 0.1617 
0.0406 0.8579 0.0518 0.0497 
0.0294 0.8985 0.0259 0.0462 
0.9734 0.0049 0.0140 0.0077 
0.1078 0.0035 0.0175 0.8712 
0.0889 0.4304 0.1449 0.3359 
0.1519 0.0721 0.0070 0.7691 
0.0035 0.0441 0.0007 0.9517 
0.1267 0.1260 0.5626 0.1847 
0.2967 0.1854 0.2862 0.2316 
0.2260 0.2988 0.2036 0.2715 

MOTIF filter60 
letter-probability matrix: alength= 4 w= 16 nsites= 16 
0.1972 0.3505 0.2717 0.1806 
0.2756 0.1964 0.2341 0.2940 
0.1241 0.2068 0.3993 0.2698 
0.0319 0.8163 0.0792 0.0726 
0.0304 0.0919 0.0803 0.7975 
0.4520 0.1095 0.4385 0.0000 
0.1430 0.0680 0.4508 0.3382 
0.1349 0.1349 0.2748 0.4554 
0.7352 0.0035 0.1118 0.1495 
0.1287 0.6845 0.1495 0.0373 
0.0092 0.0373 0.5450 0.4085 
0.3855 0.5046 0.0492 0.0607 
0.4846 0.0142 0.4719 0.0292 
0.2225 0.5669 0.1199 0.0907 
0.1214 0.2952 0.3075 0.2759 
0.1261 0.3044 0.2375 0.3321 

MOTIF filter61 
letter-probability matrix: alength= 4 w= 16 nsites= 16 
0.2233 0.2067 0.1976 0.3725 
0.1557 0.2374 0.3644 0.2424 
0.1976 0.1472 0.3286 0.3266 
0.0166 0.9330 0.0055 0.0449 
0.0050 0.3785 0.0292 0.5872 
0.8029 0.1426 0.0444 0.0101 
0.1346 0.0136 0.0076 0.8443 
0.4279 0.0786 0.2722 0.2213 
0.3987 0.0040 0.0005 0.5968 
0.5292 0.0680 0.0534 0.3493 
0.0020 0.0575 0.0045 0.9360 
0.4078 0.0751 0.5171 0.0000 
0.1139 0.0000 0.8755 0.0106 
0.1930 0.2944 0.1860 0.3266 
0.1341 0.5066 0.1784 0.1809 
0.3785 0.2303 0.1764 0.2147 

MOTIF filter62 
letter-probability matrix: alength= 4 w= 10 nsites= 10 
0.2310 0.2181 0.2347 0.3162 
0.2497 0.2379 0.3302 0.1822 
0.2848 0.3536 0.1995 0.1620 
0.0019 0.0253 0.9717 0.0011 
0.2142 0.2811 0.0016 0.5031 
0.8243 0.0023 0.0015 0.1719 
0.0283 0.7373 0.2339 0.0006 
0.2316 0.2805 0.2623 0.2256 
0.2711 0.2961 0.1956 0.2372 
0.2418 0.2213 0.2923 0.2446 

MOTIF filter63 
letter-probability matrix: alength= 4 w= 10 nsites= 10 
0.2320 0.2522 0.3289 0.1868 
0.0230 0.1476 0.4046 0.4248 
0.0000 0.2551 0.4334 0.3115 
0.0314 0.6154 0.0048 0.3483 
0.0149 0.9811 0.0041 0.0000 
0.2516 0.5075 0.1933 0.0476 
0.4340 0.0164 0.4877 0.0619 
0.2359 0.2332 0.2807 0.2502 
0.3092 0.2480 0.1980 0.2448 
0.2710 0.2432 0.2215 0.2644 

