MEME version 4

ALPHABET= ACGT

Background letter frequencies:
A 0.2500 C 0.2500 G 0.2500 T 0.2500 

MOTIF filter0 
letter-probability matrix: alength= 4 w= 13 nsites= 13 
0.2125 0.2149 0.2596 0.3131 
0.2782 0.2468 0.4699 0.0051 
0.3597 0.2588 0.2047 0.1768 
0.0362 0.7838 0.1800 0.0000 
0.0000 0.5021 0.4800 0.0178 
0.2231 0.0000 0.1539 0.6230 
0.0008 0.0210 0.6928 0.2854 
0.9539 0.0011 0.0450 0.0000 
0.3482 0.2263 0.0319 0.3935 
0.3810 0.1757 0.4433 0.0000 
0.2433 0.2101 0.3898 0.1568 
0.0887 0.1802 0.3509 0.3802 
0.1664 0.2268 0.3927 0.2141 

MOTIF filter1 
letter-probability matrix: alength= 4 w= 10 nsites= 10 
0.0314 0.4945 0.2457 0.2285 
0.1057 0.2865 0.5197 0.0881 
0.4487 0.0191 0.3950 0.1372 
0.0047 0.7219 0.2507 0.0226 
0.0447 0.8428 0.0005 0.1120 
0.1153 0.0088 0.7649 0.1111 
0.0159 0.3752 0.6080 0.0009 
0.1722 0.3063 0.0703 0.4512 
0.1698 0.4307 0.2905 0.1090 
0.2103 0.2788 0.4382 0.0727 

MOTIF filter2 
letter-probability matrix: alength= 4 w= 12 nsites= 12 
0.1024 0.4910 0.3045 0.1022 
0.1748 0.1107 0.1843 0.5303 
0.0829 0.1600 0.1440 0.6132 
0.3222 0.6728 0.0003 0.0048 
0.0240 0.7073 0.2651 0.0035 
0.0015 0.0493 0.3686 0.5806 
0.5008 0.2038 0.2767 0.0188 
0.3821 0.5123 0.0228 0.0829 
0.0065 0.5531 0.3070 0.1335 
0.0739 0.2752 0.0866 0.5643 
0.0914 0.3873 0.4294 0.0919 
0.3242 0.3826 0.1990 0.0941 

MOTIF filter3 
letter-probability matrix: alength= 4 w= 13 nsites= 13 
0.2345 0.2799 0.2237 0.2619 
0.3859 0.1400 0.2001 0.2740 
0.3125 0.1621 0.1594 0.3661 
0.1222 0.4015 0.0042 0.4722 
0.0930 0.2449 0.0693 0.5928 
0.4677 0.1805 0.1572 0.1947 
0.0841 0.1736 0.6275 0.1149 
0.0309 0.6242 0.2104 0.1344 
0.3139 0.0094 0.4856 0.1912 
0.7360 0.0521 0.1993 0.0126 
0.2144 0.0723 0.4023 0.3110 
0.3184 0.3212 0.0003 0.3600 
0.2548 0.0246 0.5630 0.1575 

MOTIF filter4 
letter-probability matrix: alength= 4 w= 12 nsites= 12 
0.1492 0.4430 0.1645 0.2432 
0.4515 0.1274 0.2853 0.1358 
0.4354 0.1778 0.1282 0.2586 
0.0052 0.2259 0.7676 0.0014 
0.6840 0.0318 0.0142 0.2701 
0.3783 0.0073 0.0432 0.5711 
0.0088 0.5840 0.3277 0.0795 
0.2998 0.1032 0.3821 0.2149 
0.0240 0.4894 0.0072 0.4794 
0.1885 0.2060 0.5009 0.1046 
0.3602 0.1118 0.4302 0.0979 
0.2344 0.3970 0.1920 0.1766 

MOTIF filter5 
letter-probability matrix: alength= 4 w= 14 nsites= 14 
0.4873 0.2289 0.2100 0.0737 
0.3933 0.0729 0.2819 0.2519 
0.0520 0.3678 0.0658 0.5144 
0.6257 0.0789 0.2721 0.0233 
0.2690 0.0048 0.4477 0.2785 
0.2056 0.1289 0.2450 0.4204 
0.6473 0.2140 0.1365 0.0022 
0.3032 0.3781 0.0710 0.2478 
0.0026 0.0508 0.3395 0.6072 
0.1255 0.6235 0.2296 0.0214 
0.6888 0.1944 0.0082 0.1085 
0.0000 0.3299 0.3225 0.3476 
0.1787 0.0705 0.5014 0.2495 
0.1125 0.5069 0.1070 0.2737 

MOTIF filter6 
letter-probability matrix: alength= 4 w= 13 nsites= 13 
0.2619 0.2093 0.3804 0.1484 
0.2619 0.2843 0.2776 0.1763 
0.1256 0.2850 0.4122 0.1771 
0.0279 0.6329 0.0110 0.3282 
0.0012 0.2207 0.3428 0.4354 
0.4653 0.0821 0.4503 0.0024 
0.0632 0.8143 0.0648 0.0577 
0.2309 0.1751 0.0063 0.5878 
0.0718 0.8492 0.0027 0.0762 
0.5049 0.2528 0.0008 0.2415 
0.0008 0.1759 0.0785 0.7448 
0.6612 0.1747 0.1099 0.0542 
0.1496 0.0777 0.6506 0.1221 

MOTIF filter7 
letter-probability matrix: alength= 4 w= 12 nsites= 12 
0.3373 0.1472 0.3579 0.1575 
0.1470 0.3968 0.2586 0.1976 
0.0585 0.5846 0.2684 0.0886 
0.4740 0.4865 0.0159 0.0236 
0.0124 0.5574 0.1408 0.2893 
0.0489 0.0001 0.9232 0.0277 
0.2411 0.0037 0.3350 0.4203 
0.2963 0.0000 0.3785 0.3252 
0.0000 0.5995 0.3994 0.0011 
0.1721 0.3400 0.1207 0.3671 
0.2242 0.1954 0.3599 0.2205 
0.1654 0.3110 0.2725 0.2511 

MOTIF filter8 
letter-probability matrix: alength= 4 w= 12 nsites= 12 
0.1840 0.4295 0.2030 0.1836 
0.4801 0.0940 0.2940 0.1319 
0.3297 0.4289 0.2036 0.0379 
0.5875 0.0224 0.2127 0.1774 
0.2514 0.1313 0.0836 0.5336 
0.1415 0.6755 0.0030 0.1800 
0.0010 0.2606 0.7384 0.0000 
0.1517 0.0120 0.7342 0.1022 
0.6510 0.1521 0.0283 0.1686 
0.2049 0.2704 0.0235 0.5011 
0.2103 0.1137 0.5656 0.1104 
0.1441 0.2311 0.2175 0.4073 

MOTIF filter9 
letter-probability matrix: alength= 4 w= 10 nsites= 10 
0.2106 0.2445 0.3647 0.1803 
0.3306 0.2938 0.3741 0.0015 
0.1053 0.0640 0.3771 0.4536 
0.3532 0.5500 0.0955 0.0013 
0.0000 0.4284 0.5715 0.0001 
0.0008 0.1599 0.5501 0.2891 
0.1205 0.5748 0.0027 0.3020 
0.0005 0.3859 0.2208 0.3928 
0.1968 0.3381 0.2417 0.2233 
0.2603 0.1923 0.3067 0.2406 

MOTIF filter10 
letter-probability matrix: alength= 4 w= 15 nsites= 15 
0.1545 0.1633 0.1775 0.5047 
0.0654 0.0907 0.5401 0.3039 
0.3910 0.2597 0.3072 0.0421 
0.1752 0.6339 0.1385 0.0525 
0.1026 0.7310 0.1638 0.0026 
0.4891 0.2791 0.0253 0.2065 
0.1835 0.4956 0.0922 0.2287 
0.7127 0.0036 0.2835 0.0003 
0.0000 0.0005 0.0005 0.9990 
0.2328 0.2204 0.4540 0.0928 
0.2674 0.0295 0.4114 0.2917 
0.0261 0.3331 0.4424 0.1984 
0.0548 0.1357 0.6597 0.1499 
0.1395 0.2685 0.3297 0.2623 
0.2579 0.4742 0.1685 0.0995 

MOTIF filter11 
letter-probability matrix: alength= 4 w= 15 nsites= 15 
0.1163 0.3936 0.2668 0.2233 
0.1739 0.3138 0.3325 0.1799 
0.5480 0.1733 0.2173 0.0614 
0.0700 0.1684 0.1008 0.6608 
0.0632 0.4535 0.3900 0.0933 
0.5903 0.0508 0.0817 0.2771 
0.0589 0.2507 0.6904 0.0000 
0.3232 0.0000 0.2890 0.3878 
0.0119 0.7202 0.0238 0.2441 
0.4752 0.0111 0.1682 0.3455 
0.0806 0.4185 0.2067 0.2941 
0.7283 0.0549 0.2130 0.0038 
0.1329 0.1984 0.1542 0.5144 
0.1960 0.1252 0.4418 0.2371 
0.1069 0.2543 0.3368 0.3021 

MOTIF filter12 
letter-probability matrix: alength= 4 w= 12 nsites= 12 
0.2003 0.1059 0.3705 0.3233 
0.3374 0.3574 0.0940 0.2113 
0.2524 0.3642 0.2919 0.0915 
0.0667 0.5041 0.0364 0.3928 
0.1283 0.0000 0.8573 0.0144 
0.1654 0.5559 0.0004 0.2782 
0.4339 0.0803 0.4833 0.0025 
0.0022 0.4929 0.2763 0.2286 
0.1765 0.0001 0.3862 0.4372 
0.2456 0.3048 0.0341 0.4154 
0.2157 0.2567 0.4254 0.1022 
0.2213 0.1987 0.3794 0.2006 

MOTIF filter13 
letter-probability matrix: alength= 4 w= 13 nsites= 13 
0.2457 0.3095 0.2215 0.2232 
0.3635 0.1645 0.2823 0.1896 
0.0574 0.4690 0.1246 0.3491 
0.0000 0.0200 0.0094 0.9707 
0.0000 0.0502 0.3333 0.6165 
0.3810 0.6190 0.0000 0.0000 
0.0106 0.5842 0.0000 0.4052 
0.0829 0.2449 0.4418 0.2304 
0.2793 0.0293 0.6913 0.0000 
0.0004 0.0072 0.8699 0.1224 
0.3567 0.4069 0.0319 0.2045 
0.3359 0.4366 0.0918 0.1356 
0.3044 0.3588 0.1565 0.1803 

MOTIF filter14 
letter-probability matrix: alength= 4 w= 12 nsites= 12 
0.1855 0.2998 0.2691 0.2456 
0.3051 0.3578 0.3192 0.0180 
0.3882 0.1143 0.2187 0.2788 
0.0000 0.5735 0.3702 0.0563 
0.1906 0.1611 0.0732 0.5751 
0.0000 0.4104 0.0000 0.5896 
0.5298 0.0050 0.4652 0.0000 
0.5090 0.1491 0.1048 0.2371 
0.0441 0.5746 0.3813 0.0000 
0.1682 0.2681 0.2509 0.3128 
0.1644 0.2571 0.3338 0.2446 
0.3369 0.2614 0.2410 0.1607 

MOTIF filter15 
letter-probability matrix: alength= 4 w= 13 nsites= 13 
0.3084 0.2970 0.1952 0.1995 
0.3853 0.2101 0.2866 0.1180 
0.3310 0.3528 0.2837 0.0325 
0.3477 0.0514 0.0511 0.5498 
0.3823 0.3040 0.3125 0.0013 
0.6464 0.1018 0.0048 0.2470 
0.4503 0.3952 0.1304 0.0241 
0.0765 0.0557 0.0017 0.8662 
0.1179 0.0915 0.6996 0.0910 
0.2405 0.0216 0.6303 0.1076 
0.0616 0.3363 0.1684 0.4337 
0.0067 0.3935 0.1562 0.4436 
0.3119 0.2128 0.2000 0.2752 

MOTIF filter16 
letter-probability matrix: alength= 4 w= 12 nsites= 12 
0.0883 0.2989 0.3340 0.2789 
0.1440 0.2100 0.1657 0.4804 
0.3045 0.3008 0.3621 0.0326 
0.7153 0.0242 0.2605 0.0000 
0.0193 0.7758 0.0001 0.2048 
0.2623 0.2403 0.2422 0.2552 
0.4081 0.5351 0.0487 0.0081 
0.2490 0.0023 0.7485 0.0003 
0.0013 0.2807 0.1241 0.5939 
0.2155 0.1060 0.5610 0.1175 
0.5110 0.2179 0.1237 0.1474 
0.2189 0.1655 0.1787 0.4369 

MOTIF filter17 
letter-probability matrix: alength= 4 w= 11 nsites= 11 
0.1866 0.4241 0.2285 0.1608 
0.1918 0.3628 0.1203 0.3250 
0.3035 0.1638 0.3262 0.2065 
0.6011 0.0577 0.2563 0.0850 
0.0862 0.8029 0.0109 0.1000 
0.0346 0.9228 0.0000 0.0426 
0.4538 0.0000 0.3983 0.1479 
0.1311 0.0000 0.6074 0.2615 
0.3835 0.3895 0.0274 0.1996 
0.0006 0.3214 0.3508 0.3271 
0.5991 0.0902 0.1926 0.1181 

MOTIF filter18 
letter-probability matrix: alength= 4 w= 13 nsites= 13 
0.2693 0.2441 0.2003 0.2863 
0.1889 0.3462 0.1878 0.2770 
0.1223 0.6199 0.1226 0.1353 
0.0297 0.4988 0.4661 0.0054 
0.0173 0.0694 0.6669 0.2464 
0.4407 0.0306 0.4625 0.0662 
0.5087 0.0445 0.2471 0.1997 
0.1796 0.1485 0.5047 0.1672 
0.1728 0.5273 0.0016 0.2983 
0.0109 0.7796 0.1340 0.0754 
0.3991 0.4573 0.0170 0.1266 
0.1613 0.5495 0.1115 0.1777 
0.2570 0.3834 0.1335 0.2261 

MOTIF filter19 
letter-probability matrix: alength= 4 w= 14 nsites= 14 
0.1867 0.1894 0.3310 0.2928 
0.1392 0.2285 0.2966 0.3357 
0.3238 0.1095 0.2932 0.2734 
0.0367 0.6483 0.2158 0.0992 
0.0337 0.4933 0.1175 0.3555 
0.2559 0.4359 0.3036 0.0046 
0.4597 0.0121 0.5229 0.0054 
0.0001 0.0906 0.2389 0.6704 
0.1492 0.3473 0.3256 0.1779 
0.5324 0.0045 0.4621 0.0009 
0.1118 0.0536 0.8145 0.0201 
0.2602 0.2480 0.1731 0.3187 
0.2663 0.2280 0.2138 0.2919 
0.2899 0.1764 0.2063 0.3274 

MOTIF filter20 
letter-probability matrix: alength= 4 w= 12 nsites= 12 
0.3544 0.0187 0.3092 0.3176 
0.2570 0.2918 0.2795 0.1717 
0.2701 0.0319 0.3743 0.3237 
0.0969 0.3165 0.5851 0.0015 
0.0066 0.9882 0.0047 0.0005 
0.3316 0.4229 0.0075 0.2380 
0.3751 0.0634 0.3366 0.2249 
0.5910 0.1825 0.0806 0.1459 
0.0090 0.2121 0.2045 0.5744 
0.1268 0.4484 0.0739 0.3509 
0.1254 0.3421 0.2484 0.2840 
0.1992 0.1972 0.5206 0.0829 

MOTIF filter21 
letter-probability matrix: alength= 4 w= 11 nsites= 11 
0.3330 0.0991 0.3348 0.2332 
0.4859 0.0643 0.3053 0.1445 
0.3895 0.0617 0.3028 0.2460 
0.0072 0.0219 0.6347 0.3362 
0.3387 0.0500 0.4783 0.1330 
0.0040 0.3559 0.5839 0.0562 
0.3980 0.2353 0.0531 0.3136 
0.0875 0.8461 0.0299 0.0366 
0.2019 0.4518 0.0437 0.3027 
0.2697 0.1482 0.4301 0.1520 
0.1538 0.2670 0.2886 0.2907 

MOTIF filter22 
letter-probability matrix: alength= 4 w= 11 nsites= 11 
0.2074 0.2567 0.2867 0.2493 
0.2846 0.2230 0.1706 0.3219 
0.2223 0.2281 0.2160 0.3336 
0.5430 0.0000 0.2331 0.2239 
0.0040 0.9960 0.0000 0.0000 
0.3044 0.0001 0.1067 0.5888 
0.0610 0.0001 0.8362 0.1027 
0.0226 0.7386 0.0000 0.2387 
0.1745 0.3313 0.0100 0.4842 
0.2828 0.2755 0.3271 0.1145 
0.1118 0.2978 0.2802 0.3102 

MOTIF filter23 
letter-probability matrix: alength= 4 w= 13 nsites= 13 
0.2751 0.3510 0.1852 0.1887 
0.2996 0.2535 0.2015 0.2455 
0.0608 0.2211 0.3527 0.3654 
0.5276 0.0073 0.3741 0.0909 
0.4359 0.0011 0.0635 0.4995 
0.1750 0.1825 0.6426 0.0000 
0.2486 0.0268 0.0488 0.6758 
0.2818 0.4602 0.2548 0.0032 
0.0646 0.3111 0.1887 0.4355 
0.0065 0.4946 0.0661 0.4328 
0.3324 0.3445 0.0334 0.2898 
0.0794 0.3063 0.2124 0.4020 
0.3114 0.1225 0.2880 0.2782 

MOTIF filter24 
letter-probability matrix: alength= 4 w= 11 nsites= 11 
0.2860 0.2142 0.2557 0.2441 
0.3442 0.1324 0.3338 0.1896 
0.2439 0.2084 0.3192 0.2285 
0.2274 0.5981 0.0008 0.1737 
0.4651 0.2474 0.0216 0.2660 
0.0551 0.8906 0.0031 0.0512 
0.0000 0.0007 0.9979 0.0013 
0.2196 0.0049 0.0649 0.7106 
0.2527 0.2427 0.4520 0.0525 
0.2131 0.3201 0.2324 0.2344 
0.1988 0.3439 0.1514 0.3059 

MOTIF filter25 
letter-probability matrix: alength= 4 w= 11 nsites= 11 
0.2432 0.2473 0.2029 0.3066 
0.3176 0.1959 0.2150 0.2715 
0.4037 0.3006 0.2542 0.0415 
0.8558 0.0030 0.1412 0.0000 
0.2606 0.2530 0.1351 0.3513 
0.0066 0.1658 0.5124 0.3153 
0.4597 0.0826 0.0000 0.4577 
0.0001 0.4413 0.5586 0.0000 
0.3190 0.2515 0.0065 0.4231 
0.3070 0.1972 0.2488 0.2470 
0.2834 0.2582 0.1956 0.2628 

MOTIF filter26 
letter-probability matrix: alength= 4 w= 11 nsites= 11 
0.1909 0.2903 0.3260 0.1928 
0.2225 0.3402 0.2468 0.1905 
0.4643 0.1637 0.3477 0.0243 
0.3004 0.0001 0.6966 0.0029 
0.1793 0.2569 0.5449 0.0189 
0.8544 0.1343 0.0004 0.0108 
0.7052 0.1248 0.1425 0.0275 
0.0044 0.0176 0.6765 0.3016 
0.0887 0.1789 0.3699 0.3625 
0.0628 0.2431 0.4417 0.2524 
0.0407 0.5155 0.1354 0.3084 

MOTIF filter27 
letter-probability matrix: alength= 4 w= 10 nsites= 10 
0.1980 0.2922 0.3233 0.1866 
0.1232 0.3719 0.1105 0.3945 
0.0635 0.3200 0.1943 0.4222 
0.0075 0.8079 0.0000 0.1847 
0.3270 0.5563 0.0000 0.1166 
0.0257 0.0000 0.9740 0.0003 
0.0470 0.6044 0.3459 0.0026 
0.2754 0.2500 0.3507 0.1239 
0.2678 0.3153 0.2772 0.1398 
0.2662 0.2459 0.2226 0.2653 

MOTIF filter28 
letter-probability matrix: alength= 4 w= 10 nsites= 10 
0.1218 0.2489 0.2804 0.3489 
0.0348 0.3169 0.4295 0.2187 
0.2817 0.3915 0.0004 0.3263 
0.0854 0.0000 0.0136 0.9009 
0.4486 0.3410 0.0000 0.2104 
0.0143 0.4999 0.4062 0.0796 
0.0033 0.5518 0.4388 0.0060 
0.3958 0.2211 0.2262 0.1569 
0.2384 0.3443 0.1938 0.2235 
0.3474 0.3381 0.2472 0.0673 

MOTIF filter29 
letter-probability matrix: alength= 4 w= 12 nsites= 12 
0.2899 0.1979 0.2791 0.2331 
0.3911 0.1988 0.3161 0.0939 
0.1639 0.1066 0.3711 0.3584 
0.1468 0.5581 0.2951 0.0000 
0.2470 0.3858 0.0028 0.3644 
0.1930 0.5335 0.0031 0.2704 
0.3693 0.0292 0.4970 0.1045 
0.1011 0.0011 0.7572 0.1406 
0.0000 0.4859 0.4854 0.0287 
0.3863 0.4445 0.0648 0.1044 
0.1030 0.4207 0.1598 0.3166 
0.2066 0.3245 0.0706 0.3983 

MOTIF filter30 
letter-probability matrix: alength= 4 w= 11 nsites= 11 
0.3798 0.1329 0.4331 0.0543 
0.2825 0.1636 0.4071 0.1467 
0.2757 0.0929 0.3002 0.3313 
0.4334 0.5173 0.0492 0.0001 
0.0000 0.4295 0.2446 0.3259 
0.4193 0.1561 0.4245 0.0001 
0.0012 0.0014 0.9631 0.0342 
0.5886 0.3278 0.0102 0.0734 
0.0072 0.3274 0.3611 0.3043 
0.2543 0.1892 0.2724 0.2841 
0.2295 0.2558 0.1513 0.3634 

MOTIF filter31 
letter-probability matrix: alength= 4 w= 11 nsites= 11 
0.2368 0.2790 0.2881 0.1961 
0.0973 0.2467 0.1822 0.4739 
0.4744 0.0002 0.2917 0.2337 
0.5820 0.0000 0.4180 0.0000 
0.0275 0.7082 0.2602 0.0041 
0.0246 0.0292 0.4880 0.4582 
0.0000 0.1455 0.3181 0.5364 
0.5252 0.1167 0.0017 0.3563 
0.2526 0.3087 0.2596 0.1791 
0.1401 0.2523 0.2023 0.4053 
0.2234 0.2848 0.2798 0.2120 

MOTIF filter32 
letter-probability matrix: alength= 4 w= 13 nsites= 13 
0.1586 0.1698 0.4681 0.2036 
0.0921 0.2717 0.3376 0.2986 
0.2330 0.2199 0.2514 0.2957 
0.0366 0.0097 0.4901 0.4636 
0.4869 0.3351 0.0811 0.0970 
0.1092 0.7270 0.0391 0.1247 
0.1100 0.7656 0.0114 0.1131 
0.3387 0.0249 0.5284 0.1080 
0.3326 0.2149 0.3502 0.1023 
0.1720 0.2815 0.0022 0.5443 
0.0000 0.4182 0.3146 0.2672 
0.3200 0.1633 0.3574 0.1594 
0.3097 0.2607 0.2131 0.2165 

MOTIF filter33 
letter-probability matrix: alength= 4 w= 12 nsites= 12 
0.1325 0.3060 0.2461 0.3154 
0.2165 0.4732 0.0653 0.2450 
0.0759 0.3317 0.1576 0.4348 
0.8413 0.0018 0.0297 0.1272 
0.5326 0.0016 0.0357 0.4300 
0.3301 0.1758 0.0446 0.4495 
0.0053 0.0007 0.9892 0.0048 
0.2132 0.1498 0.5516 0.0854 
0.0030 0.6234 0.1852 0.1884 
0.3917 0.2692 0.2298 0.1093 
0.1930 0.3083 0.3674 0.1313 
0.3094 0.4622 0.0738 0.1546 

MOTIF filter34 
letter-probability matrix: alength= 4 w= 17 nsites= 17 
0.2432 0.2314 0.2983 0.2271 
0.2925 0.1743 0.2896 0.2437 
0.2324 0.1899 0.1562 0.4214 
0.1777 0.0601 0.6328 0.1294 
0.1040 0.3071 0.0581 0.5308 
0.0015 0.4521 0.0039 0.5425 
0.1294 0.5400 0.2852 0.0454 
0.1392 0.7886 0.0146 0.0576 
0.1104 0.0000 0.5693 0.3203 
0.3394 0.6235 0.0000 0.0371 
0.4390 0.2959 0.0151 0.2500 
0.7803 0.1230 0.0000 0.0967 
0.0752 0.3643 0.0273 0.5332 
0.0449 0.2939 0.5776 0.0835 
0.0874 0.0728 0.6987 0.1411 
0.1802 0.1968 0.3149 0.3081 
0.2998 0.3809 0.2007 0.1187 

MOTIF filter35 
letter-probability matrix: alength= 4 w= 10 nsites= 10 
0.3170 0.1843 0.2053 0.2933 
0.1836 0.2640 0.1554 0.3969 
0.5359 0.1545 0.2427 0.0670 
0.1465 0.0166 0.0364 0.8005 
0.0000 0.6757 0.0022 0.3221 
0.2425 0.0018 0.7198 0.0359 
0.7577 0.0872 0.0451 0.1100 
0.6060 0.0990 0.1972 0.0978 
0.0816 0.2853 0.1024 0.5307 
0.0827 0.4126 0.2813 0.2234 

MOTIF filter36 
letter-probability matrix: alength= 4 w= 10 nsites= 10 
0.1633 0.3745 0.2791 0.1831 
0.5380 0.0816 0.3164 0.0641 
0.3160 0.0505 0.3026 0.3309 
0.0128 0.4885 0.4988 0.0000 
0.0005 0.0524 0.6446 0.3024 
0.7400 0.0561 0.1674 0.0365 
0.0000 0.3451 0.1206 0.5343 
0.2142 0.2534 0.2970 0.2354 
0.0601 0.2030 0.3988 0.3380 
0.1992 0.2397 0.2715 0.2896 

MOTIF filter37 
letter-probability matrix: alength= 4 w= 12 nsites= 12 
0.0632 0.3521 0.5131 0.0716 
0.4353 0.3758 0.1080 0.0809 
0.1332 0.2044 0.3173 0.3451 
0.0007 0.3598 0.0527 0.5869 
0.0000 0.5001 0.4987 0.0012 
0.5354 0.3357 0.1244 0.0045 
0.2621 0.1859 0.1061 0.4460 
0.0161 0.0364 0.1003 0.8472 
0.0239 0.7336 0.2212 0.0212 
0.6269 0.1362 0.1086 0.1284 
0.0768 0.4513 0.2876 0.1843 
0.1587 0.3023 0.2716 0.2675 

MOTIF filter38 
letter-probability matrix: alength= 4 w= 10 nsites= 10 
0.2840 0.1515 0.2250 0.3395 
0.3090 0.2162 0.1369 0.3380 
0.0722 0.5266 0.1125 0.2887 
0.0502 0.8241 0.0978 0.0279 
0.0661 0.0546 0.0003 0.8790 
0.7941 0.1598 0.0461 0.0000 
0.0032 0.0012 0.9753 0.0203 
0.3739 0.0214 0.3051 0.2996 
0.2314 0.1727 0.3122 0.2837 
0.4188 0.1994 0.0587 0.3231 

MOTIF filter39 
letter-probability matrix: alength= 4 w= 17 nsites= 17 
0.1869 0.3029 0.2510 0.2592 
0.1616 0.4531 0.1635 0.2218 
0.2725 0.1191 0.4011 0.2072 
0.0894 0.6470 0.1223 0.1413 
0.2345 0.1825 0.1660 0.4170 
0.0399 0.1337 0.5380 0.2883 
0.0089 0.9018 0.0000 0.0894 
0.0000 0.7440 0.0006 0.2554 
0.7250 0.0000 0.2744 0.0006 
0.0158 0.0025 0.7376 0.2440 
0.1312 0.5089 0.1147 0.2452 
0.5190 0.0520 0.0260 0.4030 
0.3238 0.0856 0.0925 0.4981 
0.2427 0.0716 0.0729 0.6128 
0.5767 0.1191 0.0906 0.2136 
0.1965 0.1191 0.4309 0.2535 
0.2750 0.3314 0.1933 0.2003 

MOTIF filter40 
letter-probability matrix: alength= 4 w= 10 nsites= 10 
0.2688 0.2435 0.2182 0.2696 
0.2969 0.2601 0.1893 0.2537 
0.1729 0.1842 0.2558 0.3870 
0.0668 0.4399 0.0119 0.4814 
0.5297 0.0006 0.4629 0.0068 
0.4580 0.0058 0.4611 0.0751 
0.0001 0.0554 0.0008 0.9436 
0.0167 0.4699 0.1918 0.3216 
0.3069 0.1800 0.3030 0.2102 
0.2425 0.2705 0.2140 0.2730 

MOTIF filter41 
letter-probability matrix: alength= 4 w= 12 nsites= 12 
0.2765 0.2928 0.2090 0.2217 
0.3636 0.1302 0.3612 0.1450 
0.0419 0.3615 0.2280 0.3686 
0.0003 0.7925 0.2039 0.0033 
0.6733 0.1946 0.0093 0.1228 
0.1896 0.2167 0.5300 0.0637 
0.0048 0.0731 0.3714 0.5507 
0.0259 0.2270 0.2379 0.5092 
0.1467 0.0004 0.8529 0.0000 
0.1283 0.3391 0.4116 0.1210 
0.2243 0.1299 0.2591 0.3867 
0.2133 0.3130 0.2724 0.2014 

MOTIF filter42 
letter-probability matrix: alength= 4 w= 11 nsites= 11 
0.3005 0.1901 0.2367 0.2727 
0.1635 0.2851 0.1405 0.4109 
0.2789 0.2820 0.4391 0.0000 
0.0491 0.1004 0.0861 0.7645 
0.5671 0.4327 0.0002 0.0000 
0.0019 0.1954 0.0636 0.7391 
0.3929 0.4576 0.1434 0.0060 
0.0000 0.0145 0.2160 0.7695 
0.2687 0.2457 0.0090 0.4766 
0.0783 0.2687 0.1685 0.4845 
0.1548 0.4121 0.0475 0.3855 

MOTIF filter43 
letter-probability matrix: alength= 4 w= 11 nsites= 11 
0.3997 0.0607 0.2724 0.2672 
0.2614 0.1355 0.0830 0.5201 
0.2078 0.1490 0.2985 0.3447 
0.0880 0.3147 0.0082 0.5891 
0.0000 0.9648 0.0352 0.0000 
0.1679 0.8109 0.0008 0.0203 
0.0596 0.0113 0.6581 0.2710 
0.0011 0.0297 0.9250 0.0443 
0.4557 0.0000 0.3246 0.2196 
0.4200 0.1960 0.1003 0.2837 
0.4742 0.1451 0.1734 0.2073 

MOTIF filter44 
letter-probability matrix: alength= 4 w= 12 nsites= 12 
0.3082 0.1950 0.2483 0.2485 
0.1347 0.3001 0.3151 0.2501 
0.2406 0.0001 0.3145 0.4448 
0.4248 0.0803 0.4914 0.0035 
0.5769 0.0039 0.2011 0.2181 
0.1095 0.2571 0.3976 0.2359 
0.3819 0.1960 0.0000 0.4221 
0.0011 0.1895 0.7689 0.0405 
0.0252 0.3416 0.0000 0.6332 
0.5394 0.3037 0.0342 0.1226 
0.2094 0.3221 0.3153 0.1532 
0.2707 0.2447 0.3384 0.1462 

MOTIF filter45 
letter-probability matrix: alength= 4 w= 12 nsites= 12 
0.2353 0.3020 0.2081 0.2546 
0.2738 0.1123 0.3664 0.2474 
0.1776 0.5928 0.1038 0.1257 
0.2461 0.7539 0.0000 0.0000 
0.9924 0.0000 0.0076 0.0000 
0.2152 0.3817 0.2519 0.1512 
0.3432 0.0604 0.4917 0.1047 
0.0004 0.0013 0.0000 0.9982 
0.0000 0.0000 0.9217 0.0783 
0.0702 0.2040 0.5884 0.1374 
0.1839 0.4702 0.0215 0.3244 
0.3092 0.1821 0.2362 0.2725 

MOTIF filter46 
letter-probability matrix: alength= 4 w= 11 nsites= 11 
0.1138 0.5396 0.1162 0.2304 
0.0869 0.2445 0.1928 0.4758 
0.3438 0.1072 0.1533 0.3957 
0.3576 0.5799 0.0339 0.0286 
0.0910 0.8310 0.0766 0.0014 
0.3150 0.0056 0.6176 0.0618 
0.0058 0.4562 0.0968 0.4412 
0.0021 0.4609 0.4017 0.1353 
0.0008 0.3158 0.2601 0.4232 
0.1035 0.5753 0.0643 0.2569 
0.1909 0.3456 0.1969 0.2666 

MOTIF filter47 
letter-probability matrix: alength= 4 w= 12 nsites= 12 
0.2527 0.2806 0.1661 0.3006 
0.2676 0.1873 0.2668 0.2783 
0.2153 0.2381 0.3383 0.2084 
0.6899 0.0500 0.0008 0.2594 
0.0015 0.0272 0.1797 0.7916 
0.0000 0.2809 0.0182 0.7009 
0.3729 0.0154 0.6074 0.0044 
0.9172 0.0131 0.0697 0.0000 
0.1146 0.0320 0.0202 0.8332 
0.1189 0.4303 0.3585 0.0923 
0.3050 0.3234 0.1871 0.1845 
0.2376 0.2863 0.2396 0.2365 

MOTIF filter48 
letter-probability matrix: alength= 4 w= 13 nsites= 13 
0.1715 0.2703 0.3378 0.2205 
0.3476 0.1701 0.3113 0.1710 
0.2916 0.3589 0.1180 0.2314 
0.1713 0.0096 0.0630 0.7561 
0.0756 0.1364 0.2458 0.5422 
0.4386 0.4898 0.0051 0.0665 
0.8534 0.1451 0.0014 0.0000 
0.0295 0.4329 0.3103 0.2272 
0.2678 0.0975 0.4712 0.1635 
0.0002 0.0210 0.2568 0.7220 
0.2654 0.2584 0.2543 0.2219 
0.3377 0.2106 0.2498 0.2019 
0.3781 0.2325 0.1703 0.2191 

MOTIF filter49 
letter-probability matrix: alength= 4 w= 16 nsites= 16 
0.2184 0.2707 0.2317 0.2792 
0.2507 0.2517 0.2631 0.2346 
0.2365 0.2915 0.2298 0.2422 
0.5280 0.1387 0.3333 0.0000 
0.0000 0.0000 0.0000 1.0000 
0.0000 0.0000 0.0674 0.9326 
0.3077 0.0000 0.5679 0.1244 
0.0000 0.8632 0.0038 0.1330 
0.1662 0.0076 0.8262 0.0000 
0.1311 0.5973 0.0000 0.2716 
0.9326 0.0674 0.0000 0.0000 
1.0000 0.0000 0.0000 0.0000 
0.0000 0.3248 0.1747 0.5005 
0.2659 0.2479 0.2545 0.2317 
0.2498 0.2175 0.2412 0.2915 
0.2574 0.2298 0.2621 0.2507 

MOTIF filter50 
letter-probability matrix: alength= 4 w= 10 nsites= 10 
0.4603 0.1983 0.0264 0.3150 
0.1568 0.0950 0.5254 0.2228 
0.1426 0.1153 0.6252 0.1170 
0.0099 0.8347 0.1506 0.0047 
0.3173 0.0533 0.1125 0.5169 
0.1518 0.7707 0.0448 0.0326 
0.3979 0.0517 0.0520 0.4985 
0.1143 0.3081 0.1693 0.4083 
0.2179 0.2680 0.2342 0.2799 
0.1457 0.3399 0.0856 0.4288 

MOTIF filter51 
letter-probability matrix: alength= 4 w= 13 nsites= 13 
0.3832 0.2022 0.0626 0.3521 
0.4189 0.0867 0.2950 0.1995 
0.3732 0.3551 0.1502 0.1215 
0.0610 0.1167 0.1732 0.6491 
0.0003 0.0021 0.7978 0.1998 
0.2230 0.7733 0.0030 0.0006 
0.2016 0.1348 0.4439 0.2197 
0.0003 0.0000 0.7365 0.2632 
0.4019 0.5938 0.0042 0.0000 
0.7292 0.1121 0.1402 0.0184 
0.0997 0.1859 0.3645 0.3500 
0.1801 0.3620 0.1227 0.3351 
0.3859 0.0650 0.2040 0.3451 

MOTIF filter52 
letter-probability matrix: alength= 4 w= 12 nsites= 12 
0.3665 0.4084 0.0690 0.1561 
0.2716 0.2314 0.0202 0.4768 
0.3172 0.2060 0.1481 0.3287 
0.2662 0.0328 0.0091 0.6919 
0.1574 0.4095 0.4294 0.0037 
0.0243 0.4644 0.0000 0.5113 
0.4952 0.2781 0.0004 0.2262 
0.1281 0.0002 0.4839 0.3878 
0.1926 0.0000 0.7825 0.0250 
0.0899 0.4149 0.3769 0.1183 
0.5232 0.0667 0.0977 0.3124 
0.2814 0.2234 0.1804 0.3148 

MOTIF filter53 
letter-probability matrix: alength= 4 w= 14 nsites= 14 
0.3562 0.2042 0.2323 0.2073 
0.2383 0.2907 0.1452 0.3258 
0.3685 0.1001 0.3648 0.1666 
0.4766 0.0000 0.3318 0.1916 
0.2304 0.0214 0.3622 0.3859 
0.0002 0.0167 0.2995 0.6836 
0.0268 0.0796 0.5344 0.3593 
0.0552 0.5258 0.0000 0.4191 
0.1061 0.0704 0.8130 0.0104 
0.0315 0.4297 0.2565 0.2823 
0.6654 0.0038 0.3182 0.0125 
0.3459 0.2445 0.3934 0.0161 
0.2306 0.5322 0.0700 0.1672 
0.2594 0.3835 0.2002 0.1569 

MOTIF filter54 
letter-probability matrix: alength= 4 w= 14 nsites= 14 
0.1639 0.2780 0.3642 0.1938 
0.3942 0.2064 0.2108 0.1887 
0.2258 0.2914 0.2532 0.2295 
0.1257 0.0853 0.1113 0.6777 
0.1811 0.2040 0.1669 0.4479 
0.2548 0.6119 0.1326 0.0007 
0.0030 0.5641 0.0832 0.3496 
0.2073 0.0345 0.7579 0.0002 
0.0000 0.0399 0.9522 0.0079 
0.8586 0.0693 0.0239 0.0482 
0.6636 0.0876 0.1435 0.1053 
0.1080 0.3842 0.3626 0.1451 
0.1943 0.2479 0.3550 0.2029 
0.1171 0.2912 0.3534 0.2383 

MOTIF filter55 
letter-probability matrix: alength= 4 w= 9 nsites= 9 
0.2345 0.0823 0.3728 0.3103 
0.1168 0.3518 0.3626 0.1688 
0.0005 0.2181 0.3143 0.4672 
0.3688 0.6109 0.0204 0.0000 
0.0297 0.0000 0.6522 0.3181 
0.1452 0.0000 0.8326 0.0222 
0.3705 0.1930 0.1426 0.2939 
0.3291 0.2223 0.2659 0.1828 
0.0180 0.2916 0.2283 0.4620 

MOTIF filter56 
letter-probability matrix: alength= 4 w= 16 nsites= 16 
0.1699 0.2980 0.2417 0.2904 
0.2581 0.2087 0.2718 0.2615 
0.1547 0.2440 0.2182 0.3831 
0.0791 0.1650 0.0152 0.7408 
0.1091 0.3322 0.0391 0.5196 
0.2011 0.6807 0.0255 0.0927 
0.1250 0.6116 0.0464 0.2170 
0.1672 0.1011 0.1733 0.5583 
0.0730 0.0224 0.9046 0.0000 
0.0004 0.0095 0.8936 0.0965 
0.7822 0.0779 0.0585 0.0813 
0.4276 0.1593 0.0589 0.3542 
0.1399 0.1041 0.7073 0.0487 
0.1334 0.3603 0.3257 0.1805 
0.2455 0.2721 0.2509 0.2315 
0.2273 0.3364 0.2113 0.2250 

MOTIF filter57 
letter-probability matrix: alength= 4 w= 11 nsites= 11 
0.3442 0.2462 0.3598 0.0497 
0.0707 0.4834 0.2868 0.1592 
0.2594 0.2379 0.1192 0.3835 
0.2794 0.0357 0.0100 0.6748 
0.0503 0.0251 0.0009 0.9238 
0.4285 0.0297 0.0459 0.4960 
0.6379 0.0066 0.0825 0.2730 
0.7469 0.0814 0.0355 0.1361 
0.4246 0.0827 0.0520 0.4407 
0.3111 0.1466 0.3789 0.1634 
0.0636 0.2499 0.5484 0.1380 

MOTIF filter58 
letter-probability matrix: alength= 4 w= 11 nsites= 11 
0.2691 0.1087 0.4085 0.2136 
0.3989 0.2184 0.3785 0.0042 
0.4073 0.0018 0.3812 0.2097 
0.2193 0.7678 0.0039 0.0090 
0.0739 0.7239 0.2022 0.0000 
0.5936 0.0000 0.3914 0.0150 
0.2607 0.0294 0.1126 0.5972 
0.0000 0.0237 0.6521 0.3241 
0.0336 0.2977 0.4812 0.1874 
0.1962 0.3157 0.3509 0.1373 
0.2484 0.1844 0.5098 0.0574 

MOTIF filter59 
letter-probability matrix: alength= 4 w= 14 nsites= 14 
0.2992 0.3018 0.2163 0.1826 
0.5505 0.0764 0.2539 0.1192 
0.4028 0.3990 0.1490 0.0492 
0.0842 0.0207 0.0881 0.8070 
0.0104 0.0000 0.0117 0.9780 
0.0674 0.2591 0.6736 0.0000 
0.1477 0.8381 0.0000 0.0142 
0.0065 0.0000 0.7902 0.2034 
0.0000 0.5648 0.3212 0.1140 
0.9508 0.0259 0.0091 0.0142 
0.6593 0.1321 0.0622 0.1464 
0.0687 0.1606 0.4028 0.3679 
0.1516 0.2889 0.0881 0.4715 
0.2694 0.1554 0.2979 0.2772 

MOTIF filter60 
letter-probability matrix: alength= 4 w= 15 nsites= 15 
0.2764 0.1758 0.2936 0.2542 
0.4056 0.1049 0.4052 0.0843 
0.3297 0.2634 0.1103 0.2966 
0.0365 0.0751 0.4786 0.4098 
0.7399 0.0302 0.1833 0.0466 
0.0860 0.7093 0.0763 0.1284 
0.0256 0.0977 0.2370 0.6397 
0.7722 0.1418 0.0025 0.0835 
0.3163 0.3519 0.1648 0.1669 
0.0252 0.2764 0.0319 0.6665 
0.6514 0.2462 0.0738 0.0285 
0.2781 0.0126 0.6028 0.1065 
0.1183 0.2022 0.1011 0.5784 
0.4753 0.1909 0.2139 0.1200 
0.1229 0.1707 0.5793 0.1271 

MOTIF filter61 
letter-probability matrix: alength= 4 w= 14 nsites= 14 
0.2991 0.2432 0.3079 0.1499 
0.1459 0.1338 0.5528 0.1675 
0.3517 0.0272 0.5052 0.1159 
0.3493 0.0486 0.5989 0.0032 
0.3853 0.0625 0.5216 0.0307 
0.3927 0.3787 0.1222 0.1063 
0.2152 0.2715 0.0586 0.4547 
0.0135 0.0277 0.3288 0.6300 
0.2997 0.0124 0.4565 0.2314 
0.7087 0.0151 0.2699 0.0064 
0.7290 0.1589 0.0683 0.0437 
0.2537 0.1731 0.3913 0.1820 
0.1060 0.3848 0.1310 0.3783 
0.1691 0.3090 0.3393 0.1826 

MOTIF filter62 
letter-probability matrix: alength= 4 w= 12 nsites= 12 
0.2398 0.2491 0.1913 0.3198 
0.1736 0.1149 0.3597 0.3517 
0.2798 0.1212 0.4183 0.1807 
0.3088 0.6352 0.0034 0.0526 
0.4588 0.0003 0.3000 0.2408 
0.0130 0.6820 0.2968 0.0081 
0.8915 0.0000 0.0187 0.0897 
0.0104 0.1419 0.7520 0.0957 
0.0396 0.3488 0.0008 0.6108 
0.4642 0.2905 0.1100 0.1353 
0.3304 0.2835 0.0828 0.3033 
0.2155 0.1807 0.3097 0.2941 

MOTIF filter63 
letter-probability matrix: alength= 4 w= 15 nsites= 15 
0.3836 0.1268 0.2324 0.2572 
0.2286 0.2588 0.2534 0.2592 
0.2788 0.2073 0.3334 0.1806 
0.1967 0.0964 0.0779 0.6290 
0.2067 0.0057 0.3913 0.3964 
0.4398 0.3978 0.1624 0.0000 
0.0541 0.2583 0.2528 0.4347 
0.3522 0.1341 0.1057 0.4080 
0.1794 0.0511 0.2817 0.4879 
0.0000 0.3267 0.3518 0.3214 
0.4331 0.5394 0.0000 0.0274 
0.9788 0.0015 0.0005 0.0192 
0.4103 0.2104 0.1769 0.2025 
0.0524 0.1726 0.3951 0.3799 
0.2665 0.3337 0.1827 0.2171 

