MEME version 4

ALPHABET= ACGT

Background letter frequencies:
A 0.2500 C 0.2500 G 0.2500 T 0.2500 

MOTIF filter0 
letter-probability matrix: alength= 4 w= 14 nsites= 14 
0.2536 0.0678 0.4160 0.2626 
0.2166 0.3087 0.1635 0.3112 
0.1961 0.2569 0.1248 0.4221 
0.0689 0.0364 0.5377 0.3570 
0.0301 0.5127 0.0914 0.3657 
0.2903 0.6920 0.0177 0.0000 
0.6354 0.1982 0.1663 0.0000 
0.0737 0.1888 0.3118 0.4256 
0.2862 0.4491 0.0828 0.1819 
0.0002 0.5438 0.0309 0.4251 
0.0073 0.1063 0.5476 0.3388 
0.1242 0.3542 0.4924 0.0293 
0.3811 0.4788 0.0342 0.1058 
0.3016 0.1534 0.2892 0.2558 

MOTIF filter1 
letter-probability matrix: alength= 4 w= 11 nsites= 11 
0.1655 0.2380 0.1977 0.3988 
0.1280 0.1113 0.4143 0.3464 
0.2977 0.1211 0.4972 0.0841 
0.5138 0.0001 0.2160 0.2701 
0.0280 0.3122 0.6407 0.0191 
0.0617 0.2608 0.6241 0.0535 
0.3447 0.0775 0.0062 0.5716 
0.1351 0.7611 0.0574 0.0463 
0.0419 0.1927 0.3037 0.4618 
0.2473 0.1517 0.4615 0.1395 
0.3764 0.1633 0.3483 0.1119 

MOTIF filter2 
letter-probability matrix: alength= 4 w= 14 nsites= 14 
0.2903 0.2666 0.2150 0.2281 
0.0249 0.5900 0.1588 0.2263 
0.0391 0.7417 0.0829 0.1363 
0.7464 0.0172 0.1985 0.0379 
0.0006 0.4479 0.0083 0.5432 
0.3045 0.0219 0.0030 0.6706 
0.0030 0.0308 0.0616 0.9046 
0.7008 0.2909 0.0018 0.0065 
0.0995 0.2885 0.0036 0.6084 
0.0646 0.0006 0.6244 0.3104 
0.0077 0.1955 0.6777 0.1191 
0.0456 0.1647 0.2897 0.5000 
0.0794 0.3886 0.1777 0.3543 
0.3241 0.2263 0.0616 0.3880 

MOTIF filter3 
letter-probability matrix: alength= 4 w= 15 nsites= 15 
0.2327 0.2315 0.2962 0.2396 
0.1749 0.1419 0.3248 0.3584 
0.0703 0.8339 0.0255 0.0703 
0.0124 0.3099 0.1269 0.5507 
0.6073 0.3192 0.0697 0.0037 
0.2178 0.0398 0.0031 0.7393 
0.2651 0.0361 0.5103 0.1886 
0.6210 0.0062 0.1313 0.2414 
0.4400 0.0653 0.0498 0.4449 
0.0199 0.0006 0.0355 0.9440 
0.4424 0.1749 0.3777 0.0050 
0.0504 0.0137 0.9340 0.0019 
0.0703 0.4592 0.0772 0.3933 
0.1008 0.4984 0.2265 0.1742 
0.2950 0.2271 0.2452 0.2327 

MOTIF filter4 
letter-probability matrix: alength= 4 w= 9 nsites= 9 
0.3110 0.1515 0.2097 0.3278 
0.1659 0.3420 0.1237 0.3684 
0.1847 0.3413 0.2844 0.1896 
0.1840 0.7947 0.0001 0.0211 
0.0123 0.4120 0.5757 0.0000 
0.0007 0.0003 0.9103 0.0888 
0.1866 0.0001 0.4069 0.4064 
0.5284 0.1007 0.2609 0.1100 
0.4609 0.2036 0.1331 0.2024 

MOTIF filter5 
letter-probability matrix: alength= 4 w= 14 nsites= 14 
0.1709 0.4568 0.1865 0.1858 
0.2316 0.1315 0.2300 0.4069 
0.3736 0.0969 0.2834 0.2462 
0.4031 0.0016 0.1239 0.4714 
0.2713 0.0054 0.2935 0.4298 
0.3675 0.3059 0.2881 0.0384 
0.6896 0.2249 0.0032 0.0823 
0.0835 0.1741 0.3212 0.4212 
0.2049 0.0000 0.7827 0.0124 
0.0038 0.0006 0.9660 0.0295 
0.8504 0.0924 0.0543 0.0029 
0.5867 0.2230 0.1198 0.0705 
0.2506 0.1963 0.3637 0.1893 
0.2373 0.4825 0.0867 0.1935 

MOTIF filter6 
letter-probability matrix: alength= 4 w= 13 nsites= 13 
0.2269 0.2021 0.2776 0.2934 
0.2992 0.1888 0.2705 0.2415 
0.2171 0.2111 0.3280 0.2439 
0.0684 0.5654 0.0017 0.3644 
0.0000 0.8561 0.1268 0.0172 
0.7769 0.2154 0.0026 0.0051 
0.0961 0.0549 0.4833 0.3657 
0.1242 0.0135 0.1688 0.6935 
0.0043 0.4588 0.5350 0.0019 
0.7306 0.0015 0.2666 0.0013 
0.1855 0.4084 0.1371 0.2690 
0.2181 0.2778 0.3185 0.1855 
0.2857 0.1514 0.3565 0.2063 

MOTIF filter7 
letter-probability matrix: alength= 4 w= 10 nsites= 10 
0.2283 0.2872 0.2641 0.2203 
0.2622 0.5024 0.1032 0.1322 
0.2015 0.4629 0.2301 0.1055 
0.0046 0.7646 0.0593 0.1715 
0.0287 0.0334 0.8652 0.0727 
0.1034 0.2017 0.0001 0.6947 
0.2621 0.1602 0.5729 0.0048 
0.3013 0.3368 0.0339 0.3281 
0.2347 0.4813 0.2795 0.0045 
0.1254 0.3394 0.2602 0.2751 

MOTIF filter8 
letter-probability matrix: alength= 4 w= 11 nsites= 11 
0.0489 0.1874 0.4633 0.3004 
0.3237 0.2203 0.3347 0.1212 
0.4702 0.2089 0.3109 0.0100 
0.0301 0.0038 0.1248 0.8413 
0.0000 0.4014 0.0966 0.5020 
0.9627 0.0000 0.0350 0.0023 
0.1304 0.4843 0.3203 0.0650 
0.0717 0.1144 0.1641 0.6497 
0.0938 0.4459 0.2543 0.2059 
0.4189 0.2002 0.1702 0.2107 
0.3076 0.1945 0.1777 0.3202 

MOTIF filter9 
letter-probability matrix: alength= 4 w= 13 nsites= 13 
0.4144 0.1469 0.1625 0.2763 
0.3565 0.0333 0.2959 0.3143 
0.4257 0.0009 0.2980 0.2754 
0.2376 0.0094 0.2045 0.5485 
0.1063 0.1847 0.6311 0.0779 
0.5354 0.1945 0.2699 0.0002 
0.1633 0.6031 0.0250 0.2086 
0.0450 0.0404 0.5397 0.3749 
0.0006 0.1219 0.8775 0.0000 
0.7699 0.1230 0.1001 0.0070 
0.0000 0.3055 0.4765 0.2180 
0.3659 0.2692 0.2573 0.1076 
0.1349 0.3219 0.1892 0.3540 

MOTIF filter10 
letter-probability matrix: alength= 4 w= 14 nsites= 14 
0.2244 0.1861 0.4199 0.1696 
0.4448 0.1136 0.1820 0.2595 
0.2125 0.2355 0.2763 0.2756 
0.0088 0.0137 0.6990 0.2785 
0.2308 0.0467 0.3375 0.3850 
0.3700 0.0002 0.1922 0.4376 
0.3979 0.4701 0.0640 0.0680 
0.6564 0.0041 0.0574 0.2821 
0.0156 0.6194 0.0191 0.3459 
0.3787 0.0936 0.2392 0.2884 
0.1300 0.5853 0.0013 0.2835 
0.4632 0.1454 0.2760 0.1153 
0.2011 0.2796 0.1918 0.3275 
0.2459 0.2920 0.2182 0.2438 

MOTIF filter11 
letter-probability matrix: alength= 4 w= 13 nsites= 13 
0.2438 0.1525 0.3281 0.2756 
0.3016 0.3905 0.0927 0.2153 
0.1620 0.1515 0.2223 0.4642 
0.6798 0.0672 0.1075 0.1455 
0.0904 0.0751 0.7615 0.0729 
0.1403 0.5150 0.2154 0.1293 
0.4758 0.0091 0.0000 0.5151 
0.2773 0.6388 0.0058 0.0781 
0.0273 0.0963 0.2643 0.6121 
0.6319 0.0175 0.0041 0.3465 
0.0466 0.2252 0.5827 0.1455 
0.2686 0.5232 0.0738 0.1345 
0.1032 0.2395 0.1821 0.4752 

MOTIF filter12 
letter-probability matrix: alength= 4 w= 12 nsites= 12 
0.3200 0.3463 0.2061 0.1276 
0.2613 0.3929 0.2472 0.0985 
0.2036 0.0155 0.5291 0.2518 
0.0698 0.5959 0.2665 0.0678 
0.4356 0.2860 0.2656 0.0128 
0.8737 0.0002 0.1081 0.0180 
0.0251 0.1570 0.0472 0.7706 
0.0038 0.5070 0.2839 0.2053 
0.6758 0.0594 0.2035 0.0614 
0.0973 0.5070 0.0299 0.3658 
0.2574 0.2027 0.2310 0.3089 
0.1863 0.2187 0.3926 0.2024 

MOTIF filter13 
letter-probability matrix: alength= 4 w= 11 nsites= 11 
0.2035 0.3517 0.2627 0.1821 
0.3238 0.1346 0.2351 0.3064 
0.1153 0.3088 0.5051 0.0708 
0.0273 0.8921 0.0000 0.0806 
0.0571 0.7689 0.0011 0.1729 
0.3399 0.0000 0.2902 0.3699 
0.3217 0.0000 0.6387 0.0396 
0.0016 0.6725 0.1229 0.2031 
0.3610 0.1797 0.0978 0.3615 
0.1817 0.2141 0.2994 0.3048 
0.3496 0.0343 0.4130 0.2031 

MOTIF filter14 
letter-probability matrix: alength= 4 w= 15 nsites= 15 
0.2558 0.2844 0.2802 0.1796 
0.2271 0.3686 0.2144 0.1899 
0.4532 0.1608 0.3456 0.0404 
0.0042 0.0099 0.0390 0.9469 
0.0000 0.0000 0.0277 0.9723 
0.2247 0.0000 0.6004 0.1749 
0.2816 0.5190 0.0832 0.1161 
0.1740 0.1655 0.6582 0.0024 
0.0334 0.3540 0.0000 0.6126 
0.5214 0.3409 0.1378 0.0000 
0.8749 0.0494 0.0738 0.0019 
0.0000 0.3973 0.1316 0.4711 
0.2261 0.3526 0.2440 0.1772 
0.2562 0.2120 0.3051 0.2266 
0.2304 0.2388 0.2929 0.2379 

MOTIF filter15 
letter-probability matrix: alength= 4 w= 14 nsites= 14 
0.2924 0.3004 0.1992 0.2081 
0.3542 0.2271 0.1576 0.2610 
0.3271 0.3085 0.2203 0.1441 
0.0182 0.0055 0.0013 0.9750 
0.0030 0.1725 0.2377 0.5869 
0.1254 0.5051 0.2237 0.1458 
0.0008 0.8911 0.0000 0.1081 
0.2229 0.0004 0.7737 0.0030 
0.1602 0.2377 0.5424 0.0597 
0.5284 0.2068 0.2360 0.0288 
0.9653 0.0025 0.0076 0.0246 
0.1699 0.2034 0.4199 0.2068 
0.2352 0.1826 0.2237 0.3585 
0.1614 0.1233 0.4699 0.2453 

MOTIF filter16 
letter-probability matrix: alength= 4 w= 13 nsites= 13 
0.1922 0.2957 0.2390 0.2731 
0.2526 0.1261 0.2829 0.3384 
0.1595 0.1371 0.1999 0.5035 
0.2523 0.6549 0.0753 0.0175 
0.0697 0.7369 0.0012 0.1922 
0.1331 0.0095 0.6845 0.1729 
0.0549 0.0223 0.9223 0.0005 
0.0632 0.0266 0.5709 0.3393 
0.5266 0.4060 0.0442 0.0232 
0.4674 0.0272 0.4762 0.0293 
0.3099 0.2370 0.2222 0.2308 
0.2307 0.2302 0.3804 0.1587 
0.2984 0.2597 0.2141 0.2278 

MOTIF filter17 
letter-probability matrix: alength= 4 w= 12 nsites= 12 
0.4088 0.0963 0.4364 0.0585 
0.0859 0.1593 0.3542 0.4005 
0.0423 0.1966 0.3570 0.4041 
0.0063 0.5908 0.3981 0.0048 
0.4167 0.4251 0.0075 0.1507 
0.2293 0.1014 0.6682 0.0011 
0.1223 0.2003 0.0001 0.6773 
0.5070 0.3237 0.0204 0.1489 
0.5407 0.0260 0.0125 0.4208 
0.0767 0.1833 0.4021 0.3379 
0.3481 0.0621 0.5216 0.0682 
0.2458 0.2279 0.2345 0.2918 

MOTIF filter18 
letter-probability matrix: alength= 4 w= 12 nsites= 12 
0.3236 0.2061 0.2823 0.1880 
0.3537 0.1914 0.3871 0.0678 
0.1408 0.4376 0.3123 0.1093 
0.6878 0.0029 0.1076 0.2016 
0.3970 0.2423 0.2672 0.0935 
0.0065 0.3736 0.2537 0.3663 
0.0435 0.6096 0.3469 0.0000 
0.0006 0.3231 0.5826 0.0936 
0.9399 0.0084 0.0364 0.0152 
0.2940 0.4555 0.0764 0.1741 
0.0193 0.3017 0.3340 0.3451 
0.1292 0.2070 0.1867 0.4771 

MOTIF filter19 
letter-probability matrix: alength= 4 w= 11 nsites= 11 
0.3095 0.2062 0.2120 0.2723 
0.2116 0.2180 0.2408 0.3296 
0.4791 0.0114 0.2559 0.2535 
0.7410 0.0395 0.2196 0.0000 
0.1805 0.7325 0.0870 0.0000 
0.0005 0.0660 0.2347 0.6988 
0.0000 0.4481 0.0362 0.5157 
0.3032 0.1531 0.0003 0.5434 
0.0654 0.3385 0.4696 0.1265 
0.3066 0.3188 0.1730 0.2017 
0.2629 0.3023 0.2325 0.2023 

MOTIF filter20 
letter-probability matrix: alength= 4 w= 12 nsites= 12 
0.2607 0.2785 0.3115 0.1493 
0.2647 0.2492 0.2814 0.2047 
0.0648 0.1772 0.5427 0.2152 
0.0005 0.3669 0.0682 0.5643 
0.3604 0.4846 0.0023 0.1526 
0.2820 0.6815 0.0322 0.0043 
0.1029 0.7581 0.0445 0.0945 
0.2661 0.0000 0.5931 0.1408 
0.0049 0.2684 0.5573 0.1694 
0.3117 0.2276 0.4600 0.0007 
0.4439 0.3303 0.0026 0.2232 
0.3837 0.3470 0.1871 0.0822 

MOTIF filter21 
letter-probability matrix: alength= 4 w= 10 nsites= 10 
0.2804 0.2726 0.2050 0.2420 
0.1981 0.1437 0.2384 0.4198 
0.3309 0.1706 0.1388 0.3596 
0.0008 0.3352 0.6635 0.0005 
0.1456 0.0004 0.7525 0.1015 
0.0767 0.8152 0.0173 0.0907 
0.2496 0.6169 0.0909 0.0426 
0.5551 0.1528 0.1219 0.1702 
0.1030 0.1583 0.2014 0.5372 
0.1228 0.2565 0.4085 0.2122 

MOTIF filter22 
letter-probability matrix: alength= 4 w= 15 nsites= 15 
0.4519 0.1063 0.1746 0.2672 
0.2774 0.2968 0.2672 0.1586 
0.1335 0.4031 0.1887 0.2747 
0.0076 0.1654 0.1707 0.6562 
0.1304 0.1317 0.4232 0.3147 
0.7769 0.2231 0.0000 0.0000 
0.0012 0.3269 0.1476 0.5243 
0.2315 0.3348 0.0714 0.3622 
0.6268 0.0000 0.3597 0.0135 
0.0000 0.0131 0.4948 0.4921 
0.5192 0.2063 0.0003 0.2742 
0.6766 0.1472 0.1161 0.0601 
0.2682 0.3322 0.2046 0.1950 
0.1812 0.3093 0.2604 0.2491 
0.2417 0.2431 0.2513 0.2639 

MOTIF filter23 
letter-probability matrix: alength= 4 w= 14 nsites= 14 
0.2035 0.1385 0.3064 0.3516 
0.4812 0.1832 0.0986 0.2370 
0.3650 0.0031 0.1978 0.4342 
0.2054 0.0072 0.0129 0.7745 
0.3046 0.1050 0.0372 0.5531 
0.4071 0.1735 0.2274 0.1920 
0.2439 0.0737 0.0148 0.6676 
0.5179 0.0004 0.3726 0.1092 
0.0559 0.1456 0.4825 0.3160 
0.5123 0.0077 0.0886 0.3914 
0.5722 0.0532 0.3559 0.0187 
0.4566 0.1210 0.0318 0.3906 
0.2905 0.1421 0.3931 0.1743 
0.3046 0.2447 0.0600 0.3906 

MOTIF filter24 
letter-probability matrix: alength= 4 w= 11 nsites= 11 
0.2711 0.2245 0.3192 0.1853 
0.2627 0.3770 0.2497 0.1106 
0.2084 0.2828 0.3444 0.1645 
0.4410 0.1715 0.3864 0.0011 
0.0071 0.0168 0.0196 0.9564 
0.0893 0.7766 0.1325 0.0016 
0.0000 0.2880 0.6956 0.0164 
0.6485 0.1633 0.0288 0.1594 
0.1191 0.3218 0.1039 0.4552 
0.1678 0.3772 0.2127 0.2422 
0.2857 0.2631 0.2413 0.2099 

MOTIF filter25 
letter-probability matrix: alength= 4 w= 11 nsites= 11 
0.4718 0.0208 0.1513 0.3561 
0.1407 0.2435 0.4007 0.2152 
0.1673 0.0735 0.4674 0.2918 
0.0025 0.6573 0.3100 0.0303 
0.0302 0.2451 0.0013 0.7234 
0.0256 0.1679 0.6187 0.1878 
0.6515 0.0860 0.0394 0.2232 
0.0345 0.0214 0.6975 0.2466 
0.1114 0.2966 0.4949 0.0972 
0.2792 0.3666 0.3156 0.0386 
0.2093 0.3630 0.3021 0.1256 

MOTIF filter26 
letter-probability matrix: alength= 4 w= 14 nsites= 14 
0.2458 0.2458 0.2694 0.2390 
0.1247 0.1447 0.4004 0.3302 
0.0687 0.6892 0.0288 0.2133 
0.0252 0.0341 0.0807 0.8601 
0.7636 0.1410 0.0949 0.0005 
0.1646 0.4675 0.1132 0.2547 
0.2919 0.1934 0.0288 0.4858 
0.0231 0.9486 0.0000 0.0283 
0.1661 0.7102 0.0126 0.1111 
0.0010 0.6431 0.0639 0.2919 
0.6462 0.1064 0.1986 0.0487 
0.1845 0.2259 0.4345 0.1551 
0.2867 0.3836 0.2002 0.1295 
0.2217 0.2689 0.2584 0.2510 

MOTIF filter27 
letter-probability matrix: alength= 4 w= 15 nsites= 15 
0.2543 0.2513 0.2518 0.2427 
0.1841 0.2405 0.2675 0.3079 
0.1661 0.3899 0.2262 0.2178 
0.4502 0.1648 0.3851 0.0000 
0.1629 0.2821 0.3532 0.2018 
0.1683 0.5630 0.1858 0.0830 
0.0508 0.8433 0.0014 0.1045 
0.4690 0.2086 0.1105 0.2120 
0.7331 0.1072 0.0172 0.1425 
0.2103 0.0184 0.2616 0.5097 
0.5545 0.0167 0.0759 0.3529 
0.0888 0.0114 0.6221 0.2777 
0.1678 0.2829 0.4623 0.0870 
0.1703 0.1937 0.4374 0.1986 
0.0807 0.3573 0.2754 0.2866 

MOTIF filter28 
letter-probability matrix: alength= 4 w= 10 nsites= 10 
0.2425 0.2403 0.3174 0.1998 
0.1833 0.1871 0.2367 0.3928 
0.1256 0.2342 0.2550 0.3853 
0.5813 0.1053 0.0003 0.3132 
0.0038 0.9884 0.0042 0.0037 
0.0000 0.4369 0.0027 0.5604 
0.0432 0.3934 0.5617 0.0017 
0.2727 0.0960 0.4549 0.1764 
0.2262 0.1864 0.3249 0.2625 
0.2424 0.2537 0.2660 0.2379 

MOTIF filter29 
letter-probability matrix: alength= 4 w= 8 nsites= 8 
0.1110 0.3947 0.2509 0.2434 
0.0187 0.3656 0.2547 0.3610 
0.1354 0.6063 0.1956 0.0627 
0.7404 0.1025 0.0096 0.1475 
0.0000 0.1055 0.8911 0.0033 
0.4362 0.2114 0.1516 0.2008 
0.2350 0.3831 0.3817 0.0003 
0.2165 0.2608 0.1017 0.4209 

MOTIF filter30 
letter-probability matrix: alength= 4 w= 11 nsites= 11 
0.2447 0.2814 0.2616 0.2122 
0.1418 0.3756 0.3058 0.1769 
0.5231 0.2408 0.0239 0.2122 
0.0204 0.3029 0.0467 0.6300 
0.0000 0.9441 0.0000 0.0559 
0.3829 0.0006 0.6165 0.0000 
0.9363 0.0021 0.0602 0.0014 
0.2369 0.0067 0.1684 0.5880 
0.1539 0.4229 0.2737 0.1495 
0.1895 0.3254 0.2535 0.2317 
0.1923 0.2545 0.2981 0.2551 

MOTIF filter31 
letter-probability matrix: alength= 4 w= 13 nsites= 13 
0.3081 0.1398 0.2523 0.2998 
0.2412 0.2450 0.1973 0.3165 
0.4265 0.1223 0.1327 0.3185 
0.0110 0.3187 0.0739 0.5964 
0.0126 0.1697 0.1149 0.7028 
0.4168 0.4248 0.1512 0.0072 
0.5241 0.2799 0.0484 0.1476 
0.1087 0.0946 0.2850 0.5117 
0.0448 0.3288 0.6264 0.0000 
0.3256 0.0005 0.6709 0.0030 
0.5988 0.1297 0.1633 0.1082 
0.3029 0.1679 0.0409 0.4883 
0.3542 0.2712 0.1033 0.2713 

MOTIF filter32 
letter-probability matrix: alength= 4 w= 13 nsites= 13 
0.2941 0.2741 0.1628 0.2690 
0.5249 0.0552 0.2896 0.1304 
0.2804 0.1227 0.2198 0.3771 
0.2617 0.1300 0.5978 0.0105 
0.0734 0.0378 0.1300 0.7588 
0.0192 0.4172 0.5632 0.0005 
0.5987 0.3744 0.0000 0.0269 
0.0009 0.1464 0.7054 0.1473 
0.0000 0.0848 0.7629 0.1523 
0.6653 0.0771 0.0205 0.2371 
0.2207 0.1824 0.5189 0.0780 
0.1099 0.1003 0.5855 0.2043 
0.1313 0.2070 0.1190 0.5426 

MOTIF filter33 
letter-probability matrix: alength= 4 w= 10 nsites= 10 
0.1243 0.4206 0.3261 0.1290 
0.2429 0.2947 0.3683 0.0941 
0.2829 0.0075 0.3146 0.3950 
0.0036 0.3592 0.6227 0.0145 
0.3376 0.0000 0.0000 0.6624 
0.6358 0.0022 0.0000 0.3620 
0.0001 0.6840 0.3156 0.0003 
0.3056 0.3637 0.0512 0.2796 
0.2541 0.3173 0.2523 0.1763 
0.3235 0.2313 0.3000 0.1452 

MOTIF filter34 
letter-probability matrix: alength= 4 w= 13 nsites= 13 
0.2605 0.3018 0.2827 0.1551 
0.2932 0.2368 0.2959 0.1740 
0.3124 0.2239 0.1999 0.2638 
0.1605 0.0120 0.2439 0.5836 
0.2004 0.3038 0.1896 0.3062 
0.5949 0.0035 0.3802 0.0214 
0.4145 0.1773 0.2472 0.1609 
0.1441 0.1358 0.7201 0.0000 
0.0001 0.0540 0.6013 0.3446 
0.6305 0.1215 0.2454 0.0026 
0.0000 0.4435 0.2212 0.3354 
0.0681 0.2441 0.5223 0.1655 
0.0804 0.3377 0.3371 0.2448 

MOTIF filter35 
letter-probability matrix: alength= 4 w= 10 nsites= 10 
0.2815 0.2634 0.1497 0.3054 
0.4729 0.0913 0.3772 0.0586 
0.5433 0.1256 0.0227 0.3085 
0.0376 0.8366 0.1256 0.0002 
0.6192 0.1605 0.1109 0.1094 
0.0092 0.0393 0.0803 0.8713 
0.0007 0.4141 0.5623 0.0229 
0.4546 0.1003 0.2020 0.2432 
0.1711 0.2340 0.0839 0.5110 
0.1967 0.0694 0.5568 0.1772 

MOTIF filter36 
letter-probability matrix: alength= 4 w= 17 nsites= 17 
0.2474 0.2381 0.2384 0.2760 
0.1536 0.1595 0.3711 0.3157 
0.3214 0.3459 0.1374 0.1954 
0.1000 0.6737 0.1085 0.1178 
0.1745 0.4345 0.3518 0.0392 
0.3510 0.0196 0.5000 0.1294 
0.1505 0.0343 0.6585 0.1567 
0.2647 0.0320 0.5351 0.1683 
0.0348 0.0456 0.2067 0.7129 
0.3229 0.4263 0.0000 0.2508 
0.1954 0.2108 0.1969 0.3969 
0.0335 0.3791 0.5626 0.0247 
0.1351 0.0124 0.7376 0.1149 
0.2884 0.0338 0.6549 0.0229 
0.3711 0.5013 0.0613 0.0662 
0.5394 0.0969 0.0876 0.2760 
0.2557 0.2495 0.2041 0.2907 

MOTIF filter37 
letter-probability matrix: alength= 4 w= 14 nsites= 14 
0.1070 0.1360 0.5015 0.2554 
0.3481 0.2284 0.2958 0.1277 
0.2741 0.4932 0.1987 0.0340 
0.0173 0.5835 0.3908 0.0083 
0.0954 0.1484 0.0620 0.6942 
0.1551 0.0660 0.6109 0.1681 
0.5982 0.3404 0.0517 0.0097 
0.0133 0.0127 0.0137 0.9603 
0.2044 0.6542 0.0297 0.1117 
0.2481 0.2974 0.1897 0.2648 
0.0734 0.2754 0.6179 0.0333 
0.1210 0.4942 0.2618 0.1230 
0.0747 0.3454 0.1467 0.4331 
0.1614 0.4508 0.2074 0.1804 

MOTIF filter38 
letter-probability matrix: alength= 4 w= 12 nsites= 12 
0.1842 0.3633 0.2830 0.1694 
0.3668 0.1523 0.3012 0.1797 
0.3860 0.1880 0.3086 0.1174 
0.4772 0.4509 0.0696 0.0023 
0.3422 0.4750 0.0293 0.1534 
0.4649 0.2558 0.0216 0.2577 
0.1620 0.0101 0.2420 0.5860 
0.0624 0.0009 0.7961 0.1405 
0.0000 0.0041 0.7647 0.2313 
0.3187 0.2630 0.1142 0.3041 
0.0242 0.3540 0.2188 0.4029 
0.1785 0.3392 0.2435 0.2388 

MOTIF filter39 
letter-probability matrix: alength= 4 w= 12 nsites= 12 
0.4233 0.2342 0.0851 0.2574 
0.1527 0.1273 0.1613 0.5587 
0.1003 0.0813 0.3779 0.4405 
0.5084 0.0000 0.4904 0.0012 
0.3853 0.5293 0.0845 0.0009 
0.3393 0.0050 0.0676 0.5882 
0.1401 0.0080 0.5552 0.2967 
0.0236 0.4374 0.0000 0.5390 
0.1391 0.3530 0.0081 0.4999 
0.4261 0.2763 0.0844 0.2132 
0.2844 0.2679 0.1187 0.3290 
0.3191 0.1712 0.1099 0.3998 

MOTIF filter40 
letter-probability matrix: alength= 4 w= 13 nsites= 13 
0.1787 0.2550 0.2143 0.3521 
0.2913 0.1900 0.3104 0.2084 
0.3409 0.1373 0.2114 0.3104 
0.0120 0.3818 0.0870 0.5191 
0.6899 0.0048 0.1645 0.1408 
0.0000 0.9959 0.0039 0.0002 
0.4046 0.0610 0.2427 0.2917 
0.5463 0.0634 0.2235 0.1667 
0.1261 0.5673 0.2732 0.0334 
0.0833 0.1349 0.7203 0.0616 
0.1965 0.1940 0.2176 0.3920 
0.3239 0.2570 0.2388 0.1803 
0.5042 0.1320 0.0812 0.2825 

MOTIF filter41 
letter-probability matrix: alength= 4 w= 13 nsites= 13 
0.2756 0.2559 0.2057 0.2628 
0.2494 0.2522 0.2148 0.2836 
0.3316 0.2073 0.3300 0.1311 
0.0000 0.4928 0.0052 0.5020 
0.7391 0.0557 0.1610 0.0441 
0.2168 0.5398 0.2326 0.0108 
0.3240 0.0000 0.5654 0.1106 
0.0005 0.4651 0.0190 0.5154 
0.3251 0.0000 0.6103 0.0646 
0.0256 0.6060 0.2048 0.1636 
0.1852 0.3448 0.2424 0.2277 
0.3643 0.2501 0.1763 0.2094 
0.2129 0.2212 0.3208 0.2451 

MOTIF filter42 
letter-probability matrix: alength= 4 w= 13 nsites= 13 
0.1046 0.4348 0.2917 0.1689 
0.1871 0.4886 0.2174 0.1070 
0.4202 0.2269 0.1020 0.2509 
0.0450 0.1062 0.0312 0.8177 
0.1250 0.0036 0.1385 0.7330 
0.2090 0.1849 0.1269 0.4793 
0.7743 0.1822 0.0044 0.0391 
0.4796 0.1226 0.0487 0.3491 
0.3723 0.1163 0.2657 0.2457 
0.0003 0.0092 0.7373 0.2531 
0.1507 0.1328 0.5277 0.1888 
0.1457 0.2973 0.1712 0.3858 
0.2827 0.1312 0.1691 0.4170 

MOTIF filter43 
letter-probability matrix: alength= 4 w= 11 nsites= 11 
0.2936 0.1685 0.2624 0.2754 
0.3594 0.2744 0.3350 0.0312 
0.3532 0.1426 0.1224 0.3818 
0.0235 0.5296 0.4470 0.0000 
0.2334 0.5015 0.0008 0.2643 
0.1714 0.7319 0.0004 0.0963 
0.2779 0.0947 0.4576 0.1698 
0.2846 0.0007 0.1420 0.5726 
0.0000 0.4838 0.2502 0.2660 
0.1567 0.2237 0.2665 0.3531 
0.0948 0.2967 0.2271 0.3814 

MOTIF filter44 
letter-probability matrix: alength= 4 w= 12 nsites= 12 
0.3822 0.2577 0.2342 0.1258 
0.3038 0.2233 0.1783 0.2946 
0.3056 0.2511 0.3489 0.0944 
0.2805 0.6075 0.0007 0.1114 
0.4574 0.0310 0.5099 0.0017 
0.6259 0.1270 0.1935 0.0536 
0.1175 0.1661 0.2910 0.4254 
0.0000 0.3081 0.0000 0.6919 
0.1775 0.0000 0.6843 0.1382 
0.0547 0.1510 0.3303 0.4640 
0.1492 0.3214 0.2547 0.2746 
0.1607 0.3173 0.3542 0.1678 

MOTIF filter45 
letter-probability matrix: alength= 4 w= 13 nsites= 13 
0.1426 0.3476 0.3793 0.1305 
0.2362 0.2174 0.3361 0.2103 
0.1269 0.6379 0.0818 0.1533 
0.0635 0.5581 0.0254 0.3529 
0.5867 0.1794 0.2305 0.0034 
0.1536 0.0751 0.0078 0.7635 
0.1038 0.1320 0.5079 0.2563 
0.4901 0.0029 0.2696 0.2375 
0.1206 0.5110 0.1157 0.2526 
0.0003 0.0133 0.6028 0.3837 
0.2834 0.4264 0.2033 0.0869 
0.5428 0.0601 0.3200 0.0771 
0.2391 0.4178 0.2421 0.1010 

MOTIF filter46 
letter-probability matrix: alength= 4 w= 10 nsites= 10 
0.1810 0.3830 0.2692 0.1668 
0.2349 0.0701 0.2720 0.4229 
0.2478 0.2931 0.4022 0.0569 
0.8913 0.0219 0.0562 0.0306 
0.0424 0.7815 0.0639 0.1123 
0.0309 0.3878 0.0015 0.5798 
0.0436 0.0449 0.7251 0.1864 
0.3273 0.3782 0.0637 0.2308 
0.1416 0.4102 0.1101 0.3381 
0.0678 0.4125 0.2031 0.3166 

MOTIF filter47 
letter-probability matrix: alength= 4 w= 9 nsites= 9 
0.1192 0.3524 0.3392 0.1891 
0.2048 0.2569 0.5231 0.0152 
0.4153 0.2479 0.0005 0.3363 
0.0003 0.4327 0.0002 0.5668 
0.6056 0.1915 0.0004 0.2025 
0.3951 0.0026 0.6022 0.0000 
0.3673 0.0896 0.4416 0.1015 
0.4122 0.1204 0.3824 0.0850 
0.2611 0.2131 0.2020 0.3238 

MOTIF filter48 
letter-probability matrix: alength= 4 w= 12 nsites= 12 
0.3166 0.2822 0.2743 0.1268 
0.1789 0.4934 0.2245 0.1032 
0.2259 0.0925 0.2886 0.3929 
0.1628 0.1870 0.0002 0.6500 
0.1334 0.5085 0.1259 0.2322 
0.0063 0.9934 0.0003 0.0000 
0.0020 0.5567 0.3626 0.0787 
0.1571 0.2872 0.1259 0.4298 
0.0011 0.1695 0.4111 0.4183 
0.0223 0.3635 0.4115 0.2027 
0.4935 0.1765 0.1712 0.1589 
0.2911 0.2089 0.2151 0.2849 

MOTIF filter49 
letter-probability matrix: alength= 4 w= 12 nsites= 12 
0.3018 0.2363 0.2648 0.1971 
0.4014 0.2659 0.3251 0.0076 
0.2837 0.0997 0.1153 0.5013 
0.0224 0.4537 0.0033 0.5207 
0.3155 0.0000 0.6438 0.0407 
0.0000 0.6362 0.0015 0.3623 
0.0775 0.0000 0.9225 0.0000 
0.0587 0.5685 0.0015 0.3712 
0.6843 0.0261 0.2235 0.0661 
0.5585 0.0997 0.1643 0.1775 
0.0505 0.3109 0.1577 0.4809 
0.1943 0.2691 0.3029 0.2337 

MOTIF filter50 
letter-probability matrix: alength= 4 w= 12 nsites= 12 
0.1998 0.2079 0.2219 0.3703 
0.1778 0.3533 0.2420 0.2270 
0.4991 0.0045 0.3094 0.1870 
0.0000 0.4227 0.5755 0.0018 
0.3011 0.0000 0.2198 0.4791 
0.9827 0.0000 0.0053 0.0120 
0.2459 0.5171 0.0006 0.2365 
0.1419 0.3301 0.1645 0.3635 
0.0285 0.4866 0.0449 0.4400 
0.1297 0.3541 0.1097 0.4065 
0.3090 0.2679 0.2490 0.1742 
0.3090 0.1584 0.2613 0.2714 

MOTIF filter51 
letter-probability matrix: alength= 4 w= 12 nsites= 12 
0.2233 0.2660 0.2415 0.2692 
0.0922 0.6000 0.1583 0.1494 
0.2134 0.4596 0.0498 0.2772 
0.6857 0.0444 0.2656 0.0043 
0.1782 0.0000 0.3145 0.5073 
0.2127 0.7805 0.0002 0.0066 
0.0829 0.3615 0.0184 0.5373 
0.4943 0.0931 0.3348 0.0778 
0.0127 0.0000 0.0928 0.8946 
0.4780 0.2358 0.2855 0.0007 
0.1670 0.0889 0.5555 0.1886 
0.2661 0.2670 0.2722 0.1947 

MOTIF filter52 
letter-probability matrix: alength= 4 w= 14 nsites= 14 
0.2139 0.0683 0.2314 0.4864 
0.1880 0.0659 0.4528 0.2934 
0.2009 0.4296 0.1205 0.2491 
0.0661 0.5293 0.0266 0.3780 
0.6931 0.2265 0.0202 0.0602 
0.3016 0.5418 0.0178 0.1388 
0.0555 0.0003 0.6929 0.2513 
0.7145 0.1097 0.1757 0.0000 
0.0823 0.4796 0.2794 0.1588 
0.1019 0.3033 0.0337 0.5612 
0.2070 0.6137 0.0129 0.1664 
0.2416 0.2417 0.2557 0.2609 
0.1125 0.3224 0.2602 0.3049 
0.2015 0.2762 0.2825 0.2397 

MOTIF filter53 
letter-probability matrix: alength= 4 w= 11 nsites= 11 
0.3379 0.0847 0.3582 0.2192 
0.2493 0.3359 0.2560 0.1588 
0.1360 0.0990 0.2622 0.5028 
0.9539 0.0457 0.0004 0.0000 
0.0006 0.0779 0.0219 0.8996 
0.4009 0.2419 0.2183 0.1389 
0.0000 0.0084 0.3444 0.6472 
0.1838 0.3327 0.0000 0.4835 
0.2854 0.2738 0.1757 0.2651 
0.3769 0.2505 0.1856 0.1870 
0.2344 0.2283 0.2579 0.2794 

MOTIF filter54 
letter-probability matrix: alength= 4 w= 9 nsites= 9 
0.2391 0.2064 0.2549 0.2996 
0.1412 0.3178 0.4252 0.1158 
0.4159 0.2187 0.3279 0.0375 
0.2697 0.6741 0.0562 0.0000 
0.0201 0.4606 0.5193 0.0000 
0.0000 0.0901 0.8019 0.1079 
0.0436 0.3610 0.2332 0.3621 
0.0054 0.3566 0.4744 0.1636 
0.2508 0.3007 0.2050 0.2435 

MOTIF filter55 
letter-probability matrix: alength= 4 w= 12 nsites= 12 
0.0951 0.4903 0.2337 0.1809 
0.1014 0.4211 0.1768 0.3006 
0.4308 0.1517 0.3966 0.0210 
0.6576 0.0145 0.2379 0.0900 
0.0000 0.3879 0.1766 0.4355 
0.0950 0.2583 0.1840 0.4628 
0.4959 0.0552 0.3573 0.0916 
0.5261 0.0057 0.4682 0.0000 
0.0585 0.3012 0.0015 0.6388 
0.0525 0.5548 0.0941 0.2985 
0.4392 0.2706 0.1490 0.1412 
0.2341 0.1549 0.5821 0.0289 

MOTIF filter56 
letter-probability matrix: alength= 4 w= 14 nsites= 14 
0.1927 0.3501 0.2582 0.1989 
0.3064 0.2827 0.1004 0.3105 
0.1587 0.4899 0.3392 0.0122 
0.6964 0.2139 0.0332 0.0565 
0.3376 0.1304 0.3452 0.1868 
0.1551 0.3509 0.0880 0.4060 
0.0000 0.1606 0.8394 0.0000 
0.4088 0.0504 0.4823 0.0585 
0.3472 0.1705 0.0822 0.4000 
0.3136 0.0476 0.0327 0.6061 
0.0373 0.3237 0.6158 0.0233 
0.3247 0.2177 0.1835 0.2741 
0.0983 0.1516 0.4554 0.2947 
0.1689 0.2288 0.3100 0.2924 

MOTIF filter57 
letter-probability matrix: alength= 4 w= 13 nsites= 13 
0.2974 0.2707 0.2253 0.2066 
0.4122 0.1357 0.3577 0.0943 
0.4281 0.2807 0.2657 0.0255 
0.1157 0.0214 0.1439 0.7190 
0.1093 0.0047 0.3229 0.5631 
0.2880 0.2039 0.5031 0.0050 
0.0334 0.9569 0.0000 0.0097 
0.0135 0.0003 0.6285 0.3577 
0.0041 0.4832 0.3856 0.1272 
0.9388 0.0337 0.0053 0.0223 
0.4413 0.1108 0.2801 0.1679 
0.0703 0.2637 0.3876 0.2783 
0.1175 0.3791 0.1383 0.3651 

MOTIF filter58 
letter-probability matrix: alength= 4 w= 14 nsites= 14 
0.1275 0.4506 0.2265 0.1955 
0.1906 0.2438 0.2242 0.3414 
0.3077 0.1528 0.1930 0.3465 
0.0414 0.9005 0.0550 0.0031 
0.0592 0.8755 0.0188 0.0466 
0.2779 0.1546 0.1489 0.4186 
0.0518 0.4473 0.4627 0.0382 
0.0002 0.3006 0.4872 0.2119 
0.3112 0.3875 0.0782 0.2231 
0.4592 0.2308 0.1890 0.1210 
0.1173 0.1379 0.7024 0.0424 
0.2476 0.2755 0.0893 0.3876 
0.2387 0.1956 0.3595 0.2061 
0.2231 0.2863 0.3314 0.1592 

MOTIF filter59 
letter-probability matrix: alength= 4 w= 13 nsites= 13 
0.2519 0.3245 0.2503 0.1733 
0.2291 0.3404 0.1653 0.2652 
0.2211 0.4953 0.0881 0.1956 
0.9204 0.0383 0.0295 0.0119 
0.0611 0.3651 0.0180 0.5559 
0.2354 0.5893 0.1521 0.0232 
0.5852 0.0000 0.0000 0.4148 
0.0000 0.1657 0.6396 0.1947 
0.0088 0.3961 0.4275 0.1676 
0.0940 0.3101 0.0386 0.5572 
0.2689 0.1668 0.2859 0.2784 
0.3539 0.2532 0.0822 0.3108 
0.2451 0.2514 0.1230 0.3805 

MOTIF filter60 
letter-probability matrix: alength= 4 w= 12 nsites= 12 
0.1961 0.3396 0.2986 0.1657 
0.4058 0.2301 0.2762 0.0879 
0.3424 0.2832 0.1487 0.2258 
0.4267 0.1209 0.4524 0.0000 
0.0116 0.2581 0.0865 0.6439 
0.5940 0.1469 0.2586 0.0005 
0.3602 0.3983 0.0403 0.2012 
0.0054 0.1847 0.7565 0.0535 
0.1689 0.0065 0.1044 0.7201 
0.0018 0.3812 0.1839 0.4330 
0.3449 0.3730 0.0199 0.2622 
0.1196 0.3236 0.1485 0.4083 

MOTIF filter61 
letter-probability matrix: alength= 4 w= 13 nsites= 13 
0.2875 0.0375 0.3359 0.3391 
0.1348 0.5458 0.1661 0.1533 
0.2068 0.4781 0.0005 0.3146 
0.9027 0.0313 0.0311 0.0348 
0.5400 0.2170 0.0498 0.1932 
0.2043 0.0164 0.3591 0.4202 
0.0004 0.1107 0.0023 0.8867 
0.0929 0.0028 0.5981 0.3062 
0.0602 0.1784 0.5928 0.1686 
0.2238 0.5749 0.0088 0.1925 
0.1167 0.2365 0.2889 0.3579 
0.2551 0.4278 0.2039 0.1131 
0.3291 0.2856 0.1944 0.1909 

MOTIF filter62 
letter-probability matrix: alength= 4 w= 11 nsites= 11 
0.3400 0.1997 0.2157 0.2447 
0.3126 0.1760 0.2339 0.2775 
0.2488 0.2635 0.1544 0.3333 
0.1918 0.2182 0.0033 0.5868 
0.0349 0.7370 0.1957 0.0323 
0.2040 0.7943 0.0015 0.0002 
0.0024 0.0000 0.9718 0.0257 
0.0051 0.3767 0.4741 0.1442 
0.5224 0.2694 0.0174 0.1908 
0.3403 0.3602 0.0918 0.2077 
0.2588 0.2207 0.2314 0.2891 

MOTIF filter63 
letter-probability matrix: alength= 4 w= 12 nsites= 12 
0.2620 0.1738 0.2377 0.3265 
0.2322 0.3907 0.1733 0.2039 
0.3421 0.0155 0.4002 0.2422 
0.2973 0.0006 0.5267 0.1755 
0.1595 0.4157 0.0005 0.4244 
0.4260 0.4178 0.0001 0.1560 
0.0034 0.0000 0.9966 0.0000 
0.3188 0.3915 0.0344 0.2553 
0.1495 0.1394 0.0338 0.6773 
0.2619 0.1353 0.4083 0.1944 
0.2438 0.2681 0.1779 0.3102 
0.2276 0.2910 0.2066 0.2748 

