MEME version 4

ALPHABET= ACGT

Background letter frequencies:
A 0.2500 C 0.2500 G 0.2500 T 0.2500 

MOTIF filter0 
letter-probability matrix: alength= 4 w= 11 nsites= 11 
0.3020 0.2878 0.2175 0.1926 
0.2404 0.2566 0.2787 0.2243 
0.4778 0.1668 0.1573 0.1982 
0.6993 0.1035 0.0018 0.1954 
0.0021 0.5562 0.4417 0.0000 
0.1238 0.5185 0.0000 0.3578 
0.0016 0.0031 0.0325 0.9629 
0.0827 0.1901 0.6862 0.0410 
0.3917 0.1805 0.4015 0.0264 
0.3948 0.2924 0.1516 0.1613 
0.4103 0.1537 0.3182 0.1179 

MOTIF filter1 
letter-probability matrix: alength= 4 w= 11 nsites= 11 
0.3196 0.1382 0.4392 0.1030 
0.2085 0.3557 0.2403 0.1954 
0.0895 0.2321 0.1137 0.5647 
0.0684 0.3915 0.5383 0.0018 
0.7975 0.0000 0.1877 0.0148 
0.0006 0.7372 0.2460 0.0162 
0.0446 0.3969 0.0135 0.5450 
0.2621 0.0484 0.6854 0.0041 
0.3368 0.1905 0.1943 0.2784 
0.2500 0.1660 0.2606 0.3234 
0.2162 0.2430 0.2055 0.3353 

MOTIF filter2 
letter-probability matrix: alength= 4 w= 13 nsites= 13 
0.3043 0.3163 0.1808 0.1985 
0.3702 0.1675 0.3026 0.1597 
0.2659 0.4482 0.2105 0.0755 
0.0652 0.6123 0.0424 0.2801 
0.3993 0.4151 0.0462 0.1394 
0.0002 0.9715 0.0000 0.0284 
0.2007 0.1183 0.5838 0.0972 
0.1169 0.3930 0.0736 0.4165 
0.0027 0.0917 0.8757 0.0299 
0.0421 0.4647 0.0239 0.4693 
0.0285 0.4805 0.2383 0.2527 
0.2204 0.3363 0.1615 0.2818 
0.2401 0.3092 0.1621 0.2886 

MOTIF filter3 
letter-probability matrix: alength= 4 w= 16 nsites= 16 
0.2285 0.2360 0.2120 0.3235 
0.1519 0.5465 0.1983 0.1033 
0.1747 0.3989 0.1461 0.2803 
0.1896 0.0609 0.6953 0.0542 
0.0934 0.7652 0.0377 0.1037 
0.1629 0.4417 0.0263 0.3691 
0.8335 0.0499 0.1166 0.0000 
0.1810 0.0510 0.2305 0.5375 
0.0020 0.7538 0.1680 0.0762 
0.4150 0.1602 0.0891 0.3357 
0.1417 0.0495 0.3710 0.4378 
0.0899 0.3019 0.1272 0.4810 
0.6824 0.0122 0.0836 0.2218 
0.2587 0.2159 0.1410 0.3844 
0.2980 0.1355 0.0495 0.5171 
0.3518 0.2768 0.0726 0.2988 

MOTIF filter4 
letter-probability matrix: alength= 4 w= 14 nsites= 14 
0.3376 0.1425 0.1836 0.3363 
0.2561 0.2240 0.1496 0.3703 
0.1720 0.2869 0.1418 0.3992 
0.0083 0.0571 0.0051 0.9294 
0.0000 0.0635 0.2811 0.6553 
0.3678 0.6316 0.0000 0.0006 
0.0006 0.2458 0.0000 0.7535 
0.0539 0.0700 0.2651 0.6110 
0.3909 0.0000 0.6065 0.0026 
0.0000 0.0289 0.8633 0.1078 
0.5148 0.2798 0.0006 0.2047 
0.3659 0.3389 0.0635 0.2317 
0.5193 0.2028 0.1508 0.1271 
0.2843 0.1682 0.3973 0.1502 

MOTIF filter5 
letter-probability matrix: alength= 4 w= 13 nsites= 13 
0.3389 0.3419 0.1349 0.1842 
0.6312 0.1692 0.1158 0.0837 
0.4904 0.1060 0.2945 0.1090 
0.1883 0.0359 0.0574 0.7184 
0.0131 0.2417 0.7451 0.0000 
0.0144 0.6968 0.0248 0.2640 
0.1458 0.5641 0.0367 0.2534 
0.2030 0.2291 0.2402 0.3277 
0.5347 0.0395 0.2699 0.1559 
0.0000 0.5584 0.1422 0.2994 
0.3356 0.0583 0.0935 0.5126 
0.1564 0.3888 0.1104 0.3443 
0.2822 0.1842 0.1724 0.3612 

MOTIF filter6 
letter-probability matrix: alength= 4 w= 13 nsites= 13 
0.2447 0.2943 0.2597 0.2013 
0.2525 0.3511 0.1553 0.2411 
0.1112 0.1269 0.3324 0.4295 
0.0204 0.3044 0.0001 0.6752 
0.0000 0.6208 0.3747 0.0045 
0.4651 0.4954 0.0270 0.0125 
0.3065 0.2306 0.1838 0.2791 
0.0019 0.1428 0.1960 0.6593 
0.0000 0.1959 0.7976 0.0065 
0.5025 0.0764 0.4202 0.0009 
0.2617 0.3329 0.1142 0.2913 
0.2671 0.2759 0.1775 0.2795 
0.2042 0.2554 0.3049 0.2355 

MOTIF filter7 
letter-probability matrix: alength= 4 w= 17 nsites= 17 
0.2337 0.2626 0.2509 0.2528 
0.3037 0.2270 0.2004 0.2689 
0.0861 0.1155 0.3875 0.4110 
0.0716 0.8102 0.0231 0.0951 
0.0051 0.3464 0.0117 0.6368 
0.8266 0.1393 0.0341 0.0000 
0.2708 0.2489 0.1534 0.3268 
0.2556 0.4004 0.0176 0.3264 
0.3413 0.2650 0.2356 0.1581 
0.2513 0.0391 0.4654 0.2442 
0.0000 0.0114 0.6634 0.3252 
0.6153 0.0376 0.3409 0.0063 
0.0865 0.4462 0.4395 0.0278 
0.1886 0.6344 0.0587 0.1182 
0.1405 0.4016 0.2544 0.2035 
0.2650 0.4634 0.1151 0.1566 
0.2309 0.3812 0.1159 0.2720 

MOTIF filter8 
letter-probability matrix: alength= 4 w= 11 nsites= 11 
0.2697 0.3608 0.1838 0.1856 
0.3326 0.2385 0.3083 0.1206 
0.0762 0.3391 0.3406 0.2442 
0.3349 0.0007 0.5740 0.0904 
0.3019 0.2690 0.1390 0.2901 
0.0021 0.0198 0.9678 0.0103 
0.3374 0.0011 0.1979 0.4637 
0.0366 0.6874 0.2728 0.0032 
0.1516 0.1039 0.2421 0.5024 
0.2284 0.4582 0.0142 0.2992 
0.3239 0.2300 0.1623 0.2837 

MOTIF filter9 
letter-probability matrix: alength= 4 w= 14 nsites= 14 
0.2203 0.2667 0.2527 0.2603 
0.2355 0.2706 0.2735 0.2205 
0.3423 0.3341 0.2949 0.0287 
0.1379 0.0816 0.1370 0.6434 
0.0900 0.1850 0.1575 0.5675 
0.1570 0.1767 0.5048 0.1615 
0.0126 0.7133 0.0915 0.1826 
0.1853 0.0027 0.8099 0.0020 
0.0134 0.1937 0.7446 0.0483 
0.7821 0.0070 0.0013 0.2097 
0.6123 0.0439 0.0595 0.2843 
0.0468 0.3216 0.4069 0.2247 
0.2841 0.3492 0.1723 0.1943 
0.2199 0.4226 0.2428 0.1147 

MOTIF filter10 
letter-probability matrix: alength= 4 w= 11 nsites= 11 
0.2544 0.2906 0.2359 0.2191 
0.2159 0.2556 0.1876 0.3409 
0.1906 0.1485 0.2835 0.3774 
0.0239 0.3856 0.5357 0.0549 
0.5003 0.4576 0.0279 0.0142 
0.0139 0.4021 0.2930 0.2910 
0.0020 0.4857 0.4116 0.1007 
0.0000 0.0000 0.4764 0.5236 
0.3674 0.4296 0.0000 0.2031 
0.4327 0.3325 0.0349 0.1999 
0.1949 0.2792 0.3076 0.2182 

MOTIF filter11 
letter-probability matrix: alength= 4 w= 12 nsites= 12 
0.1312 0.0863 0.3095 0.4730 
0.3012 0.0037 0.3685 0.3266 
0.0130 0.3586 0.3769 0.2514 
0.2322 0.5997 0.1679 0.0001 
0.4620 0.4118 0.0010 0.1252 
0.2040 0.4059 0.3866 0.0035 
0.0000 0.0000 0.9243 0.0757 
0.0483 0.0000 0.5270 0.4247 
0.4820 0.1403 0.3741 0.0036 
0.5028 0.2700 0.0999 0.1272 
0.2527 0.2052 0.1975 0.3446 
0.2544 0.2419 0.2310 0.2728 

MOTIF filter12 
letter-probability matrix: alength= 4 w= 9 nsites= 9 
0.1704 0.1157 0.4703 0.2437 
0.2544 0.3756 0.3700 0.0000 
0.1564 0.1066 0.5734 0.1636 
0.0000 0.7038 0.2376 0.0586 
0.0127 0.7636 0.0056 0.2181 
0.0073 0.1476 0.7913 0.0538 
0.3164 0.1349 0.4497 0.0990 
0.4246 0.1894 0.3833 0.0027 
0.4431 0.1823 0.2817 0.0929 

MOTIF filter13 
letter-probability matrix: alength= 4 w= 10 nsites= 10 
0.2875 0.1554 0.2968 0.2603 
0.1787 0.0856 0.4590 0.2767 
0.1620 0.2879 0.4863 0.0638 
0.5841 0.2279 0.0080 0.1800 
0.0107 0.0001 0.1517 0.8375 
0.0000 0.7304 0.1408 0.1289 
0.3327 0.0035 0.6456 0.0181 
0.4969 0.3645 0.0761 0.0625 
0.2033 0.1180 0.0786 0.6002 
0.3225 0.1866 0.2896 0.2013 

MOTIF filter14 
letter-probability matrix: alength= 4 w= 11 nsites= 11 
0.2689 0.0174 0.2504 0.4633 
0.1688 0.1861 0.3255 0.3197 
0.4292 0.4158 0.0885 0.0665 
0.9949 0.0010 0.0041 0.0000 
0.3242 0.4444 0.0149 0.2165 
0.0564 0.1172 0.7510 0.0754 
0.1398 0.0432 0.1549 0.6621 
0.0092 0.1431 0.1152 0.7325 
0.1927 0.3194 0.3909 0.0970 
0.1853 0.2182 0.3460 0.2505 
0.2243 0.2979 0.1722 0.3057 

MOTIF filter15 
letter-probability matrix: alength= 4 w= 13 nsites= 13 
0.2573 0.2438 0.2984 0.2005 
0.1682 0.1630 0.2218 0.4469 
0.3234 0.0951 0.2521 0.3294 
0.2630 0.6088 0.0143 0.1138 
0.0286 0.8418 0.0790 0.0507 
0.1696 0.6385 0.1679 0.0240 
0.5053 0.0000 0.4250 0.0697 
0.0000 0.0413 0.5423 0.4163 
0.2787 0.0364 0.0051 0.6798 
0.5833 0.0682 0.3484 0.0000 
0.1569 0.1584 0.5812 0.1035 
0.1810 0.2988 0.1642 0.3560 
0.2312 0.3171 0.2401 0.2116 

MOTIF filter16 
letter-probability matrix: alength= 4 w= 14 nsites= 14 
0.1329 0.1977 0.3678 0.3016 
0.5032 0.1202 0.2446 0.1321 
0.3540 0.3014 0.2126 0.1321 
0.1784 0.6198 0.1831 0.0187 
0.3766 0.3568 0.1850 0.0816 
0.4006 0.1861 0.0006 0.4127 
0.6220 0.0000 0.3780 0.0000 
0.0000 0.0003 0.4971 0.5026 
0.7339 0.2253 0.0130 0.0278 
0.6915 0.0011 0.0573 0.2501 
0.0689 0.0292 0.9018 0.0000 
0.0742 0.2520 0.3540 0.3198 
0.2277 0.0937 0.4056 0.2730 
0.2526 0.4767 0.2258 0.0449 

MOTIF filter17 
letter-probability matrix: alength= 4 w= 14 nsites= 14 
0.0457 0.5041 0.3529 0.0974 
0.1852 0.1716 0.3059 0.3372 
0.1606 0.2571 0.5399 0.0423 
0.1696 0.3685 0.4619 0.0000 
0.3564 0.4905 0.1162 0.0369 
0.5230 0.0019 0.1804 0.2947 
0.1387 0.0067 0.5064 0.3483 
0.2494 0.4647 0.2782 0.0077 
0.0154 0.6755 0.0202 0.2888 
0.0077 0.1160 0.6861 0.1902 
0.0081 0.1940 0.6926 0.1053 
0.2836 0.3264 0.2653 0.1247 
0.4492 0.1059 0.1643 0.2805 
0.1769 0.1762 0.4457 0.2013 

MOTIF filter18 
letter-probability matrix: alength= 4 w= 11 nsites= 11 
0.2645 0.1987 0.1541 0.3827 
0.2224 0.1849 0.1464 0.4462 
0.1833 0.0971 0.1198 0.5998 
0.6003 0.3933 0.0064 0.0000 
0.6105 0.3204 0.0395 0.0296 
0.4157 0.5543 0.0212 0.0088 
0.0000 0.1411 0.8574 0.0015 
0.0001 0.0461 0.3100 0.6437 
0.4114 0.1459 0.4144 0.0283 
0.3036 0.2519 0.1799 0.2646 
0.3153 0.1530 0.1912 0.3405 

MOTIF filter19 
letter-probability matrix: alength= 4 w= 11 nsites= 11 
0.1624 0.1248 0.1743 0.5386 
0.1817 0.4973 0.3156 0.0054 
0.2503 0.4011 0.0433 0.3053 
0.1716 0.7745 0.0018 0.0521 
0.3018 0.5682 0.0116 0.1185 
0.8014 0.0000 0.0543 0.1442 
0.0504 0.5311 0.0133 0.4052 
0.4173 0.0000 0.4367 0.1460 
0.0193 0.1286 0.3598 0.4923 
0.2309 0.1772 0.3425 0.2494 
0.0718 0.1956 0.4364 0.2962 

MOTIF filter20 
letter-probability matrix: alength= 4 w= 12 nsites= 12 
0.3271 0.3031 0.2011 0.1687 
0.2898 0.2585 0.2851 0.1666 
0.1205 0.2344 0.4099 0.2352 
0.0009 0.9862 0.0004 0.0125 
0.5122 0.4557 0.0014 0.0306 
0.3924 0.5169 0.0011 0.0896 
0.3103 0.0028 0.3011 0.3858 
0.2824 0.0246 0.3689 0.3241 
0.1547 0.0001 0.4261 0.4190 
0.0692 0.2428 0.4529 0.2351 
0.2140 0.1615 0.4482 0.1764 
0.2354 0.3805 0.1225 0.2616 

MOTIF filter21 
letter-probability matrix: alength= 4 w= 11 nsites= 11 
0.2858 0.2347 0.3353 0.1443 
0.3218 0.1195 0.3994 0.1594 
0.0859 0.1594 0.1995 0.5552 
0.0140 0.5923 0.0750 0.3187 
0.5295 0.0002 0.4678 0.0026 
0.1875 0.0439 0.6553 0.1134 
0.0064 0.2345 0.0003 0.7587 
0.0826 0.1507 0.7084 0.0583 
0.4667 0.0458 0.3963 0.0912 
0.4553 0.1727 0.2458 0.1263 
0.0749 0.4341 0.2164 0.2747 

MOTIF filter22 
letter-probability matrix: alength= 4 w= 11 nsites= 11 
0.3088 0.2197 0.3358 0.1357 
0.1548 0.3319 0.4535 0.0598 
0.1810 0.0493 0.3452 0.4246 
0.0192 0.5903 0.3292 0.0614 
0.0051 0.0000 0.0000 0.9949 
0.8104 0.0344 0.0000 0.1552 
0.0000 0.9355 0.0637 0.0008 
0.1591 0.6943 0.0575 0.0891 
0.1478 0.2737 0.4261 0.1525 
0.1736 0.3819 0.2271 0.2174 
0.2826 0.2940 0.1779 0.2455 

MOTIF filter23 
letter-probability matrix: alength= 4 w= 11 nsites= 11 
0.1818 0.2126 0.4581 0.1476 
0.0107 0.2378 0.3948 0.3567 
0.0016 0.2566 0.3794 0.3623 
0.0250 0.6563 0.0055 0.3133 
0.0724 0.6084 0.0906 0.2286 
0.1388 0.4430 0.4154 0.0028 
0.3638 0.0001 0.6311 0.0049 
0.0512 0.1870 0.7614 0.0004 
0.4718 0.3552 0.0437 0.1293 
0.4693 0.3707 0.0457 0.1144 
0.2494 0.4364 0.0460 0.2682 

MOTIF filter24 
letter-probability matrix: alength= 4 w= 11 nsites= 11 
0.2101 0.2452 0.3296 0.2151 
0.2119 0.4156 0.2537 0.1188 
0.1076 0.2287 0.3011 0.3625 
0.3667 0.0000 0.6333 0.0000 
0.4536 0.4650 0.0814 0.0000 
0.2645 0.2948 0.3070 0.1336 
0.0000 0.0000 0.8980 0.1020 
0.0000 0.7398 0.0000 0.2602 
0.3331 0.0965 0.3169 0.2535 
0.0196 0.3214 0.4032 0.2558 
0.1691 0.1888 0.3671 0.2750 

MOTIF filter25 
letter-probability matrix: alength= 4 w= 12 nsites= 12 
0.2435 0.2651 0.2798 0.2116 
0.1547 0.3819 0.2097 0.2537 
0.1647 0.4752 0.2933 0.0668 
0.0499 0.7672 0.0539 0.1290 
0.0826 0.0051 0.8680 0.0443 
0.0396 0.0257 0.2178 0.7169 
0.0270 0.7253 0.1429 0.1048 
0.0000 0.5389 0.0792 0.3819 
0.6414 0.0201 0.0807 0.2578 
0.1410 0.2047 0.0591 0.5952 
0.2304 0.2691 0.2982 0.2022 
0.0890 0.2636 0.3291 0.3184 

MOTIF filter26 
letter-probability matrix: alength= 4 w= 15 nsites= 15 
0.2548 0.2631 0.2494 0.2328 
0.2024 0.1462 0.3320 0.3193 
0.2000 0.5535 0.0685 0.1780 
0.0553 0.0787 0.1487 0.7174 
0.6743 0.2572 0.0655 0.0029 
0.3736 0.0064 0.0039 0.6161 
0.4269 0.0000 0.4406 0.1325 
0.5848 0.0117 0.3012 0.1022 
0.3902 0.4606 0.1100 0.0391 
0.0000 0.0005 0.0000 0.9995 
0.3472 0.2528 0.4000 0.0000 
0.3399 0.0010 0.6582 0.0010 
0.1496 0.6313 0.0890 0.1301 
0.1834 0.2513 0.3379 0.2274 
0.1584 0.2259 0.4377 0.1780 

MOTIF filter27 
letter-probability matrix: alength= 4 w= 13 nsites= 13 
0.1213 0.2211 0.3495 0.3081 
0.1467 0.3232 0.2069 0.3232 
0.4026 0.1863 0.3849 0.0262 
0.4675 0.0126 0.4441 0.0758 
0.0482 0.2727 0.1937 0.4853 
0.1524 0.7557 0.0799 0.0120 
0.8265 0.0066 0.0735 0.0934 
0.1871 0.0382 0.6179 0.1568 
0.1163 0.3307 0.0322 0.5207 
0.0462 0.5869 0.0490 0.3178 
0.2278 0.1608 0.0556 0.5558 
0.1876 0.1974 0.5724 0.0425 
0.3462 0.1710 0.2413 0.2415 

MOTIF filter28 
letter-probability matrix: alength= 4 w= 15 nsites= 15 
0.3138 0.2579 0.2673 0.1609 
0.2942 0.1732 0.2890 0.2436 
0.2688 0.2821 0.2262 0.2229 
0.4728 0.0825 0.4446 0.0000 
0.0644 0.0003 0.1130 0.8224 
0.0726 0.7983 0.1144 0.0147 
0.1031 0.7461 0.0100 0.1408 
0.1658 0.2947 0.2506 0.2888 
0.0650 0.0718 0.2116 0.6516 
0.1612 0.4786 0.1498 0.2105 
0.4389 0.2262 0.0225 0.3124 
0.0199 0.1705 0.0314 0.7782 
0.3468 0.2004 0.1842 0.2686 
0.1947 0.2167 0.2119 0.3768 
0.1490 0.2371 0.2431 0.3709 

MOTIF filter29 
letter-probability matrix: alength= 4 w= 10 nsites= 10 
0.3786 0.3103 0.3046 0.0065 
0.2375 0.1377 0.5184 0.1065 
0.1194 0.1365 0.1940 0.5501 
0.1830 0.6173 0.1997 0.0000 
0.0000 0.0508 0.0031 0.9461 
0.3916 0.6083 0.0001 0.0000 
0.0000 0.1670 0.1999 0.6331 
0.5353 0.1867 0.0280 0.2500 
0.1964 0.2444 0.0945 0.4647 
0.2263 0.3400 0.1915 0.2422 

MOTIF filter30 
letter-probability matrix: alength= 4 w= 15 nsites= 15 
0.5587 0.0900 0.1995 0.1519 
0.3090 0.2503 0.0574 0.3833 
0.1793 0.2549 0.3207 0.2451 
0.0404 0.0639 0.0130 0.8827 
0.0359 0.7601 0.2040 0.0000 
0.2731 0.7145 0.0039 0.0085 
0.0013 0.0000 0.7301 0.2686 
0.0000 0.1864 0.7960 0.0176 
0.8155 0.0059 0.0724 0.1063 
0.3207 0.3383 0.1121 0.2288 
0.3540 0.0671 0.1982 0.3807 
0.1649 0.1819 0.0287 0.6245 
0.3435 0.1121 0.2608 0.2836 
0.1988 0.2132 0.4374 0.1506 
0.2125 0.2712 0.2777 0.2386 

MOTIF filter31 
letter-probability matrix: alength= 4 w= 10 nsites= 10 
0.1704 0.2976 0.2950 0.2369 
0.2021 0.3211 0.4737 0.0031 
0.0063 0.4338 0.3516 0.2083 
0.1356 0.0001 0.7520 0.1123 
0.3621 0.4806 0.0033 0.1540 
0.4490 0.0086 0.5424 0.0000 
0.0000 0.4004 0.5151 0.0845 
0.3181 0.0399 0.5386 0.1034 
0.0787 0.2699 0.3288 0.3226 
0.2090 0.3022 0.2645 0.2242 

MOTIF filter32 
letter-probability matrix: alength= 4 w= 13 nsites= 13 
0.2046 0.2010 0.4375 0.1569 
0.2021 0.2009 0.4343 0.1628 
0.1646 0.2513 0.3968 0.1873 
0.0505 0.3769 0.5122 0.0604 
0.3501 0.1012 0.3745 0.1742 
0.4495 0.2003 0.0027 0.3474 
0.0097 0.8374 0.1435 0.0093 
0.2869 0.0021 0.4736 0.2374 
0.4240 0.0003 0.0524 0.5233 
0.0100 0.1165 0.8061 0.0674 
0.2223 0.3154 0.3381 0.1241 
0.2489 0.2688 0.1998 0.2825 
0.1555 0.2551 0.3182 0.2711 

MOTIF filter33 
letter-probability matrix: alength= 4 w= 12 nsites= 12 
0.2016 0.3713 0.2380 0.1891 
0.2675 0.2880 0.2485 0.1960 
0.1344 0.3678 0.3708 0.1270 
0.6879 0.1680 0.0360 0.1080 
0.0165 0.2375 0.0009 0.7451 
0.0000 0.7752 0.0007 0.2242 
0.3491 0.0000 0.6509 0.0000 
0.5800 0.0001 0.4128 0.0071 
0.1227 0.0591 0.1658 0.6523 
0.1081 0.4258 0.3097 0.1564 
0.2246 0.2298 0.3375 0.2081 
0.2404 0.2380 0.3175 0.2041 

MOTIF filter34 
letter-probability matrix: alength= 4 w= 14 nsites= 14 
0.2435 0.2596 0.2814 0.2156 
0.4800 0.1886 0.3074 0.0239 
0.0518 0.1894 0.2472 0.5116 
0.3228 0.0000 0.1858 0.4914 
0.3220 0.0000 0.6073 0.0706 
0.0958 0.6075 0.0086 0.2882 
0.1873 0.2435 0.5688 0.0005 
0.0062 0.2075 0.0000 0.7864 
0.3817 0.2678 0.3478 0.0027 
0.6326 0.0309 0.2314 0.1051 
0.0429 0.4762 0.0477 0.4332 
0.0498 0.2370 0.2218 0.4914 
0.2573 0.2856 0.2242 0.2329 
0.2317 0.3410 0.1972 0.2301 

MOTIF filter35 
letter-probability matrix: alength= 4 w= 15 nsites= 15 
0.2302 0.2654 0.2417 0.2627 
0.2056 0.2733 0.2724 0.2487 
0.2381 0.3216 0.2144 0.2258 
0.4824 0.1195 0.3963 0.0018 
0.0009 0.0000 0.0000 0.9991 
0.0000 0.0000 0.0826 0.9174 
0.3620 0.0000 0.5360 0.1019 
0.0062 0.8866 0.0325 0.0747 
0.0721 0.0141 0.6819 0.2320 
0.0808 0.6916 0.0000 0.2276 
0.9288 0.0712 0.0000 0.0000 
0.9490 0.0316 0.0185 0.0009 
0.0114 0.3401 0.1617 0.4868 
0.2750 0.2206 0.2891 0.2153 
0.2302 0.2012 0.2724 0.2961 

MOTIF filter36 
letter-probability matrix: alength= 4 w= 14 nsites= 14 
0.3028 0.1980 0.3415 0.1577 
0.3944 0.1387 0.3104 0.1566 
0.4347 0.2364 0.1473 0.1815 
0.0723 0.0331 0.1011 0.7936 
0.0003 0.0031 0.0913 0.9053 
0.0899 0.6709 0.2266 0.0126 
0.0557 0.8866 0.0003 0.0574 
0.1597 0.2081 0.5857 0.0465 
0.1345 0.4515 0.2429 0.1711 
0.4496 0.0389 0.3146 0.1969 
0.8126 0.0269 0.0112 0.1493 
0.3303 0.0661 0.0664 0.5373 
0.4387 0.1513 0.1849 0.2252 
0.2213 0.1574 0.2426 0.3787 

MOTIF filter37 
letter-probability matrix: alength= 4 w= 15 nsites= 15 
0.2529 0.2573 0.2840 0.2058 
0.2485 0.2659 0.2304 0.2553 
0.3952 0.0700 0.2314 0.3034 
0.1140 0.1392 0.0949 0.6519 
0.0737 0.0000 0.1048 0.8215 
0.5901 0.3195 0.0137 0.0768 
0.7532 0.0751 0.0003 0.1713 
0.2809 0.0867 0.0843 0.5481 
0.1113 0.0000 0.0662 0.8225 
0.0829 0.0478 0.2720 0.5973 
0.6662 0.1410 0.0000 0.1928 
0.7648 0.0737 0.0734 0.0881 
0.3461 0.2010 0.1730 0.2799 
0.2375 0.3075 0.2256 0.2294 
0.2362 0.3003 0.2631 0.2003 

MOTIF filter38 
letter-probability matrix: alength= 4 w= 15 nsites= 15 
0.0359 0.3239 0.4850 0.1552 
0.5544 0.2920 0.0686 0.0850 
0.0024 0.3299 0.2134 0.4543 
0.0387 0.3478 0.5333 0.0802 
0.6167 0.0012 0.0036 0.3785 
0.0375 0.1077 0.2653 0.5895 
0.6306 0.0467 0.1460 0.1767 
0.0096 0.5979 0.0415 0.3510 
0.8775 0.0921 0.0008 0.0295 
0.2166 0.2194 0.0838 0.4803 
0.1181 0.1679 0.6829 0.0311 
0.0379 0.0407 0.8289 0.0925 
0.1416 0.1492 0.4077 0.3016 
0.2337 0.4651 0.1783 0.1229 
0.4364 0.1256 0.2238 0.2142 

MOTIF filter39 
letter-probability matrix: alength= 4 w= 13 nsites= 13 
0.2830 0.1621 0.2613 0.2936 
0.4005 0.0650 0.3103 0.2242 
0.0914 0.5039 0.1439 0.2608 
0.0435 0.1253 0.0672 0.7640 
0.0459 0.3367 0.4431 0.1743 
0.7061 0.0776 0.1610 0.0552 
0.0328 0.8115 0.1550 0.0007 
0.0151 0.3699 0.0011 0.6139 
0.4500 0.1091 0.4147 0.0262 
0.8224 0.0000 0.1286 0.0490 
0.0719 0.1725 0.4214 0.3342 
0.2400 0.4145 0.1093 0.2362 
0.4269 0.2329 0.1827 0.1575 

MOTIF filter40 
letter-probability matrix: alength= 4 w= 10 nsites= 10 
0.2491 0.2098 0.4016 0.1395 
0.0855 0.3742 0.2852 0.2551 
0.0154 0.4879 0.2743 0.2224 
0.9726 0.0248 0.0025 0.0001 
0.0000 0.6842 0.1897 0.1261 
0.0661 0.2782 0.1515 0.5042 
0.0519 0.5445 0.0379 0.3657 
0.0000 0.3293 0.3784 0.2923 
0.0866 0.4324 0.3974 0.0836 
0.1912 0.3419 0.1536 0.3133 

MOTIF filter41 
letter-probability matrix: alength= 4 w= 10 nsites= 10 
0.2559 0.3292 0.2004 0.2145 
0.2078 0.2586 0.1920 0.3416 
0.1877 0.1491 0.2600 0.4033 
0.0063 0.3634 0.4936 0.1367 
0.1559 0.0000 0.1163 0.7278 
0.7648 0.1114 0.1003 0.0235 
0.9044 0.0001 0.0448 0.0506 
0.1244 0.2229 0.4040 0.2487 
0.1945 0.2310 0.0433 0.5312 
0.1226 0.2914 0.2486 0.3374 

MOTIF filter42 
letter-probability matrix: alength= 4 w= 11 nsites= 11 
0.2829 0.2446 0.2809 0.1917 
0.4897 0.1910 0.2827 0.0366 
0.1687 0.0541 0.3315 0.4458 
0.0000 0.9060 0.0014 0.0925 
0.3171 0.0439 0.0000 0.6389 
0.2462 0.2181 0.5345 0.0012 
0.5992 0.1766 0.2225 0.0017 
0.0252 0.1028 0.0322 0.8398 
0.0739 0.3981 0.3835 0.1446 
0.1671 0.4400 0.2254 0.1675 
0.1454 0.3761 0.2258 0.2527 

MOTIF filter43 
letter-probability matrix: alength= 4 w= 10 nsites= 10 
0.3004 0.2981 0.1328 0.2687 
0.1475 0.3398 0.1389 0.3738 
0.2123 0.0316 0.5287 0.2274 
0.0002 0.9972 0.0022 0.0004 
0.3481 0.0000 0.2261 0.4258 
0.3718 0.0000 0.5131 0.1150 
0.2003 0.6584 0.0097 0.1316 
0.1864 0.3338 0.0279 0.4519 
0.0806 0.1836 0.6076 0.1282 
0.3186 0.3327 0.0907 0.2580 

MOTIF filter44 
letter-probability matrix: alength= 4 w= 9 nsites= 9 
0.1180 0.2688 0.2518 0.3613 
0.2510 0.2888 0.1577 0.3024 
0.0990 0.4273 0.3393 0.1344 
0.1933 0.0000 0.2446 0.5621 
0.0001 0.4941 0.2236 0.2823 
0.9943 0.0050 0.0000 0.0007 
0.0013 0.4349 0.2560 0.3078 
0.1781 0.3839 0.1383 0.2997 
0.2482 0.2998 0.2321 0.2198 

MOTIF filter45 
letter-probability matrix: alength= 4 w= 16 nsites= 16 
0.2466 0.2345 0.2285 0.2904 
0.2744 0.3189 0.1887 0.2180 
0.2993 0.1188 0.4231 0.1589 
0.0022 0.3485 0.6215 0.0278 
0.4401 0.1544 0.2982 0.1073 
0.3691 0.0047 0.1725 0.4538 
0.0946 0.7234 0.1709 0.0111 
0.1546 0.5654 0.0055 0.2745 
0.1616 0.0286 0.4857 0.3240 
0.0000 0.6680 0.2733 0.0587 
0.4480 0.2803 0.0354 0.2364 
0.1101 0.1460 0.4587 0.2852 
0.0175 0.3455 0.5256 0.1115 
0.2607 0.2529 0.1838 0.3026 
0.2512 0.2220 0.2566 0.2702 
0.2104 0.2644 0.3324 0.1927 

MOTIF filter46 
letter-probability matrix: alength= 4 w= 10 nsites= 10 
0.3746 0.3545 0.2430 0.0279 
0.3505 0.3285 0.2688 0.0522 
0.3392 0.4975 0.0525 0.1108 
0.3147 0.0493 0.0129 0.6231 
0.0410 0.6489 0.1774 0.1328 
0.0827 0.0000 0.8983 0.0190 
0.0000 0.0186 0.0027 0.9788 
0.3560 0.0317 0.5097 0.1026 
0.3412 0.1151 0.3096 0.2341 
0.1453 0.4607 0.0969 0.2970 

MOTIF filter47 
letter-probability matrix: alength= 4 w= 14 nsites= 14 
0.2538 0.2532 0.1998 0.2931 
0.2218 0.1674 0.2788 0.3320 
0.2656 0.2908 0.3804 0.0632 
0.0006 0.0587 0.0066 0.9340 
0.0002 0.6272 0.0890 0.2835 
0.3868 0.3061 0.2733 0.0337 
0.0636 0.6262 0.0760 0.2342 
0.0401 0.0619 0.8158 0.0822 
0.2556 0.6125 0.0009 0.1311 
0.2188 0.2946 0.0318 0.4547 
0.7797 0.0724 0.0871 0.0608 
0.0685 0.3113 0.2733 0.3469 
0.2331 0.3538 0.2400 0.1731 
0.1238 0.2694 0.3254 0.2814 

MOTIF filter48 
letter-probability matrix: alength= 4 w= 16 nsites= 16 
0.2274 0.2380 0.1994 0.3352 
0.3853 0.0642 0.3887 0.1617 
0.1005 0.1280 0.4420 0.3295 
0.0194 0.8333 0.0874 0.0599 
0.1951 0.3155 0.1068 0.3826 
0.8733 0.0461 0.0036 0.0770 
0.0759 0.0939 0.0048 0.8254 
0.3342 0.3905 0.0648 0.2105 
0.1504 0.0023 0.5648 0.2825 
0.4733 0.1798 0.0032 0.3437 
0.1893 0.1423 0.1583 0.5101 
0.3308 0.1337 0.4271 0.1084 
0.1351 0.0632 0.6630 0.1387 
0.2649 0.1561 0.2274 0.3516 
0.2425 0.3591 0.1673 0.2312 
0.3667 0.1481 0.2005 0.2848 

MOTIF filter49 
letter-probability matrix: alength= 4 w= 13 nsites= 13 
0.1389 0.1788 0.5608 0.1215 
0.1797 0.1757 0.4567 0.1879 
0.4746 0.0421 0.1441 0.3392 
0.5755 0.2441 0.1804 0.0000 
0.1712 0.3157 0.0607 0.4524 
0.2594 0.6798 0.0586 0.0023 
0.2506 0.2816 0.2419 0.2259 
0.0105 0.0200 0.6812 0.2883 
0.5301 0.0570 0.2412 0.1717 
0.0000 0.4390 0.0362 0.5248 
0.3091 0.1856 0.1465 0.3588 
0.2381 0.1278 0.2854 0.3486 
0.2801 0.2594 0.2816 0.1790 

MOTIF filter50 
letter-probability matrix: alength= 4 w= 11 nsites= 11 
0.3166 0.1863 0.2545 0.2426 
0.3248 0.2568 0.3341 0.0843 
0.4802 0.1351 0.1106 0.2741 
0.9217 0.0000 0.0000 0.0783 
0.3751 0.3486 0.0046 0.2717 
0.0859 0.0056 0.8827 0.0257 
0.0003 0.2597 0.6961 0.0440 
0.2010 0.5252 0.0000 0.2739 
0.1987 0.2891 0.2792 0.2330 
0.2750 0.2562 0.2577 0.2110 
0.2239 0.3527 0.1852 0.2382 

MOTIF filter51 
letter-probability matrix: alength= 4 w= 12 nsites= 12 
0.3758 0.1085 0.2640 0.2517 
0.1240 0.2739 0.1331 0.4691 
0.0688 0.4065 0.0804 0.4444 
0.0098 0.9167 0.0015 0.0720 
0.1598 0.2523 0.0335 0.5544 
0.0240 0.0284 0.5373 0.4103 
0.8213 0.0324 0.1414 0.0049 
0.0006 0.0317 0.5592 0.4085 
0.6897 0.0426 0.2078 0.0600 
0.3230 0.1960 0.1792 0.3018 
0.3058 0.1783 0.3599 0.1560 
0.2066 0.1883 0.4300 0.1752 

MOTIF filter52 
letter-probability matrix: alength= 4 w= 13 nsites= 13 
0.2546 0.2843 0.2194 0.2418 
0.1287 0.3211 0.0708 0.4794 
0.2506 0.0713 0.4490 0.2291 
0.1954 0.7216 0.0294 0.0536 
0.0011 0.5683 0.1722 0.2584 
0.0080 0.0000 0.4469 0.5451 
0.1071 0.8921 0.0000 0.0008 
0.2319 0.4153 0.1564 0.1965 
0.0032 0.0931 0.4541 0.4496 
0.1105 0.7205 0.0014 0.1676 
0.3083 0.4274 0.1506 0.1137 
0.1641 0.2594 0.3281 0.2485 
0.1936 0.3551 0.1800 0.2712 

MOTIF filter53 
letter-probability matrix: alength= 4 w= 13 nsites= 13 
0.1868 0.0887 0.4942 0.2303 
0.1611 0.4307 0.3636 0.0446 
0.2019 0.1677 0.2838 0.3465 
0.0258 0.0575 0.6782 0.2386 
0.4817 0.4662 0.0248 0.0273 
0.1016 0.7003 0.1980 0.0000 
0.3841 0.1116 0.4045 0.0998 
0.0379 0.0792 0.5648 0.3181 
0.3684 0.2602 0.1234 0.2480 
0.0007 0.1328 0.6156 0.2509 
0.0267 0.1202 0.3241 0.5290 
0.1325 0.4451 0.3440 0.0784 
0.5038 0.2838 0.1014 0.1110 

MOTIF filter54 
letter-probability matrix: alength= 4 w= 12 nsites= 12 
0.5081 0.1100 0.2993 0.0826 
0.4648 0.3055 0.1910 0.0386 
0.3422 0.2746 0.2644 0.1188 
0.6118 0.3455 0.0367 0.0060 
0.0000 0.0036 0.3456 0.6507 
0.3767 0.0393 0.5805 0.0035 
0.0000 0.0145 0.7980 0.1875 
0.6220 0.2191 0.1577 0.0013 
0.0001 0.4113 0.1639 0.4247 
0.1857 0.1704 0.4262 0.2177 
0.1974 0.2806 0.3277 0.1942 
0.2101 0.2095 0.3051 0.2753 

MOTIF filter55 
letter-probability matrix: alength= 4 w= 16 nsites= 16 
0.2830 0.2470 0.2971 0.1729 
0.3147 0.2036 0.4070 0.0747 
0.0272 0.2836 0.1269 0.5623 
0.0267 0.3958 0.5001 0.0774 
0.7451 0.0943 0.1506 0.0100 
0.2874 0.1568 0.2927 0.2631 
0.0003 0.3657 0.0009 0.6332 
0.0000 0.5218 0.4779 0.0003 
0.7723 0.0064 0.2206 0.0006 
0.2983 0.3554 0.1321 0.2142 
0.0325 0.1620 0.2238 0.5816 
0.1087 0.6924 0.1485 0.0504 
0.7173 0.0897 0.1562 0.0369 
0.0519 0.3733 0.2537 0.3211 
0.2529 0.1702 0.2845 0.2924 
0.1998 0.2332 0.2115 0.3554 

MOTIF filter56 
letter-probability matrix: alength= 4 w= 12 nsites= 12 
0.3712 0.1261 0.1507 0.3520 
0.5307 0.1442 0.1549 0.1703 
0.4280 0.0000 0.3411 0.2309 
0.6309 0.0246 0.2243 0.1202 
0.2333 0.0081 0.3514 0.4071 
0.2781 0.0838 0.4553 0.1828 
0.0604 0.7654 0.0000 0.1742 
0.4312 0.0060 0.3891 0.1737 
0.0032 0.0032 0.8176 0.1760 
0.5730 0.2274 0.1806 0.0190 
0.3067 0.1728 0.4471 0.0734 
0.1412 0.3673 0.3031 0.1883 

MOTIF filter57 
letter-probability matrix: alength= 4 w= 14 nsites= 14 
0.0876 0.6391 0.1186 0.1547 
0.5836 0.0834 0.2197 0.1132 
0.2465 0.4345 0.2300 0.0890 
0.6170 0.0198 0.0953 0.2679 
0.3089 0.0613 0.0429 0.5869 
0.0412 0.5333 0.0000 0.4254 
0.0002 0.2810 0.7164 0.0023 
0.0890 0.0030 0.8110 0.0969 
0.4611 0.2526 0.1321 0.1542 
0.3837 0.2404 0.1761 0.1997 
0.0466 0.1838 0.6258 0.1438 
0.1090 0.3826 0.0895 0.4189 
0.2113 0.1521 0.5217 0.1149 
0.2220 0.2183 0.3099 0.2498 

MOTIF filter58 
letter-probability matrix: alength= 4 w= 12 nsites= 12 
0.1630 0.1883 0.1593 0.4893 
0.1051 0.2794 0.2789 0.3366 
0.4259 0.1135 0.3645 0.0961 
0.0379 0.8583 0.0627 0.0411 
0.0732 0.7890 0.0856 0.0521 
0.7917 0.0003 0.1799 0.0282 
0.2997 0.2792 0.0119 0.4093 
0.2497 0.1799 0.5697 0.0008 
0.0024 0.0047 0.0284 0.9644 
0.3355 0.0200 0.3814 0.2631 
0.1699 0.1348 0.1799 0.5154 
0.1119 0.1325 0.4920 0.2636 

MOTIF filter59 
letter-probability matrix: alength= 4 w= 13 nsites= 13 
0.2791 0.2516 0.2782 0.1911 
0.1653 0.4858 0.0982 0.2507 
0.0916 0.0741 0.2349 0.5994 
0.4384 0.0192 0.5036 0.0389 
0.3506 0.4033 0.0489 0.1972 
0.0504 0.5224 0.0044 0.4228 
0.1073 0.7503 0.0009 0.1414 
0.3995 0.2859 0.0356 0.2789 
0.0914 0.0004 0.4048 0.5034 
0.8881 0.0906 0.0210 0.0002 
0.0271 0.3235 0.3813 0.2681 
0.2933 0.4376 0.0303 0.2387 
0.2182 0.4171 0.0635 0.3011 

MOTIF filter60 
letter-probability matrix: alength= 4 w= 14 nsites= 14 
0.0909 0.4182 0.2833 0.2076 
0.2197 0.3697 0.2288 0.1818 
0.3712 0.0242 0.4818 0.1227 
0.0015 0.7970 0.2000 0.0015 
0.0000 0.2561 0.0000 0.7439 
0.3242 0.0030 0.1364 0.5364 
0.4227 0.5424 0.0348 0.0000 
0.0106 0.2545 0.0106 0.7242 
0.0667 0.0636 0.2258 0.6439 
0.0394 0.0227 0.9379 0.0000 
0.0000 0.0076 0.9879 0.0045 
0.2682 0.3076 0.1955 0.2288 
0.3106 0.2242 0.0894 0.3758 
0.1545 0.3273 0.3030 0.2152 

MOTIF filter61 
letter-probability matrix: alength= 4 w= 10 nsites= 10 
0.2208 0.2362 0.3462 0.1968 
0.2495 0.2584 0.2655 0.2267 
0.2528 0.2401 0.0270 0.4802 
0.1064 0.6343 0.2106 0.0487 
0.0000 0.4593 0.5406 0.0001 
0.0335 0.0009 0.6211 0.3444 
0.8004 0.1814 0.0016 0.0166 
0.1079 0.3069 0.4358 0.1493 
0.2514 0.3656 0.2303 0.1527 
0.3240 0.1483 0.3089 0.2188 

MOTIF filter62 
letter-probability matrix: alength= 4 w= 14 nsites= 14 
0.2858 0.1562 0.1469 0.4111 
0.3035 0.2673 0.3780 0.0512 
0.4314 0.0013 0.3560 0.2113 
0.0278 0.7662 0.0168 0.1892 
0.1892 0.0503 0.1861 0.5743 
0.7208 0.0521 0.0344 0.1928 
0.0335 0.7508 0.0318 0.1839 
0.1787 0.7742 0.0348 0.0124 
0.0551 0.0084 0.8130 0.1235 
0.1460 0.1332 0.5011 0.2197 
0.1160 0.0459 0.1879 0.6502 
0.4318 0.2188 0.0516 0.2978 
0.1562 0.0957 0.4561 0.2920 
0.1720 0.2753 0.2554 0.2973 

MOTIF filter63 
letter-probability matrix: alength= 4 w= 14 nsites= 14 
0.2274 0.1455 0.3030 0.3240 
0.1211 0.4787 0.2291 0.1711 
0.2661 0.1103 0.1757 0.4480 
0.4753 0.1063 0.3980 0.0205 
0.3320 0.0000 0.1973 0.4707 
0.2018 0.5605 0.1586 0.0790 
0.8329 0.0529 0.0040 0.1103 
0.0216 0.1472 0.8226 0.0085 
0.0000 0.0648 0.0000 0.9352 
0.6038 0.1586 0.0000 0.2376 
0.1381 0.0000 0.8198 0.0421 
0.3508 0.1393 0.2905 0.2194 
0.1893 0.2922 0.2916 0.2268 
0.1779 0.1785 0.2285 0.4150 

