<!DOCTYPE HTML>
<html>
  <head>
    <meta charset="UTF-8">
    <title>Tomtom Results</title>
    <script>
      // @JSON_VAR data
      var data = {
        "program": "Tomtom",
        "version": "5.3.3",
        "release": "Sun Feb 7 15:39:52 2021 -0800",
        "cmd": [
          "tomtom", "-evalue", "-thresh", "0.1", "-o",
          "results/filters/model-128/trial-1",
          "motifs/filters/model-128/trial-1.txt", "./motif_database.txt"
        ],
        "options": {
          "strands": "both",
          "distance_measure": "ed",
          "threshold_type": "evalue",
          "threshold_value": 0.1,
          "background_source": "--query--"
        },
        "alphabet": {
          "name": "DNA",
          "like": "dna",
          "ncore": 4,
          "symbols": [
            {
              "symbol": "A",
              "name": "Adenine",
              "colour": "CC0000",
              "complement": "T"
            }, {
              "symbol": "C",
              "name": "Cytosine",
              "colour": "0000CC",
              "complement": "G"
            }, {
              "symbol": "G",
              "name": "Guanine",
              "colour": "FFB300",
              "complement": "C"
            }, {
              "symbol": "T",
              "aliases": "U",
              "name": "Thymine",
              "colour": "008000",
              "complement": "A"
            }, {
              "symbol": "N",
              "aliases": "X.",
              "name": "Any base",
              "equals": "ACGT"
            }, {
              "symbol": "V",
              "name": "Not T",
              "equals": "ACG"
            }, {
              "symbol": "H",
              "name": "Not G",
              "equals": "ACT"
            }, {
              "symbol": "D",
              "name": "Not C",
              "equals": "AGT"
            }, {
              "symbol": "B",
              "name": "Not A",
              "equals": "CGT"
            }, {
              "symbol": "M",
              "name": "Amino",
              "equals": "AC"
            }, {
              "symbol": "R",
              "name": "Purine",
              "equals": "AG"
            }, {
              "symbol": "W",
              "name": "Weak",
              "equals": "AT"
            }, {
              "symbol": "S",
              "name": "Strong",
              "equals": "CG"
            }, {
              "symbol": "Y",
              "name": "Pyrimidine",
              "equals": "CT"
            }, {
              "symbol": "K",
              "name": "Keto",
              "equals": "GT"
            }
          ]
        },
        "background": [0.25, 0.25, 0.25, 0.25],
        "query_dbs": [
          {
            "source": "motifs/filters/model-128/trial-1.txt",
            "name": "trial-1.txt",
            "loaded": 128,
            "excluded": 0,
            "last_modified": "Tue Mar 30 09:32:28 2021"
          }
        ],
        "target_dbs": [
          {
            "source": "./motif_database.txt",
            "name": "motif_database.txt",
            "loaded": 1964,
            "excluded": 0,
            "last_modified": "Mon Mar 29 09:53:08 2021"
          }
        ],
        "queries": [
          {
            "db": 0,
            "id": "filter0",
            "len": 14,
            "nsites": 14,
            "evalue": "1.0e+000",
            "pwm": [
              [0.252284, 0.252681, 0.230638, 0.264397], 
              [0.32278, 0.317319, 0.0946099, 0.265291], 
              [0.326089, 0.0671129, 0.243967, 0.36283], 
              [0.527074, 0.00395767, 0.336714, 0.132254], 
              [0.268468, 0.0814043, 0.487504, 0.162624], 
              [0.0505248, 0.0552908, 0.403702, 0.490482], 
              [0.0672122, 0.309307, 0.34019, 0.283291], 
              [0.101262, 0.698894, 0.00177305, 0.198071], 
              [0.00177305, 0.403206, 0.0659149, 0.529106], 
              [0.306168, 0.0875517, 0.604209, 0.00207089], 
              [0.400584, 0.00177305, 0.574624, 0.0230192], 
              [0.293659, 0.273207, 0.430964, 0.00217017], 
              [0.341248, 0.421972, 0.0702837, 0.166496], 
              [0.185759, 0.309574, 0.174638, 0.330028]
            ]
          }, {
            "db": 0,
            "id": "filter1",
            "len": 15,
            "nsites": 15,
            "evalue": "1.0e+000",
            "pwm": [
              [0.243543, 0.247517, 0.25904, 0.249901], 
              [0.14571, 0.637679, 0.162599, 0.0540119], 
              [0.396126, 0.0378146, 0.185132, 0.380927], 
              [0.274139, 0.334437, 0.11957, 0.271854], 
              [0.0879801, 0.382417, 0.198444, 0.331159], 
              [0.448675, 0.00980132, 0.235795, 0.305728], 
              [0.210762, 0.423046, 0.116689, 0.249503], 
              [0.151954, 0.220298, 0.26351, 0.364238], 
              [0.0348311, 0.0400955, 0.430454, 0.49462], 
              [0.374036, 0.451909, 0.0022516, 0.171804], 
              [0.0422888, 0.128026, 0.735636, 0.094049], 
              [0.298149, 0.0210246, 0.654438, 0.0263883], 
              [0.315432, 0.136841, 0.0584711, 0.489256], 
              [0.250795, 0.304536, 0.171523, 0.273146], 
              [0.0937509, 0.204822, 0.48081, 0.220618]
            ]
          }, {
            "db": 0,
            "id": "filter10",
            "len": 10,
            "nsites": 10,
            "evalue": "1.0e+000",
            "pwm": [
              [0.231782, 0.277426, 0.119901, 0.370891], 
              [0.0708911, 0.219604, 0.304158, 0.405347], 
              [0.183267, 0.301287, 0.0442574, 0.471188], 
              [0.0200018, 0.79404, 0.0730764, 0.112882], 
              [0.351287, 0.568911, 0.06, 0.019802], 
              [0.00405941, 0.454158, 0.535545, 0.00623762], 
              [0.559957, 0.00247525, 0.180909, 0.256659], 
              [0.418614, 0.404752, 0.169109, 0.00752475], 
              [0.317228, 0.32802, 0.0567327, 0.29802], 
              [0.0642574, 0.45901, 0.317228, 0.159505]
            ]
          }, {
            "db": 0,
            "id": "filter100",
            "len": 12,
            "nsites": 12,
            "evalue": "1.0e+000",
            "pwm": [
              [0.164116, 0.337372, 0.201504, 0.297008], 
              [0.58719, 0.147256, 0.183355, 0.0821983], 
              [0.176314, 0.304347, 0.200413, 0.318926], 
              [0.0116869, 0.950062, 0.0154559, 0.0227955], 
              [0.388149, 0.152909, 0.0176364, 0.441306], 
              [0.0835868, 0.851884, 0.0173388, 0.0471901], 
              [0.186114, 0.00276026, 0.322266, 0.48886], 
              [0.352645, 0.104116, 0.0903306, 0.452909], 
              [0.233934, 0.00216529, 0.555355, 0.208545], 
              [0.300479, 0.344909, 0.0900331, 0.264579], 
              [0.133683, 0.203508, 0.178315, 0.484495], 
              [0.23562, 0.411355, 0.0720826, 0.280942]
            ]
          }, {
            "db": 0,
            "id": "filter101",
            "len": 16,
            "nsites": 16,
            "evalue": "1.0e+000",
            "pwm": [
              [0.116534, 0.417553, 0.299292, 0.166621], 
              [0.300554, 0.163027, 0.290319, 0.2461], 
              [0.255863, 0.34123, 0.089205, 0.313702], 
              [0.344842, 0.172005, 0.478818, 0.00433568], 
              [0.0015528, 0.417594, 0.015666, 0.565187], 
              [0.272261, 0.00185093, 0.135019, 0.59087], 
              [0.557236, 0.0015528, 0.391356, 0.0498558], 
              [0.00930435, 0.704261, 0.0882112, 0.198224], 
              [0.298765, 0.292108, 0.389787, 0.0193398], 
              [0.126273, 0.438422, 0.0015528, 0.433752], 
              [0.573123, 0.255838, 0.15945, 0.0115891], 
              [0.670008, 0.121392, 0.0753839, 0.133217], 
              [0.00801242, 0.360211, 0.0742981, 0.557478], 
              [0.245528, 0.11087, 0.453329, 0.190273], 
              [0.210348, 0.352758, 0.300882, 0.136012], 
              [0.28386, 0.198005, 0.282866, 0.235269]
            ]
          }, {
            "db": 0,
            "id": "filter102",
            "len": 11,
            "nsites": 11,
            "evalue": "1.0e+000",
            "pwm": [
              [0.293435, 0.207507, 0.266873, 0.232185], 
              [0.222252, 0.289342, 0.178351, 0.310054], 
              [0.131874, 0.346324, 0.19173, 0.330072], 
              [0.00225225, 0.579405, 0.133658, 0.284685], 
              [0.038027, 0.767, 0.0169189, 0.178054], 
              [0.00225225, 0.641576, 0.15594, 0.200232], 
              [0.638433, 0.0448691, 0.303643, 0.0130551], 
              [0.294495, 0.100261, 0.601009, 0.00423423], 
              [0.350982, 0.435712, 0.210459, 0.00284685], 
              [0.376054, 0.184396, 0.315703, 0.123847], 
              [0.219973, 0.267541, 0.137225, 0.375261]
            ]
          }, {
            "db": 0,
            "id": "filter103",
            "len": 15,
            "nsites": 15,
            "evalue": "1.0e+000",
            "pwm": [
              [0.456325, 0.20649, 0.238874, 0.0983113], 
              [0.110828, 0.613079, 0.092053, 0.18404], 
              [0.1281, 0.402443, 0.338178, 0.131278], 
              [0.290132, 0.0747682, 0.0372185, 0.597881], 
              [0.0120861, 0.912483, 0.069106, 0.0063245], 
              [0.298477, 0.626589, 0.0570861, 0.0178477], 
              [0.00274834, 0.0120861, 0.36851, 0.616656], 
              [0.0141734, 0.441667, 0.534159, 0.0100008], 
              [0.670497, 0.128609, 0.0492384, 0.151656], 
              [0.240464, 0.205993, 0.0518212, 0.501722], 
              [0.297384, 0.189801, 0.266589, 0.246225], 
              [0.069106, 0.199139, 0.0377152, 0.69404], 
              [0.293779, 0.182432, 0.209648, 0.314141], 
              [0.172517, 0.259834, 0.349139, 0.21851], 
              [0.213266, 0.266616, 0.306852, 0.213266]
            ]
          }, {
            "db": 0,
            "id": "filter104",
            "len": 15,
            "nsites": 15,
            "evalue": "1.0e+000",
            "pwm": [
              [0.250894, 0.254073, 0.244934, 0.250099], 
              [0.363778, 0.17611, 0.270789, 0.189323], 
              [0.457119, 0.271854, 0.135762, 0.135265], 
              [0.217815, 0.616258, 0.0873841, 0.078543], 
              [0.0731717, 0.610833, 0.280171, 0.0358244], 
              [0.397616, 0.0363245, 0.357086, 0.208974], 
              [0.189603, 0.0793377, 0.560828, 0.170232], 
              [0.44043, 0.0175497, 0.321821, 0.220199], 
              [0.00215237, 0.777064, 0.0309632, 0.18982], 
              [0.204901, 0.0689073, 0.0290728, 0.697119], 
              [0.23448, 0.231798, 0.426381, 0.10734], 
              [0.451656, 0.047649, 0.49606, 0.00463576], 
              [0.0476444, 0.117273, 0.454094, 0.380989], 
              [0.151159, 0.563808, 0.0976159, 0.187417], 
              [0.499536, 0.305728, 0.116987, 0.0777483]
            ]
          }, {
            "db": 0,
            "id": "filter105",
            "len": 11,
            "nsites": 11,
            "evalue": "1.0e+000",
            "pwm": [
              [0.326802, 0.519748, 0.102342, 0.0511081], 
              [0.294793, 0.166459, 0.522721, 0.016027], 
              [0.0566631, 0.183919, 0.392345, 0.367073], 
              [0.575697, 0.0326787, 0.331988, 0.0596364], 
              [0.00264865, 0.241081, 0.617261, 0.139009], 
              [0.873123, 0.0050273, 0.00591929, 0.11593], 
              [0.725973, 0.0959009, 0.0222703, 0.155856], 
              [0.0531841, 0.591437, 0.345101, 0.0102785], 
              [0.185982, 0.250396, 0.445225, 0.118396], 
              [0.21157, 0.27054, 0.291452, 0.226437], 
              [0.201362, 0.344971, 0.208994, 0.244673]
            ]
          }, {
            "db": 0,
            "id": "filter106",
            "len": 12,
            "nsites": 12,
            "evalue": "1.0e+000",
            "pwm": [
              [0.115421, 0.361471, 0.100843, 0.422264], 
              [0.249008, 0.0786281, 0.249802, 0.422562], 
              [0.445615, 0.105316, 0.240801, 0.208269], 
              [0.0119835, 0.921702, 0.00206612, 0.0642479], 
              [0.0779415, 0.296443, 0.604507, 0.0211093], 
              [0.231653, 0.23324, 0.122264, 0.412843], 
              [0.643124, 0.0676198, 0.28719, 0.00206612], 
              [0.639122, 0.145585, 0.0579064, 0.157387], 
              [0.00226446, 0.181669, 0.623091, 0.192975], 
              [0.0984628, 0.44795, 0.11919, 0.334397], 
              [0.152894, 0.303722, 0.396341, 0.147043], 
              [0.185159, 0.461881, 0.323321, 0.0296391]
            ]
          }, {
            "db": 0,
            "id": "filter107",
            "len": 14,
            "nsites": 14,
            "evalue": "1.0e+000",
            "pwm": [
              [0.110993, 0.302525, 0.200255, 0.386227], 
              [0.180894, 0.300837, 0.18705, 0.33122], 
              [0.224879, 0.234908, 0.202142, 0.338071], 
              [0.402849, 0.00197165, 0.490233, 0.104946], 
              [0.120338, 0.430554, 0.40692, 0.0421884], 
              [0.0397021, 0.284355, 0.0149787, 0.660965], 
              [0.283886, 0.535216, 0.17545, 0.00544718], 
              [0.205915, 0.144255, 0.0473475, 0.602482], 
              [0.0544965, 0.299149, 0.53695, 0.109404], 
              [0.0571773, 0.153489, 0.115262, 0.674071], 
              [0.175433, 0.0876596, 0.0714752, 0.665433], 
              [0.131943, 0.226071, 0.188539, 0.453447], 
              [0.474648, 0.0124954, 0.341611, 0.171245], 
              [0.359617, 0.145546, 0.196582, 0.298255]
            ]
          }, {
            "db": 0,
            "id": "filter108",
            "len": 11,
            "nsites": 11,
            "evalue": "1.0e+000",
            "pwm": [
              [0.280622, 0.199261, 0.351577, 0.168541], 
              [0.243162, 0.186279, 0.289342, 0.281216], 
              [0.49091, 0.22364, 0.279928, 0.00552252], 
              [0.0303964, 0.105811, 0.270018, 0.593775], 
              [0.00899099, 0.149414, 0.00413514, 0.837459], 
              [0.281712, 0.22364, 0.184595, 0.310054], 
              [0.339586, 0.00403604, 0.650856, 0.00552252], 
              [0.816864, 0.0821181, 0.0599222, 0.0410952], 
              [0.0196937, 0.221658, 0.329081, 0.429568], 
              [0.270514, 0.337703, 0.12791, 0.263874], 
              [0.35072, 0.281442, 0.189965, 0.177873]
            ]
          }, {
            "db": 0,
            "id": "filter109",
            "len": 10,
            "nsites": 10,
            "evalue": "1.0e+000",
            "pwm": [
              [0.118107, 0.4356, 0.255519, 0.190773], 
              [0.229185, 0.292248, 0.334917, 0.143649], 
              [0.492921, 0.20097, 0.30195, 0.00415825], 
              [0.021289, 0.0742646, 0.104268, 0.800179], 
              [0.729208, 0.00693069, 0.260891, 0.0029703], 
              [0.308218, 0.291485, 0.00762376, 0.392673], 
              [0.268614, 0.0544554, 0.622673, 0.0542574], 
              [0.0495992, 0.442926, 0.232353, 0.275121], 
              [0.00633625, 0.238986, 0.394713, 0.359964], 
              [0.350792, 0.153366, 0.237624, 0.258218]
            ]
          }, {
            "db": 0,
            "id": "filter11",
            "len": 13,
            "nsites": 13,
            "evalue": "1.0e+000",
            "pwm": [
              [0.345565, 0.276, 0.172496, 0.205939], 
              [0.175275, 0.381389, 0.197802, 0.245534], 
              [0.101244, 0.330084, 0.299122, 0.26955], 
              [0.0613511, 0.351618, 0.0374351, 0.549595], 
              [0.0149084, 0.00657252, 0.747573, 0.230947], 
              [0.552275, 0.441031, 0.00438931, 0.00230534], 
              [0.00379408, 0.333789, 0.0019084, 0.660509], 
              [0.294557, 0.186191, 0.221519, 0.297733], 
              [0.490847, 0.0019084, 0.458794, 0.0484504], 
              [0.00200763, 0.0110382, 0.660145, 0.326809], 
              [0.31242, 0.365015, 0.173985, 0.14858], 
              [0.416759, 0.122791, 0.26253, 0.19792], 
              [0.218046, 0.366405, 0.155626, 0.259924]
            ]
          }, {
            "db": 0,
            "id": "filter110",
            "len": 14,
            "nsites": 14,
            "evalue": "1.0e+000",
            "pwm": [
              [0.20234, 0.331518, 0.269163, 0.196979], 
              [0.414723, 0.152596, 0.193206, 0.239475], 
              [0.231035, 0.211376, 0.291603, 0.265986], 
              [0.0469504, 0.665035, 0.244043, 0.0439716], 
              [0.647064, 0.131546, 0.216738, 0.00465248], 
              [0.182979, 0.144851, 0.292596, 0.379574], 
              [0.0306667, 0.271645, 0.028383, 0.669305], 
              [0.0175587, 0.792148, 0.179883, 0.0104105], 
              [0.849305, 0.0549982, 0.089257, 0.00644018], 
              [0.233991, 0.196562, 0.121307, 0.44814], 
              [0.108809, 0.0838865, 0.149021, 0.658284], 
              [0.0388122, 0.46372, 0.187366, 0.310102], 
              [0.328142, 0.0822979, 0.32844, 0.261121], 
              [0.150709, 0.176624, 0.223092, 0.449574]
            ]
          }, {
            "db": 0,
            "id": "filter111",
            "len": 11,
            "nsites": 11,
            "evalue": "1.0e+000",
            "pwm": [
              [0.484667, 0.139108, 0.226315, 0.14991], 
              [0.249876, 0.250768, 0.138203, 0.361153], 
              [0.15873, 0.25991, 0.493784, 0.0875766], 
              [0.58545, 0.00334234, 0.401721, 0.00948649], 
              [0.597342, 0.246234, 0.145351, 0.0110721], 
              [0.402969, 0.424471, 0.15267, 0.0198901], 
              [0.499581, 0.0394107, 0.422093, 0.0389153], 
              [0.00225225, 0.0209839, 0.00780236, 0.968962], 
              [0.350189, 0.284189, 0.0444685, 0.321153], 
              [0.0545713, 0.168425, 0.276432, 0.500572], 
              [0.338, 0.37645, 0.0159279, 0.269622]
            ]
          }, {
            "db": 0,
            "id": "filter112",
            "len": 13,
            "nsites": 13,
            "evalue": "1.0e+000",
            "pwm": [
              [0.235908, 0.314008, 0.127145, 0.322939], 
              [0.221299, 0.306534, 0.32509, 0.147077], 
              [0.078229, 0.584783, 0.179163, 0.157825], 
              [0.0692901, 0.135679, 0.0511298, 0.743901], 
              [0.29012, 0.0739614, 0.268385, 0.367533], 
              [0.791634, 0.0200687, 0.104321, 0.0839771], 
              [0.00687023, 0.0739542, 0.68684, 0.232336], 
              [0.165649, 0.656076, 0.019374, 0.158901], 
              [0.0746489, 0.10571, 0.0618473, 0.757794], 
              [0.0108397, 0.0222519, 0.817336, 0.149573], 
              [0.604771, 0.0714733, 0.156321, 0.167435], 
              [0.0743511, 0.179145, 0.241962, 0.504542], 
              [0.129936, 0.392543, 0.202386, 0.275134]
            ]
          }, {
            "db": 0,
            "id": "filter113",
            "len": 14,
            "nsites": 14,
            "evalue": "1.0e+000",
            "pwm": [
              [0.366965, 0.221801, 0.21505, 0.196184], 
              [0.24166, 0.229546, 0.283262, 0.245532], 
              [0.0708863, 0.445747, 0.184685, 0.298682], 
              [0.176244, 0.635808, 0.0389115, 0.149036], 
              [0.580738, 0.0316596, 0.353362, 0.0342411], 
              [0.00495035, 0.778326, 0.0815035, 0.13522], 
              [0.313217, 0.621484, 0.061143, 0.00415579], 
              [0.392979, 0.162525, 0.0561844, 0.388312], 
              [0.542267, 0.0699926, 0.0633395, 0.324401], 
              [0.244638, 0.195887, 0.343234, 0.216241], 
              [0.122213, 0.00812766, 0.749433, 0.120227], 
              [0.218624, 0.179106, 0.322482, 0.279787], 
              [0.16979, 0.113983, 0.259657, 0.45657], 
              [0.313844, 0.277801, 0.194596, 0.213759]
            ]
          }, {
            "db": 0,
            "id": "filter114",
            "len": 9,
            "nsites": 9,
            "evalue": "1.0e+000",
            "pwm": [
              [0.216769, 0.412495, 0.214396, 0.156341], 
              [0.0781174, 0.103241, 0.198492, 0.62015], 
              [0.0499231, 0.408835, 0.197582, 0.343659], 
              [0.763076, 0.00274725, 0.222033, 0.0121438], 
              [0.194102, 0.239394, 0.505807, 0.0606975], 
              [0.0258878, 0.148513, 0.0252944, 0.800305], 
              [0.0887912, 0.317747, 0.452352, 0.14111], 
              [0.298462, 0.108473, 0.0787033, 0.514363], 
              [0.0143187, 0.35167, 0.187, 0.447011]
            ]
          }, {
            "db": 0,
            "id": "filter115",
            "len": 14,
            "nsites": 14,
            "evalue": "1.0e+000",
            "pwm": [
              [0.246203, 0.245011, 0.247493, 0.261293], 
              [0.191518, 0.104142, 0.511929, 0.192411], 
              [0.0201418, 0.481248, 0.174043, 0.324567], 
              [0.00653901, 0.150113, 0.127674, 0.715674], 
              [0.798363, 0.163534, 0.0104122, 0.0276905], 
              [0.132043, 0.185262, 0.511433, 0.171262], 
              [0.299546, 0.0595603, 0.385135, 0.255759], 
              [0.0757447, 0.717362, 0.135716, 0.0711773], 
              [0.244166, 0.318145, 0.0544024, 0.383286], 
              [0.00842553, 0.182879, 0.355645, 0.45305], 
              [0.547277, 0.412936, 0.0302695, 0.00951773], 
              [0.185957, 0.266284, 0.504979, 0.0427801], 
              [0.166695, 0.451759, 0.324965, 0.0565816], 
              [0.323872, 0.184667, 0.301433, 0.190028]
            ]
          }, {
            "db": 0,
            "id": "filter116",
            "len": 12,
            "nsites": 12,
            "evalue": "1.0e+000",
            "pwm": [
              [0.254165, 0.313868, 0.197736, 0.234231], 
              [0.209835, 0.318231, 0.147752, 0.324182], 
              [0.344478, 0.296979, 0.00216528, 0.356378], 
              [0.0274545, 0.609802, 0.0502645, 0.312479], 
              [0.103223, 0.567851, 0.00573554, 0.32319], 
              [0.369901, 0.0787273, 0.53324, 0.0181322], 
              [0.586455, 0.0100008, 0.393147, 0.0103975], 
              [0.245017, 0.0120816, 0.603692, 0.139209], 
              [0.407925, 0.0248783, 0.48995, 0.0772472], 
              [0.359587, 0.284017, 0.11324, 0.243157], 
              [0.282132, 0.257339, 0.202298, 0.258231], 
              [0.20795, 0.237207, 0.361967, 0.192876]
            ]
          }, {
            "db": 0,
            "id": "filter117",
            "len": 11,
            "nsites": 11,
            "evalue": "1.0e+000",
            "pwm": [
              [0.362279, 0.0854955, 0.130784, 0.421441], 
              [0.175973, 0.246135, 0.294198, 0.283694], 
              [0.45182, 0.0139448, 0.22441, 0.309825], 
              [0.968768, 0.0239528, 0.00225225, 0.00502675], 
              [0.737171, 0.0951081, 0.165369, 0.00235135], 
              [0.364559, 0.203919, 0.178847, 0.252676], 
              [0.259613, 0.29509, 0.248514, 0.196784], 
              [0.00235134, 0.516624, 0.331327, 0.149697], 
              [0.111658, 0.218586, 0.320063, 0.349694], 
              [0.131874, 0.260604, 0.375955, 0.231568], 
              [0.24403, 0.202809, 0.380178, 0.172983]
            ]
          }, {
            "db": 0,
            "id": "filter118",
            "len": 10,
            "nsites": 10,
            "evalue": "1.0e+000",
            "pwm": [
              [0.241089, 0.305743, 0.235545, 0.217624], 
              [0.791881, 0.151881, 0.0459406, 0.010297], 
              [0.81198, 0.0113861, 0.170792, 0.00584158], 
              [0.448515, 0.213168, 0.320198, 0.0181188], 
              [0.920099, 0.0225743, 0.010297, 0.0470297], 
              [0.010297, 0.0181188, 0.00356436, 0.96802], 
              [0.0258439, 0.041489, 0.460739, 0.471928], 
              [0.179784, 0.0359372, 0.544302, 0.239976], 
              [0.274527, 0.303534, 0.0102962, 0.411642], 
              [0.110605, 0.148529, 0.219923, 0.520943]
            ]
          }, {
            "db": 0,
            "id": "filter119",
            "len": 15,
            "nsites": 15,
            "evalue": "1.0e+000",
            "pwm": [
              [0.240364, 0.248907, 0.241457, 0.269272], 
              [0.269894, 0.140544, 0.309534, 0.280028], 
              [0.0992949, 0.0601597, 0.163659, 0.676886], 
              [0.111115, 0.624342, 0.188293, 0.0762508], 
              [0.0311589, 0.225861, 0.0816225, 0.661358], 
              [0.581432, 0.0295667, 0.347614, 0.0413868], 
              [0.174404, 0.0370199, 0.00483444, 0.783742], 
              [0.283775, 0.0687086, 0.617947, 0.0295695], 
              [0.0896689, 0.235497, 0.0365232, 0.638311], 
              [0.457616, 0.447384, 0.0300662, 0.0649338], 
              [0.0939312, 0.0816145, 0.28325, 0.541204], 
              [0.738146, 0.0526159, 0.167351, 0.0418874], 
              [0.0810344, 0.269298, 0.550949, 0.0987183], 
              [0.212968, 0.120177, 0.23711, 0.429745], 
              [0.0890728, 0.409834, 0.40447, 0.0966225]
            ]
          }, {
            "db": 0,
            "id": "filter12",
            "len": 10,
            "nsites": 10,
            "evalue": "1.0e+000",
            "pwm": [
              [0.27369, 0.158828, 0.22725, 0.340232], 
              [0.270099, 0.257426, 0.273366, 0.199109], 
              [0.30901, 0.31505, 0.0552475, 0.320693], 
              [0.257598, 0.557172, 0.172458, 0.0127712], 
              [0.655149, 0.00247525, 0.337624, 0.00475248], 
              [0.498713, 0.396931, 0.0992079, 0.00514851], 
              [0.00247525, 0.544411, 0.00306937, 0.450045], 
              [0.165941, 0.409901, 0.41604, 0.00811881], 
              [0.473069, 0.15505, 0.221386, 0.150495], 
              [0.246015, 0.356499, 0.149688, 0.247797]
            ]
          }, {
            "db": 0,
            "id": "filter120",
            "len": 12,
            "nsites": 12,
            "evalue": "1.0e+000",
            "pwm": [
              [0.381863, 0.263759, 0.117691, 0.236687], 
              [0.29093, 0.198906, 0.397233, 0.112931], 
              [0.380749, 0.295352, 0.277796, 0.0461036], 
              [0.0204132, 0.416711, 0.00940496, 0.553471], 
              [0.00781876, 0.178712, 0.571478, 0.241991], 
              [0.00206612, 0.227312, 0.641502, 0.12912], 
              [0.421074, 0.335884, 0.0261653, 0.216876], 
              [0.629835, 0.00553719, 0.261306, 0.103322], 
              [0.0617686, 0.769967, 0.161438, 0.00682645], 
              [0.348182, 0.508545, 0.0481818, 0.0950909], 
              [0.40114, 0.240975, 0.232645, 0.12524], 
              [0.151436, 0.307551, 0.109581, 0.431431]
            ]
          }, {
            "db": 0,
            "id": "filter121",
            "len": 18,
            "nsites": 18,
            "evalue": "1.0e+000",
            "pwm": [
              [0.208729, 0.389227, 0.238365, 0.16368], 
              [0.189934, 0.0998343, 0.294751, 0.415481], 
              [0.414486, 0.182972, 0.165669, 0.236873], 
              [0.326443, 0.00535872, 0.103305, 0.564894], 
              [0.347722, 0.0444377, 0.246296, 0.361544], 
              [0.543669, 0.225039, 0.155227, 0.0760663], 
              [0.583746, 0.298729, 0.0409613, 0.0765635], 
              [0.13295, 0.278939, 0.268597, 0.319514], 
              [0.520398, 0.00138122, 0.459039, 0.0191823], 
              [0.0018784, 0.0687005, 0.524821, 0.404601], 
              [0.742987, 0.18544, 0.00138122, 0.070192], 
              [0.796464, 0.0231602, 0.00237569, 0.178], 
              [0.183967, 0.125094, 0.597072, 0.0938674], 
              [0.0315138, 0.286895, 0.044442, 0.637149], 
              [0.0459337, 0.156718, 0.632674, 0.164674], 
              [0.287364, 0.245302, 0.444177, 0.023158], 
              [0.294254, 0.328464, 0.294254, 0.0830276], 
              [0.225536, 0.232895, 0.241845, 0.299724]
            ]
          }, {
            "db": 0,
            "id": "filter122",
            "len": 16,
            "nsites": 16,
            "evalue": "1.0e+000",
            "pwm": [
              [0.232211, 0.202994, 0.324832, 0.239963], 
              [0.349314, 0.191584, 0.2216, 0.237502], 
              [0.222991, 0.165743, 0.106408, 0.504858], 
              [0.175466, 0.0265963, 0.629727, 0.168211], 
              [0.22436, 0.516832, 0.156783, 0.102025], 
              [0.170994, 0.0238137, 0.432261, 0.372932], 
              [0.0282857, 0.00185093, 0.727416, 0.242447], 
              [0.336758, 0.65954, 0.0015528, 0.00214907], 
              [0.335963, 0.233006, 0.345702, 0.0853292], 
              [0.0276894, 0.0224224, 0.788634, 0.161255], 
              [0.213031, 0.677329, 0.103913, 0.00572671], 
              [0.25477, 0.204683, 0.334273, 0.206273], 
              [0.00513043, 0.140087, 0.646224, 0.208559], 
              [0.239442, 0.222748, 0.15627, 0.38154], 
              [0.384062, 0.0867205, 0.308733, 0.220484], 
              [0.346497, 0.12677, 0.41636, 0.110373]
            ]
          }, {
            "db": 0,
            "id": "filter123",
            "len": 12,
            "nsites": 12,
            "evalue": "1.0e+000",
            "pwm": [
              [0.331025, 0.207355, 0.288083, 0.173537], 
              [0.218639, 0.170843, 0.412901, 0.197617], 
              [0.13088, 0.371352, 0.363518, 0.134251], 
              [0.870616, 0.0416403, 0.0855786, 0.0021653], 
              [0.00206612, 0.445471, 0.531851, 0.0206116], 
              [0.342826, 0.00345455, 0.266463, 0.387256], 
              [0.331521, 0.113537, 0.00216529, 0.552777], 
              [0.171058, 0.199124, 0.627752, 0.00206612], 
              [0.0250744, 0.331917, 0.574099, 0.0689091], 
              [0.234132, 0.220149, 0.331521, 0.214198], 
              [0.273802, 0.28481, 0.268149, 0.17324], 
              [0.322464, 0.290632, 0.217846, 0.169058]
            ]
          }, {
            "db": 0,
            "id": "filter124",
            "len": 13,
            "nsites": 13,
            "evalue": "1.0e+000",
            "pwm": [
              [0.174166, 0.136956, 0.40586, 0.283018], 
              [0.149374, 0.281855, 0.509901, 0.0588702], 
              [0.392305, 0.290092, 0.200977, 0.116626], 
              [0.162076, 0.225687, 0.586809, 0.0254275], 
              [0.0302901, 0.535702, 0.264489, 0.169519], 
              [0.355191, 0.240473, 0.146695, 0.257641], 
              [0.293069, 0.247321, 0.430412, 0.0291985], 
              [0.00538203, 0.372396, 0.526426, 0.0957956], 
              [0.113164, 0.0295982, 0.4113, 0.445938], 
              [0.0288981, 0.624556, 0.221795, 0.124751], 
              [0.373847, 0.396969, 0.128336, 0.100847], 
              [0.103438, 0.430058, 0.287639, 0.178865], 
              [0.170991, 0.245014, 0.374405, 0.20959]
            ]
          }, {
            "db": 0,
            "id": "filter125",
            "len": 18,
            "nsites": 18,
            "evalue": "1.0e+000",
            "pwm": [
              [0.303006, 0.0979448, 0.377392, 0.221657], 
              [0.218972, 0.0780552, 0.385149, 0.317823], 
              [0.214916, 0.0598622, 0.434916, 0.290305], 
              [0.192022, 0.0800442, 0.650177, 0.0777569], 
              [0.177585, 0.133235, 0.282889, 0.406291], 
              [0.0481215, 0.245227, 0.191724, 0.514928], 
              [0.22842, 0.0790497, 0.485293, 0.207238], 
              [0.259646, 0.20684, 0.466199, 0.0673149], 
              [0.10232, 0.436862, 0.415381, 0.0454365], 
              [0.282917, 0.463116, 0.169547, 0.0844199], 
              [0.979348, 0.00645304, 0.0118232, 0.00237569], 
              [0.534473, 0.00436494, 0.107303, 0.353858], 
              [0.0164972, 0.326276, 0.316829, 0.340398], 
              [0.159419, 0.094175, 0.140622, 0.605784], 
              [0.017195, 0.0642383, 0.101933, 0.816634], 
              [0.150751, 0.122409, 0.427116, 0.299724], 
              [0.30947, 0.23011, 0.249901, 0.210519], 
              [0.240477, 0.452719, 0.204871, 0.101933]
            ]
          }, {
            "db": 0,
            "id": "filter126",
            "len": 11,
            "nsites": 11,
            "evalue": "1.0e+000",
            "pwm": [
              [0.197755, 0.328553, 0.149102, 0.324589], 
              [0.312996, 0.454396, 0.229464, 0.00314405], 
              [0.256342, 0.111658, 0.110766, 0.521234], 
              [0.0623994, 0.4866, 0.010873, 0.440127], 
              [0.215436, 0.636946, 0.0050273, 0.142591], 
              [0.0849009, 0.00354054, 0.890081, 0.0214775], 
              [0.815261, 0.0130541, 0.147333, 0.0243514], 
              [0.0562667, 0.0917477, 0.0740072, 0.777978], 
              [0.297637, 0.393853, 0.0869735, 0.221537], 
              [0.235333, 0.145351, 0.468712, 0.150604], 
              [0.144757, 0.168739, 0.444234, 0.24227]
            ]
          }, {
            "db": 0,
            "id": "filter127",
            "len": 12,
            "nsites": 12,
            "evalue": "1.0e+000",
            "pwm": [
              [0.253967, 0.244545, 0.255455, 0.246033], 
              [0.00206612, 0.519355, 0.0216033, 0.456975], 
              [0.392672, 0.133557, 0.0999406, 0.373831], 
              [0.567214, 0.0386648, 0.374401, 0.0197208], 
              [0.333537, 0.0983733, 0.162347, 0.405743], 
              [0.015354, 0.045599, 0.449492, 0.489555], 
              [0.184843, 0.0257686, 0.744479, 0.0449091], 
              [0.0857686, 0.390132, 0.472843, 0.0512562], 
              [0.0901322, 0.558331, 0.036876, 0.314661], 
              [0.381306, 0.230562, 0.29086, 0.0972727], 
              [0.326133, 0.0657292, 0.479936, 0.128202], 
              [0.222331, 0.306628, 0.270727, 0.200314]
            ]
          }, {
            "db": 0,
            "id": "filter13",
            "len": 14,
            "nsites": 14,
            "evalue": "1.0e+000",
            "pwm": [
              [0.0886525, 0.238681, 0.398738, 0.273929], 
              [0.0483404, 0.443021, 0.264993, 0.243645], 
              [0.0826038, 0.609096, 0.221029, 0.087271], 
              [0.55244, 0.0500284, 0.316922, 0.0806099], 
              [0.0616514, 0.515555, 0.109912, 0.312882], 
              [0.231333, 0.042383, 0.0257021, 0.700582], 
              [0.0969031, 0.0143842, 0.0493381, 0.839375], 
              [0.0876596, 0.454936, 0.0104113, 0.446993], 
              [0.565149, 0.278298, 0.145149, 0.0114043], 
              [0.596028, 0.00246809, 0.138199, 0.263305], 
              [0.0280851, 0.153191, 0.232028, 0.586695], 
              [0.0683045, 0.202758, 0.288256, 0.440682], 
              [0.04765, 0.321919, 0.16413, 0.466302], 
              [0.109216, 0.311591, 0.116565, 0.462628]
            ]
          }, {
            "db": 0,
            "id": "filter14",
            "len": 9,
            "nsites": 9,
            "evalue": "1.0e+000",
            "pwm": [
              [0.236451, 0.398846, 0.0991758, 0.265527], 
              [0.200154, 0.207769, 0.323088, 0.268989], 
              [0.188898, 0.0808869, 0.400073, 0.330143], 
              [0.191945, 0.0352857, 0.770022, 0.00274725], 
              [0.281719, 0.0420071, 0.657407, 0.0188665], 
              [0.0732708, 0.00373636, 0.0532908, 0.869702], 
              [0.436132, 0.263253, 0.00373626, 0.296879], 
              [0.114901, 0.363044, 0.398945, 0.12311], 
              [0.278187, 0.320022, 0.00274725, 0.399044]
            ]
          }, {
            "db": 0,
            "id": "filter15",
            "len": 15,
            "nsites": 15,
            "evalue": "1.0e+000",
            "pwm": [
              [0.248212, 0.21543, 0.253179, 0.283179], 
              [0.249305, 0.512053, 0.115894, 0.122748], 
              [0.191391, 0.0437748, 0.0871854, 0.677649], 
              [0.660364, 0.107848, 0.124834, 0.106954], 
              [0.455973, 0.0588799, 0.271087, 0.214061], 
              [0.198623, 0.0894614, 0.575174, 0.136741], 
              [0.150563, 0.163179, 0.583974, 0.102285], 
              [0.122053, 0.177185, 0.276126, 0.424636], 
              [0.127219, 0.460199, 0.062053, 0.35053], 
              [0.590629, 0.12404, 0.00543046, 0.279901], 
              [0.329768, 0.024404, 0.624205, 0.0216225], 
              [0.519702, 0.401689, 0.0413907, 0.0372185], 
              [0.108444, 0.551887, 0.0969205, 0.242748], 
              [0.0627483, 0.53649, 0.114901, 0.285861], 
              [0.12553, 0.399305, 0.158212, 0.316954]
            ]
          }, {
            "db": 0,
            "id": "filter16",
            "len": 11,
            "nsites": 11,
            "evalue": "1.0e+000",
            "pwm": [
              [0.172207, 0.50627, 0.0741982, 0.247324], 
              [0.326306, 0.270216, 0.161108, 0.242369], 
              [0.527874, 0.0977838, 0.206495, 0.167847], 
              [0.110568, 0.00245045, 0.265063, 0.621919], 
              [0.199261, 0.751937, 0.00512613, 0.0436757], 
              [0.0311892, 0.175477, 0.00443243, 0.788901], 
              [0.471387, 0.181622, 0.342658, 0.00433333], 
              [0.0441712, 0.0218739, 0.344937, 0.589018], 
              [0.426396, 0.196685, 0.371, 0.00591892], 
              [0.258845, 0.118111, 0.492743, 0.130301], 
              [0.253766, 0.144063, 0.26536, 0.336811]
            ]
          }, {
            "db": 0,
            "id": "filter17",
            "len": 12,
            "nsites": 12,
            "evalue": "1.0e+000",
            "pwm": [
              [0.587983, 0.0912231, 0.221438, 0.0993554], 
              [0.41895, 0.106386, 0.327521, 0.147143], 
              [0.401001, 0.245909, 0.0840744, 0.269015], 
              [0.0816033, 0.0967769, 0.143884, 0.677736], 
              [0.520645, 0.123653, 0.21638, 0.139322], 
              [0.0529421, 0.432777, 0.504083, 0.0101983], 
              [0.036281, 0.940347, 0.00533884, 0.0180331], 
              [0.484446, 0.0522479, 0.217372, 0.245934], 
              [0.00662856, 0.00742202, 0.756059, 0.229891], 
              [0.465702, 0.219653, 0.14081, 0.173835], 
              [0.274424, 0.257464, 0.171868, 0.296244], 
              [0.44621, 0.116623, 0.230089, 0.207078]
            ]
          }, {
            "db": 0,
            "id": "filter18",
            "len": 15,
            "nsites": 15,
            "evalue": "1.0e+000",
            "pwm": [
              [0.307616, 0.264702, 0.227053, 0.200629], 
              [0.266192, 0.22745, 0.251987, 0.254371], 
              [0.266517, 0.354837, 0.113819, 0.264828], 
              [0.0658278, 0.0607616, 0.645662, 0.227748], 
              [0.167748, 0.00284768, 0.115, 0.714404], 
              [0.404967, 0.206192, 0.360662, 0.0281788], 
              [0.573642, 0.372285, 0.0521192, 0.00195364], 
              [0.230033, 0.145596, 0.341093, 0.283278], 
              [0.0490445, 0.67573, 0.0362286, 0.238997], 
              [0.199059, 0.506243, 0.143425, 0.151273], 
              [0.279801, 0.356291, 0.219801, 0.144106], 
              [0.0253974, 0.084702, 0.306026, 0.583874], 
              [0.319735, 0.161391, 0.307914, 0.21096], 
              [0.25529, 0.129218, 0.310031, 0.305461], 
              [0.159205, 0.173311, 0.336921, 0.330563]
            ]
          }, {
            "db": 0,
            "id": "filter19",
            "len": 15,
            "nsites": 15,
            "evalue": "1.0e+000",
            "pwm": [
              [0.191906, 0.154353, 0.460841, 0.1929], 
              [0.407112, 0.185809, 0.294176, 0.112903], 
              [0.33851, 0.112914, 0.363146, 0.18543], 
              [0.0791313, 0.013575, 0.710956, 0.196338], 
              [0.0140728, 0.106457, 0.279205, 0.600265], 
              [0.312682, 0.402682, 0.024106, 0.26053], 
              [0.111225, 0.153642, 0.662947, 0.0721854], 
              [0.495464, 0.113808, 0.231126, 0.159603], 
              [0.320629, 0.00304636, 0.511755, 0.16457], 
              [0.308411, 0.429007, 0.166457, 0.0961258], 
