<!DOCTYPE HTML>
<html>
  <head>
    <meta charset="UTF-8">
    <title>Tomtom Results</title>
    <script>
      // @JSON_VAR data
      var data = {
        "program": "Tomtom",
        "version": "5.3.3",
        "release": "Sun Feb 7 15:39:52 2021 -0800",
        "cmd": [
          "tomtom", "-evalue", "-thresh", "0.1", "-o",
          "results/filters/model-256/trial-4",
          "motifs/filters/model-256/trial-4.txt", "./motif_database.txt"
        ],
        "options": {
          "strands": "both",
          "distance_measure": "ed",
          "threshold_type": "evalue",
          "threshold_value": 0.1,
          "background_source": "--query--"
        },
        "alphabet": {
          "name": "DNA",
          "like": "dna",
          "ncore": 4,
          "symbols": [
            {
              "symbol": "A",
              "name": "Adenine",
              "colour": "CC0000",
              "complement": "T"
            }, {
              "symbol": "C",
              "name": "Cytosine",
              "colour": "0000CC",
              "complement": "G"
            }, {
              "symbol": "G",
              "name": "Guanine",
              "colour": "FFB300",
              "complement": "C"
            }, {
              "symbol": "T",
              "aliases": "U",
              "name": "Thymine",
              "colour": "008000",
              "complement": "A"
            }, {
              "symbol": "N",
              "aliases": "X.",
              "name": "Any base",
              "equals": "ACGT"
            }, {
              "symbol": "V",
              "name": "Not T",
              "equals": "ACG"
            }, {
              "symbol": "H",
              "name": "Not G",
              "equals": "ACT"
            }, {
              "symbol": "D",
              "name": "Not C",
              "equals": "AGT"
            }, {
              "symbol": "B",
              "name": "Not A",
              "equals": "CGT"
            }, {
              "symbol": "M",
              "name": "Amino",
              "equals": "AC"
            }, {
              "symbol": "R",
              "name": "Purine",
              "equals": "AG"
            }, {
              "symbol": "W",
              "name": "Weak",
              "equals": "AT"
            }, {
              "symbol": "S",
              "name": "Strong",
              "equals": "CG"
            }, {
              "symbol": "Y",
              "name": "Pyrimidine",
              "equals": "CT"
            }, {
              "symbol": "K",
              "name": "Keto",
              "equals": "GT"
            }
          ]
        },
        "background": [0.25, 0.25, 0.25, 0.25],
        "query_dbs": [
          {
            "source": "motifs/filters/model-256/trial-4.txt",
            "name": "trial-4.txt",
            "loaded": 256,
            "excluded": 0,
            "last_modified": "Sat Apr  3 13:57:43 2021"
          }
        ],
        "target_dbs": [
          {
            "source": "./motif_database.txt",
            "name": "motif_database.txt",
            "loaded": 1964,
            "excluded": 0,
            "last_modified": "Mon Mar 29 09:53:08 2021"
          }
        ],
        "queries": [
          {
            "db": 0,
            "id": "filter0",
            "len": 13,
            "nsites": 13,
            "evalue": "1.0e+000",
            "pwm": [
              [0.199885, 0.278779, 0.308153, 0.213183], 
              [0.304183, 0.214573, 0.464649, 0.0165954], 
              [0.439201, 0.115622, 0.379069, 0.0661081], 
              [0.0031986, 0.765611, 0.0727704, 0.15842], 
              [0.00319847, 0.708076, 0.286817, 0.0019084], 
              [0.988916, 0.00458779, 0.0019084, 0.00458779], 
              [0.659881, 0.0019084, 0.0286996, 0.309511], 
              [0.0019084, 0.0019084, 0.00319847, 0.992985], 
              [0.0607557, 0.556939, 0.380397, 0.0019084], 
              [0.555593, 0.191828, 0.25067, 0.0019084], 
              [0.0460687, 0.300115, 0.435275, 0.218542], 
              [0.0995573, 0.420489, 0.230649, 0.249305], 
              [0.300115, 0.230649, 0.292176, 0.177061]
            ]
          }, {
            "db": 0,
            "id": "filter1",
            "len": 13,
            "nsites": 13,
            "evalue": "1.0e+000",
            "pwm": [
              [0.288433, 0.336568, 0.0841838, 0.290815], 
              [0.314076, 0.220902, 0.36994, 0.0950823], 
              [0.272897, 0.228641, 0.392465, 0.105997], 
              [0.00885496, 0.380794, 0.12774, 0.482611], 
              [0.0430916, 0.315595, 0.536893, 0.10442], 
              [0.859908, 0.0135191, 0.123076, 0.00349618], 
              [0.0197728, 0.154847, 0.411896, 0.413484], 
              [0.0477511, 0.139337, 0.600543, 0.212368], 
              [0.468572, 0.0120295, 0.422729, 0.0966699], 
              [0.516697, 0.0120295, 0.463114, 0.00815968], 
              [0.233328, 0.0904275, 0.474771, 0.201473], 
              [0.0151082, 0.253498, 0.691474, 0.0399198], 
              [0.46316, 0.0181832, 0.265183, 0.253473]
            ]
          }, {
            "db": 0,
            "id": "filter10",
            "len": 18,
            "nsites": 18,
            "evalue": "1.0e+000",
            "pwm": [
              [0.318221, 0.13295, 0.314044, 0.234785], 
              [0.420155, 0.270188, 0.217779, 0.0918785], 
              [0.29137, 0.159801, 0.159801, 0.389028], 
              [0.074965, 0.691677, 0.0522933, 0.181065], 
              [0.138619, 0.097547, 0.41021, 0.353624], 
              [0.104608, 0.398873, 0.384751, 0.111768], 
              [0.176807, 0.393204, 0.179591, 0.250398], 
              [0.278641, 0.134343, 0.461127, 0.12589], 
              [0.220663, 0.572906, 0.128674, 0.0777569], 
              [0.594148, 0.400305, 0.00277362, 0.00277362], 
              [0.769514, 0.00844199, 0.216387, 0.00565746], 
              [0.282889, 0.489421, 0.125877, 0.101813], 
              [0.349348, 0.00565746, 0.630884, 0.0141105], 
              [0.00277362, 0.0593649, 0.00277362, 0.935088], 
              [0.00138122, 0.011325, 0.949121, 0.0381731], 
              [0.232, 0.0650276, 0.507768, 0.195204], 
              [0.103215, 0.587028, 0.0877017, 0.222055], 
              [0.155525, 0.244729, 0.285702, 0.314044]
            ]
          }, {
            "db": 0,
            "id": "filter100",
            "len": 17,
            "nsites": 17,
            "evalue": "1.0e+000",
            "pwm": [
              [0.163012, 0.291953, 0.0421228, 0.502912], 
              [0.431433, 0.201883, 0.113602, 0.253082], 
              [0.151564, 0.137448, 0.375822, 0.335165], 
              [0.00146199, 0.0349683, 0.00762635, 0.955943], 
              [0.00673099, 0.0164737, 0.49148, 0.485316], 
              [0.510916, 0.00673152, 0.087067, 0.395285], 
              [0.0959064, 0.539199, 0.246023, 0.118871], 
              [0.0438129, 0.0412281, 0.207152, 0.707807], 
              [0.0271085, 0.511709, 0.226615, 0.234567], 
              [0.607099, 0.329035, 0.0624035, 0.00146199], 
              [0.00146199, 0.187766, 0.367906, 0.442865], 
              [0.124153, 0.163923, 0.457923, 0.254002], 
              [0.547053, 0.152474, 0.113602, 0.186871], 
              [0.339573, 0.26014, 0.270778, 0.129509], 
              [0.163906, 0.264614, 0.484421, 0.0870585], 
              [0.0155789, 0.225743, 0.706018, 0.0526608], 
              [0.0792047, 0.223058, 0.347526, 0.350211]
            ]
          }, {
            "db": 0,
            "id": "filter101",
            "len": 19,
            "nsites": 19,
            "evalue": "1.0e+000",
            "pwm": [
              [0.311408, 0.312801, 0.180882, 0.194909], 
              [0.384293, 0.207524, 0.251094, 0.157089], 
              [0.0490576, 0.517592, 0.28611, 0.147241], 
              [0.0335393, 0.577974, 0.0125497, 0.375937], 
              [0.0897346, 0.326763, 0.0504453, 0.533057], 
              [0.081288, 0.00548691, 0.87123, 0.0419948], 
              [0.183749, 0.0882513, 0.664916, 0.0630838], 
              [0.0840733, 0.666309, 0.196382, 0.0532356], 
              [0.382901, 0.0461728, 0.561162, 0.0097644], 
              [0.207524, 0.144455, 0.22155, 0.426471], 
              [0.0798953, 0.189319, 0.16823, 0.562555], 
              [0.0882513, 0.197775, 0.697246, 0.0167277], 
              [0.31844, 0.607419, 0.0433874, 0.0307539], 
              [0.133215, 0.502173, 0.0785026, 0.28611], 
              [0.375937, 0.211801, 0.154204, 0.258058], 
              [0.0293613, 0.0897435, 0.540073, 0.340822], 
              [0.51625, 0.235599, 0.136013, 0.112137], 
              [0.12895, 0.578031, 0.272111, 0.0209077], 
              [0.138799, 0.367518, 0.380153, 0.11353]
            ]
          }, {
            "db": 0,
            "id": "filter102",
            "len": 17,
            "nsites": 17,
            "evalue": "1.0e+000",
            "pwm": [
              [0.297719, 0.237971, 0.233298, 0.231012], 
              [0.154875, 0.195838, 0.02602, 0.623267], 
              [0.0681696, 0.161918, 0.599842, 0.17007], 
              [0.38785, 0.389043, 0.219259, 0.00384771], 
              [0.136156, 0.716882, 0.139635, 0.0073269], 
              [0.00265485, 0.992035, 0.00384771, 0.00146199], 
              [0.640801, 0.301199, 0.00384795, 0.054152], 
              [0.335199, 0.00146199, 0.00146199, 0.661877], 
              [0.990942, 0.00146199, 0.0061345, 0.00146199], 
              [0.00146199, 0.00265497, 0.00146199, 0.994421], 
              [0.693491, 0.252088, 0.0529591, 0.00146199], 
              [0.406579, 0.00265497, 0.034269, 0.556497], 
              [0.0272105, 0.0190585, 0.951076, 0.00265497], 
              [0.0377522, 0.0811015, 0.839914, 0.041232], 
              [0.159532, 0.0634971, 0.384409, 0.392561], 
              [0.241526, 0.562306, 0.104545, 0.0916226], 
              [0.565899, 0.0975067, 0.0997935, 0.236801]
            ]
          }, {
            "db": 0,
            "id": "filter103",
            "len": 14,
            "nsites": 14,
            "evalue": "1.0e+000",
            "pwm": [
              [0.291135, 0.299079, 0.309307, 0.100478], 
              [0.266184, 0.160638, 0.249106, 0.324071], 
              [0.487404, 0.105035, 0.324071, 0.0834894], 
              [0.00177305, 0.00405674, 0.00177305, 0.992397], 
              [0.00177305, 0.00405651, 0.0165659, 0.977605], 
              [0.237811, 0.259359, 0.444356, 0.0584738], 
              [0.00634043, 0.852794, 0.00177305, 0.139092], 
              [0.169674, 0.0278865, 0.77227, 0.0301702], 
              [0.0301702, 0.577064, 0.150411, 0.242355], 
              [0.80287, 0.0358264, 0.15953, 0.00177305], 
              [0.994681, 0.00177305, 0.00177305, 0.00177305], 
              [0.350184, 0.309277, 0.0709787, 0.26956], 
              [0.265019, 0.233243, 0.309307, 0.19243], 
              [0.186752, 0.267277, 0.236695, 0.309277]
            ]
          }, {
            "db": 0,
            "id": "filter104",
            "len": 15,
            "nsites": 15,
            "evalue": "1.0e+000",
            "pwm": [
              [0.243269, 0.237308, 0.237308, 0.282114], 
              [0.261199, 0.207463, 0.273119, 0.258219], 
              [0.159801, 0.129901, 0.613179, 0.0971192], 
              [0.010596, 0.559536, 0.147781, 0.282086], 
              [0.0524121, 0.750389, 0.180644, 0.0165548], 
              [0.816026, 0.0165563, 0.165762, 0.00165563], 
              [0.00165563, 0.932351, 0.00463576, 0.0613576], 
              [0.00165563, 0.00165563, 0.249205, 0.747483], 
              [0.00165563, 0.00463576, 0.00165563, 0.992053], 
              [0.00165563, 0.821987, 0.174702, 0.00165563], 
              [0.00165563, 0.935331, 0.00761589, 0.0553974], 
              [0.0284795, 0.00463606, 0.82803, 0.138855], 
              [0.0344371, 0.308907, 0.496854, 0.159801], 
              [0.225364, 0.174702, 0.267185, 0.332748], 
              [0.365629, 0.192583, 0.222384, 0.219404]
            ]
          }, {
            "db": 0,
            "id": "filter105",
            "len": 16,
            "nsites": 16,
            "evalue": "1.0e+000",
            "pwm": [
              [0.227861, 0.272685, 0.249727, 0.249727], 
              [0.131342, 0.323242, 0.316385, 0.229031], 
              [0.646124, 0.157776, 0.0922857, 0.103814], 
              [0.625354, 0.0153665, 0.308335, 0.0509441], 
              [0.875976, 0.0474704, 0.0187471, 0.0578069], 
              [0.11872, 0.202596, 0.661031, 0.0176522], 
              [0.620845, 0.0612855, 0.0922948, 0.225575], 
              [0.212932, 0.0106957, 0.0544224, 0.72195], 
              [0.0279876, 0.565627, 0.386447, 0.0199379], 
              [0.032559, 0.0486584, 0.829876, 0.0889068], 
              [0.248609, 0.480658, 0.09, 0.180733], 
              [0.453076, 0.142884, 0.131355, 0.272685], 
              [0.145141, 0.00731619, 0.721878, 0.125665], 
              [0.216388, 0.533475, 0.0750858, 0.175051], 
              [0.185404, 0.401354, 0.194547, 0.218696], 
              [0.35077, 0.185404, 0.121006, 0.34282]
            ]
          }, {
            "db": 0,
            "id": "filter106",
            "len": 17,
            "nsites": 17,
            "evalue": "1.0e+000",
            "pwm": [
              [0.39783, 0.201187, 0.10217, 0.298813], 
              [0.506392, 0.309749, 0.171363, 0.0124971], 
              [0.176035, 0.408865, 0.287778, 0.127322], 
              [0.600737, 0.0392398, 0.257854, 0.10217], 
              [0.084863, 0.323933, 0.314489, 0.276715], 
              [0.106842, 0.0187602, 0.20755, 0.666848], 
              [0.0911435, 0.113116, 0.325489, 0.470252], 
              [0.070655, 0.110023, 0.610181, 0.20914], 
              [0.748592, 0.092716, 0.154049, 0.00464296], 
              [0.0927251, 0.25, 0.356971, 0.300304], 
              [0.00146199, 0.00146199, 0.594474, 0.402602], 
              [0.00146199, 0.954754, 0.0250234, 0.0187602], 
              [0.635369, 0.341229, 0.00305247, 0.020349], 
              [0.0470936, 0.435608, 0.0171696, 0.500129], 
              [0.25, 0.0785088, 0.393158, 0.278333], 
              [0.261035, 0.25, 0.0989883, 0.389977], 
              [0.114707, 0.168198, 0.602388, 0.114707]
            ]
          }, {
            "db": 0,
            "id": "filter107",
            "len": 15,
            "nsites": 15,
            "evalue": "1.0e+000",
            "pwm": [
              [0.150861, 0.273146, 0.211358, 0.364636], 
              [0.223477, 0.164272, 0.383411, 0.228841], 
              [0.117285, 0.242252, 0.244934, 0.39553], 
              [0.0150662, 0.745, 0.11053, 0.129404], 
              [0.0971192, 0.00165563, 0.0580795, 0.843146], 
              [0.603901, 0.382058, 0.0123852, 0.00165563], 
              [0.270464, 0.00433775, 0.00165563, 0.723543], 
              [0.129404, 0.00165563, 0.00165563, 0.867285], 
              [0.114603, 0.13606, 0.0339404, 0.715397], 
              [0.402185, 0.00433775, 0.0594702, 0.534007], 
              [0.0137748, 0.0701987, 0.0809272, 0.835099], 
              [0.654901, 0.0863907, 0.25298, 0.00572848], 
              [0.109238, 0.00970199, 0.788013, 0.0930464], 
              [0.218113, 0.527252, 0.22745, 0.0271854], 
              [0.228864, 0.164288, 0.209988, 0.396861]
            ]
          }, {
            "db": 0,
            "id": "filter108",
            "len": 19,
            "nsites": 19,
            "evalue": "1.0e+000",
            "pwm": [
              [0.572843, 0.179652, 0.0794896, 0.168015], 
              [0.387874, 0.0232932, 0.406178, 0.182654], 
              [0.298047, 0.149131, 0.489838, 0.0629843], 
              [0.0501518, 0.049555, 0.699335, 0.200958], 
              [0.0874555, 0.649796, 0.0269738, 0.235775], 
              [0.124063, 0.497796, 0.0281675, 0.349974], 
              [0.150921, 0.0215026, 0.826267, 0.0013089], 
              [0.0861623, 0.668796, 0.0569162, 0.188126], 
              [0.246817, 0.252885, 0.487351, 0.0129476], 
              [0.177183, 0.132021, 0.636963, 0.0538325], 
              [0.0013089, 0.272482, 0.393942, 0.332267], 
              [0.31088, 0.254775, 0.104466, 0.32988], 
              [0.243136, 0.110634, 0.511225, 0.135005], 
              [0.337738, 0.312173, 0.0232932, 0.326796], 
              [0.273079, 0.296257, 0.172906, 0.257759], 
              [0.175972, 0.162544, 0.177166, 0.484318], 
              [0.36098, 0.335914, 0.167418, 0.135688], 
              [0.133812, 0.0184188, 0.609508, 0.238262], 
              [0.340856, 0.309717, 0.157005, 0.192422]
            ]
          }, {
            "db": 0,
            "id": "filter109",
            "len": 15,
            "nsites": 15,
            "evalue": "1.0e+000",
            "pwm": [
              [0.23043, 0.281788, 0.23202, 0.255762], 
              [0.0710858, 0.613912, 0.253352, 0.0616496], 
              [0.103477, 0.79149, 0.0126821, 0.092351], 
              [0.030858, 0.00483412, 0.283349, 0.680959], 
              [0.0190397, 0.254172, 0.578411, 0.148377], 
              [0.485283, 0.049035, 0.090852, 0.37483], 
              [0.435662, 0.0142715, 0.00870861, 0.541358], 
              [0.298278, 0.307815, 0.391457, 0.00245033], 
              [0.0600662, 0.424536, 0.219404, 0.295993], 
              [0.119979, 0.188628, 0.333874, 0.357519], 
              [0.293609, 0.153146, 0.55, 0.00324503], 
              [0.0647414, 0.134185, 0.0931548, 0.707918], 
              [0.145298, 0.174404, 0.141325, 0.538974], 
              [0.175199, 0.44351, 0.30702, 0.0742715], 
              [0.449823, 0.266762, 0.172102, 0.111314]
            ]
          }, {
            "db": 0,
            "id": "filter11",
            "len": 19,
            "nsites": 19,
            "evalue": "1.0e+000",
            "pwm": [
              [0.238162, 0.164749, 0.133911, 0.463178], 
              [0.280838, 0.25, 0.273675, 0.195487], 
              [0.181343, 0.337605, 0.302096, 0.178956], 
              [0.27845, 0.58633, 0.0225969, 0.112623], 
              [0.254775, 0.188424, 0.150524, 0.406277], 
              [0.309188, 0.117398, 0.484466, 0.0889476], 
              [0.626618, 0.0581099, 0.193199, 0.122073], 
              [0.112634, 0.394479, 0.444222, 0.0486644], 
              [0.00369634, 0.122073, 0.0013089, 0.872921], 
              [0.0107592, 0.986623, 0.0013089, 0.0013089], 
              [0.875309, 0.0013089, 0.122073, 0.0013089], 
              [0.0937133, 0.0013089, 0.872834, 0.0321435], 
              [0.0013089, 0.95111, 0.0344346, 0.0131466], 
              [0.823183, 0.0344346, 0.0937225, 0.0486597], 
              [0.323414, 0.186037, 0.309188, 0.181361], 
              [0.453683, 0.0652659, 0.0558165, 0.425235], 
              [0.294993, 0.124473, 0.0131478, 0.567386], 
              [0.366125, 0.157602, 0.0581156, 0.418157], 
              [0.169424, 0.392152, 0.302126, 0.136298]
            ]
          }, {
            "db": 0,
            "id": "filter110",
            "len": 18,
            "nsites": 18,
            "evalue": "1.0e+000",
            "pwm": [
              [0.316133, 0.352331, 0.165768, 0.165768], 
              [0.335624, 0.201967, 0.199182, 0.263227], 
              [0.149046, 0.168536, 0.260416, 0.422002], 
              [0.0125193, 0.725657, 0.0877017, 0.174122], 
              [0.00695028, 0.151845, 0.032011, 0.809193], 
              [0.00138122, 0.277149, 0.669967, 0.0515028], 
              [0.901182, 0.0375801, 0.00138122, 0.0598564], 
              [0.00138122, 0.00138122, 0.00416575, 0.993072], 
              [0.00138122, 0.00138122, 0.00416575, 0.993072], 
              [0.00138122, 0.0125193, 0.984718, 0.00138122], 
              [0.00138122, 0.00416575, 0.993072, 0.00138122], 
              [0.101624, 0.408122, 0.00138122, 0.488873], 
              [0.0125193, 0.424829, 0.229812, 0.33284], 
              [0.140707, 0.44432, 0.316133, 0.0988398], 
              [0.41926, 0.196398, 0.279934, 0.104409], 
              [0.224221, 0.137909, 0.215868, 0.422002], 
              [0.13234, 0.174104, 0.2632, 0.430355], 
              [0.00973481, 0.235381, 0.179691, 0.575193]
            ]
          }, {
            "db": 0,
            "id": "filter111",
            "len": 15,
            "nsites": 15,
            "evalue": "1.0e+000",
            "pwm": [
              [0.235, 0.275132, 0.249603, 0.240265], 
              [0.0645301, 0.158196, 0.00344353, 0.77383], 
              [0.143609, 0.344967, 0.381126, 0.130298], 
              [0.395669, 0.418916, 0.173328, 0.0120871], 
              [0.211755, 0.0686093, 0.403775, 0.315861], 
              [0.0743709, 0.00225166, 0.566689, 0.356689], 
              [0.0865894, 0.0383113, 0.865298, 0.00980132], 
              [0.0523179, 0.0249007, 0.624901, 0.297881], 
              [0.0150662, 0.297881, 0.449172, 0.237881], 
              [0.0441679, 0.47535, 0.367083, 0.113399], 
              [0.151243, 0.438698, 0.371751, 0.0383076], 
              [0.213444, 0.0720861, 0.686589, 0.0278808], 
              [0.0900662, 0.200132, 0.318245, 0.391556], 
              [0.223974, 0.407252, 0.264702, 0.104073], 
              [0.266391, 0.499238, 0.0674172, 0.166954]
            ]
          }, {
            "db": 0,
            "id": "filter112",
            "len": 20,
            "nsites": 20,
            "evalue": "1.0e+000",
            "pwm": [
              [0.254801, 0.229127, 0.298189, 0.217882], 
              [0.465071, 0.230719, 0.0525922, 0.251617], 
              [0.473085, 0.389602, 0.00930348, 0.12801], 
              [0.0188575, 0.795751, 0.144044, 0.0413473], 
              [0.319055, 0.0188557, 0.269303, 0.392786], 
              [0.00124378, 0.575771, 0.0253234, 0.397662], 
              [0.78602, 0.208308, 0.00124378, 0.00442786], 
              [0.134464, 0.0590489, 0.171376, 0.635111], 
              [0.66403, 0.0557711, 0.145721, 0.134478], 
              [0.258034, 0.0910855, 0.120038, 0.530843], 
              [0.217882, 0.323863, 0.243557, 0.214698], 
              [0.00283582, 0.0124876, 0.66403, 0.320647], 
              [0.206696, 0.5196, 0.0622327, 0.211472], 
              [0.473085, 0.174577, 0.22592, 0.126418], 
              [0.049403, 0.460249, 0.275672, 0.214677], 
              [0.100746, 0.567811, 0.200249, 0.131194], 
              [0.0895113, 0.341477, 0.550154, 0.0188575], 
              [0.339851, 0.325423, 0.00930348, 0.325423], 
              [0.121642, 0.277264, 0.527612, 0.0734826], 
              [0.10393, 0.205025, 0.532488, 0.158557]
            ]
          }, {
            "db": 0,
            "id": "filter113",
            "len": 19,
            "nsites": 19,
            "evalue": "1.0e+000",
            "pwm": [
              [0.168529, 0.435424, 0.302026, 0.0940209], 
              [0.21767, 0.597073, 0.124958, 0.0602984], 
              [0.355346, 0.317445, 0.0687539, 0.258455], 
              [0.134806, 0.682723, 0.165743, 0.0167277], 
              [0.217692, 0.526796, 0.20645, 0.0490624], 
              [0.393346, 0.160073, 0.230304, 0.216277], 
              [0.0547277, 0.55211, 0.209215, 0.183948], 
              [0.306204, 0.383497, 0.0251832, 0.285115], 
              [0.110932, 0.0504503, 0.337141, 0.501476], 
              [0.448112, 0.0701397, 0.00837102, 0.473377], 
              [0.509932, 0.0659686, 0.421398, 0.00270157], 
              [0.0013089, 0.0181204, 0.0561204, 0.92445], 
              [0.353988, 0.00270171, 0.286536, 0.356774], 
              [0.311775, 0.484665, 0.0912356, 0.112325], 
              [0.310382, 0.0013089, 0.508539, 0.17977], 
              [0.207822, 0.178377, 0.51978, 0.0940209], 
              [0.00409424, 0.0378168, 0.12078, 0.837309], 
              [0.262607, 0.212078, 0.292149, 0.233165], 
              [0.1193, 0.0490624, 0.345532, 0.486106]
            ]
          }, {
            "db": 0,
            "id": "filter114",
            "len": 18,
            "nsites": 18,
            "evalue": "1.0e+000",
            "pwm": [
              [0.24642, 0.243735, 0.25537, 0.254475], 
              [0.171917, 0.736424, 0.0651207, 0.0265389], 
              [0.156634, 0.00943727, 0.0516072, 0.782321], 
              [0.517462, 0.178181, 0.0220642, 0.282292], 
              [0.0274339, 0.174601, 0.445668, 0.352296], 
              [0.472611, 0.0417609, 0.00764704, 0.477981], 
              [0.317294, 0.239236, 0.0911733, 0.352296], 
              [0.132453, 0.0830276, 0.166564, 0.617956], 
              [0.00317127, 0.365757, 0.0749724, 0.556099], 
              [0.537204, 0.162983, 0.225735, 0.0740773], 
              [0.151249, 0.0274365, 0.398972, 0.422343], 
              [0.136928, 0.23926, 0.507569, 0.116243], 
              [0.179989, 0.28232, 0.414287, 0.123403], 
              [0.00764641, 0.844199, 0.046232, 0.101923], 
              [0.163878, 0.0507072, 0.154829, 0.630586], 
              [0.422343, 0.285006, 0.232, 0.0606519], 
              [0.135125, 0.0740701, 0.375664, 0.415141], 
              [0.107293, 0.373812, 0.178199, 0.340696]
            ]
          }, {
            "db": 0,
            "id": "filter115",
            "len": 11,
            "nsites": 11,
            "evalue": "1.0e+000",
            "pwm": [
              [0.0960991, 0.541054, 0.0607207, 0.302126], 
              [0.121667, 0.392306, 0.124144, 0.361883], 
              [0.426439, 0.113155, 0.315536, 0.14487], 
              [0.993243, 0.00225225, 0.00225225, 0.00225225], 
              [0.00225225, 0.00225225, 0.00225225, 0.993243], 
              [0.00591892, 0.497153, 0.0156306, 0.481297], 
              [0.916441, 0.00225225, 0.0790541, 0.00225225], 
              [0.603129, 0.0205838, 0.374035, 0.00225225], 
              [0.493486, 0.247225, 0.103432, 0.155856], 
              [0.335027, 0.194802, 0.35455, 0.115622], 
              [0.481249, 0.305762, 0.0827127, 0.130275]
            ]
          }, {
            "db": 0,
            "id": "filter116",
            "len": 16,
            "nsites": 16,
            "evalue": "1.0e+000",
            "pwm": [
              [0.0502484, 0.324932, 0.416758, 0.208062], 
              [0.0837391, 0.486025, 0.176758, 0.253478], 
              [0.170199, 0.214621, 0.102124, 0.513056], 
              [0.00592503, 0.0134771, 0.196217, 0.784381], 
              [0.0956552, 0.221059, 0.00373891, 0.679547], 
              [0.0015528, 0.438422, 0.266497, 0.293528], 
              [0.0015528, 0.623366, 0.289155, 0.0859255], 
              [0.26975, 0.441658, 0.101021, 0.187571], 
              [0.639565, 0.0372298, 0.257851, 0.065354], 
              [0.0112919, 0.0243106, 0.589776, 0.374621], 
              [0.596335, 0.0405093, 0.145354, 0.217801], 
              [0.646025, 0.160559, 0.0177516, 0.175665], 
              [0.517329, 0.214621, 0.172385, 0.0956646], 
              [0.418944, 0.233006, 0.219988, 0.128062], 
              [0.531494, 0.21673, 0.0253067, 0.22647], 
              [0.688192, 0.136695, 0.0513366, 0.123777]
            ]
          }, {
            "db": 0,
            "id": "filter117",
            "len": 20,
            "nsites": 20,
            "evalue": "1.0e+000",
            "pwm": [
              [0.253781, 0.250896, 0.257463, 0.237861], 
              [0.444472, 0.246243, 0.0424419, 0.266842], 
              [0.0663184, 0.539055, 0.0373632, 0.357264], 
              [0.545124, 0.249104, 0.160945, 0.0448259], 
              [0.112775, 0.116954, 0.167098, 0.603174], 
              [0.384925, 0.212985, 0.218657, 0.183433], 
              [0.237363, 0.252388, 0.206418, 0.303831], 
              [0.198955, 0.312786, 0.376468, 0.111791], 
              [0.147398, 0.340414, 0.282808, 0.22938], 
              [0.0598449, 0.361009, 0.338523, 0.240623], 
              [0.947607, 0.0237336, 0.00731404, 0.0213453], 
              [0.291194, 0.122139, 0.00502488, 0.581642], 
              [0.0213433, 0.39199, 0.223731, 0.362935], 
              [0.36194, 0.463134, 0.163831, 0.0110945], 
              [0.154462, 0.293553, 0.218138, 0.333847], 
              [0.0138806, 0.597562, 0.144627, 0.24393], 
              [0.176965, 0.259851, 0.201244, 0.36194], 
              [0.0930846, 0.011592, 0.857562, 0.0377612], 
              [0.329204, 0.142736, 0.130995, 0.397065], 
              [0.153483, 0.386318, 0.402239, 0.0579602]
            ]
          }, {
            "db": 0,
            "id": "filter118",
            "len": 20,
            "nsites": 20,
            "evalue": "1.0e+000",
            "pwm": [
              [0.287313, 0.236169, 0.238259, 0.238259], 
              [0.491592, 0.13199, 0.172886, 0.203532], 
              [0.565124, 0.00741294, 0.203532, 0.22393], 
              [0.581484, 0.16471, 0.0400459, 0.21376], 
              [0.375137, 0.038056, 0.0993434, 0.487464], 
              [0.338358, 0.150398, 0.166716, 0.344527], 
              [0.207612, 0.0257214, 0.0278109, 0.738856], 
              [0.107512, 0.0237313, 0.847114, 0.0216418], 
              [0.00940299, 0.217861, 0.0359701, 0.736766], 
              [0.0380597, 0.369005, 0.00124378, 0.591692], 
              [0.315902, 0.00124378, 0.65713, 0.0257238], 
              [0.452786, 0.00124378, 0.518159, 0.0278109], 
              [0.0359701, 0.650995, 0.176965, 0.13607], 
              [0.538611, 0.0482137, 0.215793, 0.197383], 
              [0.336368, 0.234179, 0.0747761, 0.354677], 
              [0.438458, 0.0359701, 0.0400498, 0.485522], 
              [0.4099, 0.0196517, 0.0870149, 0.483433], 
              [0.193284, 0.178955, 0.13, 0.497761], 
              [0.299552, 0.264826, 0.277065, 0.158557], 
              [0.166733, 0.132003, 0.438501, 0.262762]
            ]
          }, {
            "db": 0,
            "id": "filter119",
            "len": 17,
            "nsites": 17,
            "evalue": "1.0e+000",
            "pwm": [
              [0.232281, 0.27592, 0.263196, 0.228603], 
              [0.155953, 0.246819, 0.306766, 0.290462], 
              [0.188661, 0.328637, 0.274058, 0.208643], 
              [0.150485, 0.0614094, 0.670327, 0.117778], 
              [0.0505682, 0.666583, 0.134168, 0.148681], 
              [0.199577, 0.250472, 0.146892, 0.403059], 
              [0.0741418, 0.00146199, 0.630326, 0.29407], 
              [0.00325164, 0.97205, 0.00146199, 0.0232361], 
              [0.00325164, 0.977519, 0.0159781, 0.00325164], 
              [0.772029, 0.00325146, 0.217789, 0.00692982], 
              [0.00146199, 0.00146199, 0.319491, 0.677585], 
              [0.0414309, 0.415866, 0.106853, 0.43585], 
              [0.00325146, 0.115988, 0.0251228, 0.855637], 
              [0.00146199, 0.0305906, 0.00146199, 0.966485], 
              [0.217768, 0.146892, 0.457633, 0.177708], 
              [0.268591, 0.252287, 0.188661, 0.290462], 
              [0.214111, 0.183193, 0.34862, 0.254076]
            ]
          }, {
            "db": 0,
            "id": "filter12",
            "len": 16,
            "nsites": 16,
            "evalue": "1.0e+000",
            "pwm": [
              [0.114646, 0.337453, 0.28528, 0.262621], 
              [0.274845, 0.198224, 0.22605, 0.300882], 
              [0.290476, 0.199933, 0.25738, 0.252211], 
              [0.513255, 0.112957, 0.372236, 0.0015528], 
              [0.0015528, 0.0154658, 0.0015528, 0.981429], 
              [0.0015528, 0.0015528, 0.0537267, 0.943168], 
              [0.189478, 0.0015528, 0.756932, 0.0520373], 
              [0.0015528, 0.873503, 0.0015528, 0.123391], 
              [0.201702, 0.0015528, 0.795193, 0.0015528], 
              [0.179043, 0.563739, 0.0015528, 0.255665], 
              [0.969205, 0.0276894, 0.0015528, 0.0015528], 
              [0.986596, 0.0015528, 0.0015528, 0.0102981], 
              [0.0207329, 0.394894, 0.107689, 0.476683], 
              [0.386188, 0.2052, 0.215636, 0.192976], 
              [0.283491, 0.158174, 0.238273, 0.320062], 
              [0.179043, 0.313106, 0.133826, 0.374025]
            ]
          }, {
            "db": 0,
            "id": "filter120",
            "len": 13,
            "nsites": 13,
            "evalue": "1.0e+000",
            "pwm": [
              [0.417908, 0.21745, 0.162275, 0.202366], 
              [0.237496, 0.237496, 0.472985, 0.0520229], 
              [0.332664, 0.202366, 0.237496, 0.227473], 
              [0.0771298, 0.0720687, 0.0019084, 0.848893], 
              [0.0219542, 0.00696947, 0.949122, 0.0219542], 
              [0.954183, 0.0119313, 0.0019084, 0.0319771], 
              [0.0270128, 0.503103, 0.467976, 0.0019084], 
              [0.00696896, 0.00696896, 0.00696896, 0.979093], 
              [0.0370347, 0.954088, 0.0019084, 0.00696896], 
              [0.994275, 0.0019084, 0.0019084, 0.0019084], 
              [0.0019084, 0.137267, 0.678504, 0.182321], 
              [0.0871441, 0.743628, 0.147276, 0.0219522], 
              [0.618366, 0.152252, 0.0520229, 0.177359]
            ]
          }, {
            "db": 0,
            "id": "filter121",
            "len": 16,
            "nsites": 16,
            "evalue": "1.0e+000",
            "pwm": [
              [0.490199, 0.0511429, 0.143168, 0.315491], 
              [0.391019, 0.0629689, 0.143168, 0.402845], 
              [0.273056, 0.150224, 0.176261, 0.40046], 
              [0.0889068, 0.0983478, 0.105404, 0.707342], 
              [0.0109938, 0.00393789, 0.924484, 0.0605839], 
              [0.225829, 0.643576, 0.129043, 0.0015528], 
              [0.0015528, 0.0015528, 0.0015528, 0.995342], 
              [0.0015528, 0.0015528, 0.969404, 0.0274907], 
              [0.995342, 0.0015528, 0.0015528, 0.0015528], 
              [0.0109938, 0.546845, 0.369752, 0.0724099], 
              [0.0463682, 0.0252026, 0.0063225, 0.922107], 
              [0.0605779, 0.756856, 0.0440827, 0.138483], 
              [0.763988, 0.0180497, 0.0983478, 0.119615], 
              [0.0794658, 0.136112, 0.480758, 0.303665], 
              [0.244733, 0.249404, 0.284783, 0.221081], 
              [0.16205, 0.270671, 0.358025, 0.209255]
            ]
          }, {
            "db": 0,
            "id": "filter122",
            "len": 18,
            "nsites": 18,
            "evalue": "1.0e+000",
            "pwm": [
              [0.19063, 0.234486, 0.0934696, 0.481414], 
              [0.155326, 0.311956, 0.415182, 0.117536], 
              [0.102022, 0.505481, 0.198387, 0.19411], 
              [0.484895, 0.00138122, 0.0796464, 0.434077], 
              [0.636254, 0.0736796, 0.225934, 0.0641326], 
              [0.256066, 0.0693039, 0.254276, 0.420354], 
              [0.511547, 0.148464, 0.268895, 0.0710939], 
              [0.0693107, 0.219889, 0.0839309, 0.626869], 
              [0.0718895, 0.371326, 0.451282, 0.105503], 
              [0.0202762, 0.00824309, 0.890939, 0.0805414], 
              [0.0779558, 0.713724, 0.121812, 0.0865083], 
              [0.0718895, 0.513238, 0.356707, 0.0581657], 
              [0.302508, 0.0202762, 0.594088, 0.0831271], 
              [0.206144, 0.377293, 0.0176906, 0.398873], 
              [0.306785, 0.374707, 0.116641, 0.201867], 
              [0.0736796, 0.747238, 0.106298, 0.0727845], 
              [0.0590608, 0.438354, 0.203558, 0.299028], 
              [0.0478232, 0.185459, 0.600155, 0.166564]
            ]
          }, {
            "db": 0,
            "id": "filter123",
            "len": 20,
            "nsites": 20,
            "evalue": "1.0e+000",
            "pwm": [
              [0.248806, 0.239453, 0.251791, 0.25995], 
              [0.411153, 0.0339768, 0.388966, 0.165904], 
              [0.751592, 0.11806, 0.068408, 0.0619403], 
              [0.118071, 0.301373, 0.336999, 0.243557], 
              [0.0619403, 0.146617, 0.0252239, 0.766219], 
              [0.213184, 0.268109, 0.313682, 0.205025], 
              [0.432743, 0.255248, 0.0520845, 0.259924], 
              [0.16592, 0.0765672, 0.714179, 0.0433333], 
              [0.547214, 0.0187562, 0.144328, 0.289701], 
              [0.719453, 0.0374627, 0.214975, 0.0281095], 
              [0.0706965, 0.397164, 0.458458, 0.0736816], 
              [0.0859289, 0.346353, 0.239477, 0.328242], 
              [0.140846, 0.443831, 0.14602, 0.269303], 
              [0.168806, 0.493483, 0.205622, 0.13209], 
              [0.0934826, 0.48005, 0.0234328, 0.403035], 
              [0.564726, 0.126816, 0.153085, 0.155373], 
              [0.140249, 0.523831, 0.0491045, 0.286816], 
              [0.100537, 0.220824, 0.206795, 0.471843], 
              [0.103423, 0.473634, 0.171177, 0.251766], 
              [0.26403, 0.594478, 0.0999502, 0.0415423]
            ]
          }, {
            "db": 0,
            "id": "filter124",
            "len": 12,
            "nsites": 12,
            "evalue": "1.0e+000",
            "pwm": [
              [0.109879, 0.451268, 0.15104, 0.287814], 
              [0.135468, 0.128823, 0.288905, 0.446805], 
              [0.00315702, 0.25, 0.290066, 0.456777], 
              [0.0943067, 0.83491, 0.0242832, 0.0465003], 
              [0.0942975, 0.785934, 0.102132, 0.0176364], 
              [0.0865704, 0.124359, 0.0142657, 0.774805], 
              [0.300013, 0.0454093, 0.63694, 0.0176379], 
              [0.0220972, 0.1166, 0.806977, 0.0543254], 
              [0.360047, 0.112138, 0.522378, 0.00543768], 
              [0.425679, 0.00871141, 0.356746, 0.208864], 
              [0.599091, 0.165504, 0.0554215, 0.179983], 
              [0.195554, 0.524612, 0.164413, 0.115421]
            ]
          }, {
            "db": 0,
            "id": "filter125",
            "len": 20,
            "nsites": 20,
            "evalue": "1.0e+000",
            "pwm": [
              [0.253881, 0.223731, 0.25597, 0.266418], 
              [0.283007, 0.20401, 0.384887, 0.128097], 
              [0.509701, 0.0386567, 0.311095, 0.140547], 
              [0.236245, 0.563675, 0.00542247, 0.194657], 
              [0.176965, 0.0865174, 0.641741, 0.0947761], 
              [0.159254, 0.184229, 0.373483, 0.283035], 
              [0.120846, 0.549204, 0.228905, 0.101045], 
              [0.22791, 0.161343, 0.185323, 0.425423], 
              [0.0968752, 0.506568, 0.0365707, 0.359986], 
              [0.262239, 0.10005, 0.261144, 0.376567], 
              [0.055279, 0.26535, 0.023037, 0.656334], 
              [0.184229, 0.0220398, 0.0646269, 0.729104], 
              [0.386976, 0.0594469, 0.266391, 0.287185], 
              [0.25597, 0.010597, 0.183234, 0.550199], 
              [0.113582, 0.0365672, 0.00333333, 0.846517], 
              [0.373483, 0.135373, 0.0594527, 0.431692], 
              [0.318327, 0.122923, 0.424386, 0.134365], 
              [0.836169, 0.0136816, 0.0584577, 0.0916915], 
              [0.267413, 0.0542786, 0.0491045, 0.629204], 
              [0.235174, 0.421343, 0.263234, 0.0802488]
            ]
          }, {
            "db": 0,
            "id": "filter126",
            "len": 13,
            "nsites": 13,
            "evalue": "1.0e+000",
            "pwm": [
              [0.176565, 0.322443, 0.369679, 0.131313], 
              [0.168328, 0.170412, 0.612115, 0.049145], 
              [0.192939, 0.16426, 0.419, 0.223802], 
              [0.0059771, 0.608046, 0.384069, 0.0019084], 
              [0.104618, 0.877176, 0.0162977, 0.0019084], 
              [0.0019084, 0.030687, 0.961427, 0.0059771], 
              [0.00806107, 0.236107, 0.753924, 0.0019084], 
              [0.860616, 0.0738478, 0.0533078, 0.012228], 
              [0.774388, 0.0019084, 0.219711, 0.00399216], 
              [0.092322, 0.0758471, 0.797072, 0.034759], 
              [0.0286031, 0.384069, 0.16426, 0.423069], 
              [0.229954, 0.168328, 0.410763, 0.190954], 
              [0.13955, 0.322443, 0.488863, 0.049145]
            ]
          }, {
            "db": 0,
            "id": "filter127",
            "len": 20,
            "nsites": 20,
            "evalue": "1.0e+000",
            "pwm": [
