MEME version 4

ALPHABET= ACGT

Background letter frequencies:
A 0.2500 C 0.2500 G 0.2500 T 0.2500 

MOTIF filter0 
letter-probability matrix: alength= 4 w= 13 nsites= 13 
0.1291 0.4537 0.2130 0.2042 
0.1596 0.4814 0.1812 0.1778 
0.4713 0.1731 0.2265 0.1291 
0.0926 0.6680 0.0994 0.1400 
0.1467 0.0947 0.0669 0.6917 
0.0791 0.1089 0.0446 0.7674 
0.0338 0.9297 0.0358 0.0007 
0.0149 0.9425 0.0014 0.0412 
0.0054 0.0149 0.9432 0.0365 
0.0176 0.1055 0.8438 0.0331 
0.5017 0.1109 0.1771 0.2103 
0.5159 0.1359 0.1562 0.1920 
0.1853 0.1197 0.5436 0.1515 

MOTIF filter1 
letter-probability matrix: alength= 4 w= 13 nsites= 13 
0.2549 0.2514 0.2426 0.2510 
0.1082 0.2712 0.3585 0.2621 
0.1007 0.8658 0.0203 0.0131 
0.3949 0.0526 0.2556 0.2969 
0.1778 0.1018 0.2209 0.4994 
0.3430 0.0149 0.3279 0.3142 
0.0164 0.9199 0.0582 0.0055 
0.1944 0.3768 0.2480 0.1809 
0.0544 0.1797 0.6389 0.1270 
0.7518 0.0744 0.0322 0.1416 
0.2985 0.0564 0.4171 0.2279 
0.2627 0.3087 0.2862 0.1425 
0.2752 0.2281 0.2534 0.2432 

MOTIF filter2 
letter-probability matrix: alength= 4 w= 14 nsites= 14 
0.2145 0.2973 0.2656 0.2226 
0.1210 0.2804 0.3902 0.2084 
0.0315 0.5631 0.1759 0.2295 
0.0520 0.6653 0.0438 0.2389 
0.1469 0.7749 0.0382 0.0401 
0.0618 0.8323 0.0682 0.0378 
0.1988 0.2541 0.2942 0.2529 
0.0398 0.8233 0.0511 0.0858 
0.0186 0.8631 0.0542 0.0641 
0.0148 0.6837 0.0373 0.2641 
0.1654 0.6199 0.0123 0.2024 
0.1114 0.4817 0.1444 0.2625 
0.2172 0.2944 0.2293 0.2591 
0.2308 0.2856 0.2207 0.2629 

MOTIF filter3 
letter-probability matrix: alength= 4 w= 15 nsites= 15 
0.1938 0.1901 0.3786 0.2376 
0.3072 0.3046 0.1218 0.2664 
0.0365 0.7641 0.1749 0.0246 
0.0325 0.8908 0.0375 0.0392 
0.5773 0.0657 0.0710 0.2860 
0.0982 0.0368 0.1609 0.7040 
0.8474 0.0577 0.0879 0.0070 
0.0153 0.1138 0.1025 0.7684 
0.8427 0.0395 0.0100 0.1078 
0.2047 0.0601 0.0969 0.6384 
0.0866 0.0647 0.7711 0.0776 
0.0458 0.0544 0.8527 0.0471 
0.1646 0.1739 0.3388 0.3228 
0.2299 0.4585 0.1778 0.1337 
0.4924 0.1082 0.1679 0.2316 

MOTIF filter4 
letter-probability matrix: alength= 4 w= 13 nsites= 13 
0.2449 0.2561 0.2487 0.2502 
0.2620 0.2337 0.2476 0.2567 
0.1368 0.4245 0.2487 0.1900 
0.0059 0.2606 0.0851 0.6484 
0.0177 0.3628 0.4697 0.1498 
0.8334 0.0263 0.0671 0.0733 
0.1016 0.0192 0.0295 0.8496 
0.0310 0.0160 0.0292 0.9238 
0.0369 0.0866 0.8281 0.0484 
0.1120 0.0671 0.7950 0.0260 
0.1536 0.3279 0.1046 0.4139 
0.0830 0.3610 0.2213 0.3347 
0.2487 0.3247 0.2709 0.1557 

MOTIF filter5 
letter-probability matrix: alength= 4 w= 14 nsites= 14 
0.2543 0.2324 0.2453 0.2679 
0.1180 0.6493 0.0574 0.1753 
0.0345 0.3810 0.0385 0.5459 
0.7386 0.1100 0.0391 0.1123 
0.2844 0.0129 0.0232 0.6795 
0.4954 0.0725 0.0405 0.3916 
0.3783 0.0617 0.0582 0.5018 
0.6225 0.0224 0.0250 0.3301 
0.1132 0.0139 0.0859 0.7870 
0.6721 0.0416 0.2509 0.0355 
0.1985 0.0295 0.6520 0.1199 
0.3130 0.2837 0.1920 0.2113 
0.2333 0.2747 0.2672 0.2248 
0.3140 0.2235 0.2465 0.2160 

MOTIF filter6 
letter-probability matrix: alength= 4 w= 13 nsites= 13 
0.2427 0.2340 0.2563 0.2669 
0.2331 0.1566 0.4458 0.1646 
0.2193 0.0460 0.5515 0.1832 
0.2621 0.1130 0.6033 0.0215 
0.1133 0.0552 0.8245 0.0070 
0.0353 0.0770 0.8516 0.0361 
0.2851 0.3913 0.1225 0.2011 
0.1125 0.0179 0.8279 0.0416 
0.0678 0.0099 0.9049 0.0174 
0.3596 0.0053 0.5733 0.0617 
0.3541 0.0917 0.5194 0.0348 
0.2275 0.3294 0.3112 0.1319 
0.2231 0.2590 0.2522 0.2657 

MOTIF filter7 
letter-probability matrix: alength= 4 w= 12 nsites= 12 
0.2598 0.2647 0.2271 0.2485 
0.3405 0.2445 0.2276 0.1873 
0.2548 0.2995 0.2357 0.2099 
0.0388 0.9109 0.0000 0.0503 
0.8711 0.0417 0.0322 0.0550 
0.0565 0.8522 0.0000 0.0913 
0.0921 0.0449 0.8178 0.0452 
0.0378 0.0599 0.0012 0.9011 
0.0503 0.0241 0.8686 0.0570 
0.1822 0.2846 0.2873 0.2460 
0.2018 0.2659 0.2018 0.3305 
0.2377 0.2632 0.2472 0.2519 

MOTIF filter8 
letter-probability matrix: alength= 4 w= 15 nsites= 15 
0.2205 0.3526 0.2753 0.1515 
0.2698 0.3137 0.1283 0.2883 
0.2023 0.3168 0.3426 0.1383 
0.0951 0.7131 0.1096 0.0822 
0.4431 0.2569 0.0677 0.2323 
0.0512 0.0323 0.7062 0.2103 
0.5547 0.1281 0.2878 0.0294 
0.0180 0.2165 0.0165 0.7489 
0.0499 0.3257 0.5190 0.1054 
0.3337 0.0437 0.4602 0.1624 
0.0180 0.0882 0.7554 0.1383 
0.0441 0.6906 0.1860 0.0793 
0.6295 0.0884 0.0971 0.1849 
0.2749 0.2337 0.2268 0.2646 
0.3571 0.1557 0.1129 0.3742 

MOTIF filter9 
letter-probability matrix: alength= 4 w= 9 nsites= 9 
0.3518 0.2164 0.1849 0.2470 
0.3559 0.0019 0.4102 0.2320 
0.1240 0.2704 0.4600 0.1456 
0.6452 0.0787 0.0000 0.2761 
0.2600 0.0277 0.6965 0.0158 
0.2820 0.1336 0.0000 0.5844 
0.2676 0.2608 0.1812 0.2905 
0.3569 0.2347 0.0565 0.3520 
0.4125 0.0398 0.2889 0.2588 

MOTIF filter10 
letter-probability matrix: alength= 4 w= 12 nsites= 12 
0.2036 0.4141 0.2343 0.1480 
0.2355 0.3547 0.2320 0.1779 
0.5162 0.1902 0.2120 0.0816 
0.2400 0.0403 0.0645 0.6552 
0.0863 0.2136 0.0331 0.6670 
0.3903 0.0769 0.0163 0.5165 
0.7251 0.0006 0.2558 0.0185 
0.9170 0.0055 0.0682 0.0094 
0.1096 0.0956 0.0855 0.7093 
0.1504 0.3057 0.3300 0.2139 
0.2343 0.2521 0.2691 0.2445 
0.2028 0.3383 0.2270 0.2320 

MOTIF filter11 
letter-probability matrix: alength= 4 w= 10 nsites= 10 
0.1791 0.4955 0.1228 0.2026 
0.1633 0.4396 0.3217 0.0754 
0.1977 0.0435 0.5287 0.2301 
0.0086 0.2101 0.7667 0.0145 
0.3839 0.0161 0.2119 0.3881 
0.3304 0.6163 0.0453 0.0081 
0.0517 0.0048 0.9042 0.0393 
0.2415 0.2832 0.1188 0.3565 
0.2082 0.1111 0.4415 0.2392 
0.1086 0.3881 0.2469 0.2565 

MOTIF filter12 
letter-probability matrix: alength= 4 w= 15 nsites= 15 
0.2685 0.2264 0.2273 0.2778 
0.2546 0.2231 0.2366 0.2856 
0.1968 0.1750 0.1755 0.4528 
0.0315 0.0079 0.0236 0.9370 
0.0676 0.0157 0.0773 0.8394 
0.2389 0.6917 0.0398 0.0296 
0.0958 0.4792 0.0227 0.4023 
0.3597 0.1907 0.1824 0.2671 
0.4213 0.0023 0.5282 0.0481 
0.0259 0.0065 0.8227 0.1449 
0.9310 0.0519 0.0097 0.0074 
0.9944 0.0028 0.0014 0.0014 
0.4690 0.1421 0.2231 0.1657 
0.2644 0.2519 0.2287 0.2551 
0.2597 0.2255 0.2556 0.2593 

MOTIF filter13 
letter-probability matrix: alength= 4 w= 14 nsites= 14 
0.1224 0.2757 0.3468 0.2551 
0.3649 0.1880 0.4044 0.0427 
0.5158 0.0284 0.3341 0.1216 
0.1264 0.8065 0.0624 0.0047 
0.0829 0.9005 0.0103 0.0063 
0.9961 0.0000 0.0016 0.0024 
0.8918 0.0379 0.0703 0.0000 
0.0300 0.1635 0.0695 0.7370 
0.2101 0.7046 0.0798 0.0055 
0.7646 0.0845 0.0774 0.0735 
0.1935 0.1169 0.6627 0.0269 
0.3776 0.1927 0.2156 0.2141 
0.2678 0.2141 0.2125 0.3057 
0.1951 0.2780 0.2133 0.3136 

MOTIF filter14 
letter-probability matrix: alength= 4 w= 12 nsites= 12 
0.2804 0.2355 0.2493 0.2348 
0.0682 0.0652 0.0547 0.8119 
0.0448 0.0396 0.1879 0.7276 
0.2961 0.0548 0.4697 0.1793 
0.0954 0.6334 0.0592 0.2121 
0.2242 0.0728 0.6078 0.0952 
0.1749 0.4649 0.0819 0.2783 
0.7772 0.1847 0.0216 0.0165 
0.8800 0.0553 0.0356 0.0290 
0.0744 0.3195 0.2102 0.3959 
0.2430 0.2695 0.2449 0.2426 
0.2543 0.2338 0.2552 0.2567 

MOTIF filter15 
letter-probability matrix: alength= 4 w= 13 nsites= 13 
0.2354 0.2191 0.2303 0.3153 
0.2288 0.2007 0.3589 0.2116 
0.3228 0.3194 0.2582 0.0996 
0.1114 0.0570 0.0611 0.7705 
0.0912 0.0807 0.7043 0.1237 
0.8268 0.0475 0.0390 0.0867 
0.1001 0.4256 0.3871 0.0871 
0.0596 0.0697 0.0359 0.8347 
0.1275 0.7368 0.0331 0.1025 
0.8316 0.0356 0.0564 0.0764 
0.0830 0.2623 0.3462 0.3084 
0.2186 0.3514 0.1975 0.2325 
0.3282 0.2080 0.2226 0.2412 

