MEME version 4

ALPHABET= ACGT

Background letter frequencies:
A 0.2500 C 0.2500 G 0.2500 T 0.2500 

MOTIF filter0 
letter-probability matrix: alength= 4 w= 14 nsites= 14 
0.3327 0.2747 0.1876 0.2050 
0.2676 0.4674 0.1438 0.1212 
0.0954 0.4900 0.2173 0.1973 
0.0780 0.5938 0.2830 0.0451 
0.5152 0.2160 0.2598 0.0090 
0.4752 0.0052 0.3469 0.1728 
0.0006 0.8375 0.0013 0.1605 
0.0013 0.5951 0.4036 0.0000 
0.4977 0.0032 0.4952 0.0039 
0.6422 0.1612 0.0658 0.1309 
0.0032 0.0832 0.0671 0.8466 
0.0696 0.5474 0.3617 0.0213 
0.7202 0.0445 0.2057 0.0297 
0.1309 0.1760 0.5912 0.1019 

MOTIF filter1 
letter-probability matrix: alength= 4 w= 15 nsites= 15 
0.3455 0.2144 0.2067 0.2334 
0.3525 0.1752 0.2607 0.2116 
0.2432 0.1955 0.4128 0.1486 
0.5235 0.0491 0.3896 0.0378 
0.5116 0.1044 0.3770 0.0070 
0.3280 0.0918 0.5298 0.0505 
0.3805 0.2292 0.3861 0.0042 
0.1570 0.6118 0.0701 0.1612 
0.0028 0.0196 0.9657 0.0119 
0.0021 0.0049 0.9573 0.0357 
0.6426 0.1983 0.1367 0.0224 
0.5907 0.0610 0.2796 0.0687 
0.0680 0.1338 0.7610 0.0371 
0.1009 0.3700 0.0582 0.4709 
0.2313 0.1626 0.4779 0.1282 

MOTIF filter2 
letter-probability matrix: alength= 4 w= 10 nsites= 10 
0.2510 0.2419 0.2863 0.2208 
0.2441 0.0000 0.4720 0.2839 
0.2251 0.4767 0.0496 0.2486 
0.7664 0.0000 0.2336 0.0000 
0.1033 0.7500 0.0061 0.1406 
0.0043 0.2768 0.2685 0.4504 
0.0005 0.4683 0.0042 0.5270 
0.2179 0.3031 0.1189 0.3601 
0.3079 0.3281 0.1565 0.2076 
0.2990 0.1948 0.2956 0.2106 

MOTIF filter3 
letter-probability matrix: alength= 4 w= 11 nsites= 11 
0.1834 0.1636 0.4553 0.1976 
0.1301 0.6265 0.1500 0.0935 
0.2688 0.5192 0.0059 0.2060 
0.7473 0.0632 0.1682 0.0213 
0.4215 0.0325 0.1306 0.4154 
0.3292 0.0973 0.1064 0.4672 
0.0030 0.0564 0.0053 0.9353 
0.0758 0.0244 0.5100 0.3898 
0.0926 0.1178 0.6387 0.1509 
0.1861 0.4488 0.1051 0.2600 
0.1794 0.3006 0.2818 0.2381 

MOTIF filter4 
letter-probability matrix: alength= 4 w= 9 nsites= 9 
0.3280 0.0857 0.1025 0.4838 
0.4389 0.1154 0.0206 0.4251 
0.4072 0.0919 0.0495 0.4513 
0.5565 0.0442 0.0197 0.3795 
0.1719 0.0143 0.1382 0.6756 
0.6655 0.0245 0.2193 0.0906 
0.2544 0.0741 0.4642 0.2073 
0.3169 0.2800 0.1879 0.2153 
0.2367 0.2617 0.2510 0.2506 

MOTIF filter5 
letter-probability matrix: alength= 4 w= 15 nsites= 15 
0.2447 0.2594 0.2502 0.2458 
0.2727 0.2194 0.2505 0.2574 
0.1803 0.2709 0.1703 0.3785 
0.0640 0.0358 0.0314 0.8687 
0.0388 0.0962 0.0414 0.8236 
0.1928 0.6444 0.0409 0.1218 
0.0575 0.5980 0.0490 0.2955 
0.2352 0.2568 0.2591 0.2489 
0.2770 0.0647 0.5970 0.0613 
0.1045 0.0639 0.6597 0.1718 
0.7355 0.0884 0.0993 0.0768 
0.8782 0.0375 0.0217 0.0626 
0.4027 0.1741 0.2472 0.1759 
0.2492 0.2458 0.2235 0.2815 
0.2498 0.2444 0.2711 0.2347 

MOTIF filter6 
letter-probability matrix: alength= 4 w= 16 nsites= 16 
0.2191 0.2075 0.1576 0.4158 
0.1667 0.1753 0.4119 0.2461 
0.2848 0.2634 0.1906 0.2612 
0.0743 0.7688 0.0566 0.1004 
0.0922 0.5857 0.0531 0.2690 
0.6408 0.0557 0.0583 0.2453 
0.1682 0.0065 0.0184 0.8070 
0.7457 0.0324 0.0291 0.1928 
0.2118 0.0607 0.0451 0.6824 
0.8128 0.0093 0.0130 0.1649 
0.2250 0.0276 0.0335 0.7139 
0.2809 0.0548 0.6084 0.0559 
0.0810 0.0579 0.8117 0.0494 
0.2349 0.2152 0.2576 0.2923 
0.2599 0.4100 0.1824 0.1477 
0.4426 0.1241 0.1958 0.2375 

MOTIF filter7 
letter-probability matrix: alength= 4 w= 11 nsites= 11 
0.1896 0.0937 0.4540 0.2628 
0.1656 0.4092 0.1941 0.2311 
0.2537 0.3451 0.2410 0.1602 
0.5100 0.0181 0.4224 0.0495 
0.0913 0.1245 0.0225 0.7617 
0.0101 0.7947 0.1892 0.0060 
0.8271 0.0234 0.0671 0.0825 
0.0004 0.2135 0.0105 0.7756 
0.0515 0.2963 0.5085 0.1437 
0.2155 0.0605 0.5513 0.1727 
0.1318 0.3798 0.1307 0.3577 

MOTIF filter8 
letter-probability matrix: alength= 4 w= 13 nsites= 13 
0.2440 0.2311 0.2349 0.2900 
0.2383 0.2185 0.3089 0.2344 
0.3341 0.2868 0.3026 0.0765 
0.0878 0.0550 0.0832 0.7740 
0.0874 0.0434 0.7381 0.1312 
0.8357 0.0317 0.0391 0.0935 
0.0874 0.4130 0.4163 0.0833 
0.0810 0.0793 0.0606 0.7791 
0.1304 0.7108 0.0529 0.1059 
0.7638 0.0579 0.0775 0.1007 
0.0710 0.3184 0.2834 0.3272 
0.2320 0.3003 0.2290 0.2387 
0.2629 0.2334 0.2518 0.2519 

MOTIF filter9 
letter-probability matrix: alength= 4 w= 11 nsites= 11 
0.1168 0.1660 0.5111 0.2061 
0.0177 0.3660 0.4091 0.2072 
0.1307 0.4264 0.2111 0.2318 
0.0569 0.4417 0.4706 0.0308 
0.0010 0.5552 0.4407 0.0031 
0.1495 0.0753 0.4403 0.3349 
0.0325 0.6551 0.2990 0.0134 
0.0427 0.6400 0.2885 0.0289 
0.0397 0.4149 0.3082 0.2372 
0.1162 0.4873 0.2824 0.1142 
0.1647 0.4313 0.2043 0.1997 

MOTIF filter10 
letter-probability matrix: alength= 4 w= 14 nsites= 14 
0.2559 0.2098 0.2878 0.2464 
0.2261 0.1769 0.1813 0.4158 
0.1388 0.1635 0.6068 0.0909 
0.0904 0.8396 0.0031 0.0669 
0.1807 0.4313 0.0028 0.3852 
0.3674 0.2011 0.2925 0.1390 
0.4493 0.0185 0.2642 0.2680 
0.2325 0.2073 0.3790 0.1813 
0.1728 0.1094 0.1251 0.5927 
0.1017 0.4815 0.2474 0.1694 
0.4748 0.0348 0.3383 0.1522 
0.0595 0.0072 0.8708 0.0626 
0.0667 0.8038 0.0597 0.0698 
0.7732 0.0623 0.0765 0.0881 

MOTIF filter11 
letter-probability matrix: alength= 4 w= 12 nsites= 12 
0.2284 0.3341 0.2199 0.2176 
0.3034 0.3254 0.2124 0.1588 
0.3340 0.2318 0.2331 0.2011 
0.0489 0.6711 0.0050 0.2749 
0.8490 0.0145 0.0755 0.0611 
0.0140 0.6414 0.0244 0.3202 
0.2923 0.0008 0.6768 0.0301 
0.0999 0.0784 0.0497 0.7720 
0.0828 0.0395 0.8154 0.0622 
0.1828 0.2352 0.3713 0.2107 
0.1967 0.2395 0.2315 0.3323 
0.2507 0.2937 0.2284 0.2272 

MOTIF filter12 
letter-probability matrix: alength= 4 w= 14 nsites= 14 
0.2446 0.2383 0.2567 0.2604 
0.2597 0.2695 0.2270 0.2438 
0.4161 0.1563 0.3358 0.0917 
0.0702 0.0826 0.0652 0.7820 
0.0634 0.0375 0.1790 0.7200 
0.2969 0.0417 0.4651 0.1964 
0.1004 0.5966 0.1062 0.1968 
0.2010 0.1568 0.5737 0.0685 
0.2052 0.5184 0.0066 0.2699 
0.7998 0.1244 0.0120 0.0638 
0.9262 0.0210 0.0426 0.0102 
0.0838 0.3141 0.1629 0.4392 
0.2591 0.2746 0.2500 0.2163 
0.2694 0.2308 0.2449 0.2549 

MOTIF filter13 
letter-probability matrix: alength= 4 w= 13 nsites= 13 
0.2677 0.1841 0.2966 0.2516 
0.3787 0.1628 0.2212 0.2373 
0.0960 0.3284 0.2101 0.3655 
0.0211 0.1397 0.1424 0.6968 
0.0689 0.1191 0.7569 0.0552 
0.6019 0.0004 0.3860 0.0117 
0.0004 0.4822 0.0000 0.5174 
0.0719 0.4784 0.0000 0.4497 
0.4059 0.0297 0.5383 0.0261 
0.2331 0.0696 0.6663 0.0310 
0.1424 0.2715 0.0846 0.5015 
0.1468 0.3526 0.2611 0.2396 
0.2637 0.2476 0.2335 0.2551 

MOTIF filter14 
letter-probability matrix: alength= 4 w= 11 nsites= 11 
0.3856 0.0997 0.1731 0.3416 
0.3440 0.1647 0.0746 0.4168 
0.2197 0.3633 0.0464 0.3705 
0.1359 0.1502 0.0253 0.6886 
0.2296 0.0002 0.7676 0.0026 
0.2053 0.5897 0.1118 0.0933 
0.2077 0.0145 0.0955 0.6823 
0.2551 0.0157 0.7083 0.0209 
0.4948 0.2033 0.1325 0.1695 
0.1456 0.3918 0.0923 0.3703 
0.4272 0.3880 0.0760 0.1088 

MOTIF filter15 
letter-probability matrix: alength= 4 w= 12 nsites= 12 
0.1061 0.4060 0.2258 0.2622 
0.1405 0.4990 0.1744 0.1861 
0.5608 0.0943 0.2576 0.0872 
0.0397 0.8302 0.0813 0.0488 
0.1152 0.0657 0.1139 0.7053 
0.0481 0.0078 0.0924 0.8517 
0.0468 0.6070 0.3396 0.0065 
0.0137 0.9623 0.0020 0.0221 
0.0052 0.0000 0.9519 0.0429 
0.0059 0.4099 0.4249 0.1594 
0.4320 0.2739 0.0735 0.2206 
0.1861 0.2876 0.2349 0.2915 

