MEME version 4

ALPHABET= ACGT

Background letter frequencies:
A 0.2500 C 0.2500 G 0.2500 T 0.2500 

MOTIF filter0 
letter-probability matrix: alength= 4 w= 15 nsites= 15 
0.2424 0.2594 0.2402 0.2580 
0.2718 0.2101 0.2420 0.2761 
0.1716 0.2690 0.1787 0.3807 
0.0772 0.0467 0.0451 0.8311 
0.0879 0.0946 0.0769 0.7406 
0.2100 0.6575 0.0507 0.0818 
0.0873 0.5664 0.0471 0.2992 
0.2619 0.2408 0.2467 0.2506 
0.3037 0.0288 0.5763 0.0912 
0.0767 0.0465 0.6842 0.1926 
0.7382 0.0788 0.0964 0.0865 
0.8698 0.0410 0.0251 0.0642 
0.3918 0.1746 0.2621 0.1714 
0.2475 0.2486 0.2177 0.2861 
0.2420 0.2482 0.2756 0.2342 

MOTIF filter1 
letter-probability matrix: alength= 4 w= 12 nsites= 12 
0.2547 0.2520 0.2478 0.2456 
0.3387 0.2235 0.2559 0.1818 
0.2521 0.2860 0.2680 0.1939 
0.0835 0.8519 0.0214 0.0433 
0.7975 0.0278 0.0692 0.1056 
0.0309 0.6853 0.0342 0.2495 
0.1897 0.0283 0.7408 0.0412 
0.0662 0.1049 0.0337 0.7952 
0.0646 0.0269 0.8309 0.0776 
0.2066 0.2668 0.2905 0.2361 
0.1979 0.2636 0.2154 0.3231 
0.2466 0.2516 0.2495 0.2523 

MOTIF filter2 
letter-probability matrix: alength= 4 w= 13 nsites= 13 
0.1924 0.2594 0.2911 0.2571 
0.2727 0.2438 0.3341 0.1493 
0.2800 0.2534 0.2848 0.1818 
0.0090 0.5538 0.0773 0.3599 
0.0109 0.5977 0.3237 0.0678 
0.8225 0.0110 0.0807 0.0858 
0.4917 0.0231 0.0703 0.4148 
0.0649 0.1076 0.0036 0.8240 
0.0862 0.3751 0.5251 0.0136 
0.5040 0.0451 0.4291 0.0219 
0.1853 0.2700 0.2516 0.2931 
0.1794 0.2851 0.2399 0.2956 
0.2593 0.3076 0.2202 0.2129 

MOTIF filter3 
letter-probability matrix: alength= 4 w= 13 nsites= 13 
0.2335 0.2196 0.2292 0.3177 
0.2153 0.2191 0.3153 0.2503 
0.3024 0.3248 0.2737 0.0990 
0.1229 0.0588 0.0235 0.7948 
0.1017 0.0618 0.6749 0.1616 
0.8249 0.0398 0.0542 0.0810 
0.0923 0.3996 0.4075 0.1006 
0.0776 0.0805 0.0390 0.8029 
0.1237 0.7233 0.0514 0.1016 
0.7956 0.0313 0.0856 0.0874 
0.0790 0.2877 0.3116 0.3217 
0.2268 0.3234 0.2149 0.2349 
0.2844 0.2261 0.2388 0.2507 

MOTIF filter4 
letter-probability matrix: alength= 4 w= 13 nsites= 13 
0.2785 0.2665 0.2821 0.1729 
0.2028 0.1176 0.5134 0.1662 
0.1020 0.6377 0.1537 0.1065 
0.0325 0.8770 0.0579 0.0325 
0.9452 0.0009 0.0152 0.0388 
0.4764 0.0134 0.1328 0.3775 
0.1551 0.4149 0.2513 0.1787 
0.2709 0.1083 0.0209 0.5998 
0.0098 0.0116 0.0009 0.9777 
0.0490 0.0842 0.8298 0.0370 
0.1324 0.1796 0.5486 0.1395 
0.1622 0.4933 0.1159 0.2286 
0.1760 0.2487 0.2963 0.2790 

MOTIF filter5 
letter-probability matrix: alength= 4 w= 13 nsites= 13 
0.3126 0.1542 0.3487 0.1844 
0.2571 0.1315 0.4937 0.1178 
0.1910 0.1294 0.5759 0.1037 
0.1003 0.0526 0.6303 0.2167 
0.0433 0.2864 0.4853 0.1850 
0.1709 0.6727 0.0922 0.0642 
0.1313 0.6274 0.1588 0.0825 
0.1267 0.5260 0.2789 0.0684 
0.3293 0.0225 0.4241 0.2240 
0.0037 0.2549 0.6539 0.0876 
0.4528 0.3543 0.1884 0.0045 
0.0570 0.5797 0.1582 0.2051 
0.2818 0.5129 0.0196 0.1858 

MOTIF filter6 
letter-probability matrix: alength= 4 w= 12 nsites= 12 
0.2453 0.1033 0.2488 0.4026 
0.0480 0.5012 0.3827 0.0681 
0.1278 0.1901 0.1927 0.4894 
0.2907 0.1397 0.5623 0.0072 
0.2562 0.6655 0.0745 0.0038 
0.0000 0.4208 0.2244 0.3548 
0.2512 0.1293 0.0487 0.5708 
0.2553 0.0496 0.6947 0.0005 
0.0000 0.0661 0.8513 0.0826 
0.2282 0.4106 0.0797 0.2815 
0.1919 0.2358 0.2967 0.2756 
0.1558 0.2791 0.4484 0.1167 

MOTIF filter7 
letter-probability matrix: alength= 4 w= 9 nsites= 9 
0.2289 0.5094 0.2294 0.0323 
0.2832 0.1818 0.3279 0.2071 
0.1613 0.0282 0.2354 0.5751 
0.0810 0.5636 0.3472 0.0082 
0.0684 0.9286 0.0030 0.0000 
0.0163 0.0056 0.8513 0.1268 
0.0060 0.3705 0.4646 0.1590 
0.4956 0.2363 0.0513 0.2168 
0.2175 0.2917 0.2278 0.2631 

MOTIF filter8 
letter-probability matrix: alength= 4 w= 11 nsites= 11 
0.1860 0.2349 0.3374 0.2417 
0.2444 0.1182 0.4657 0.1717 
0.4045 0.1011 0.2546 0.2398 
0.5185 0.0389 0.4241 0.0185 
0.6404 0.0284 0.3070 0.0241 
0.4734 0.0653 0.4388 0.0225 
0.0000 0.3044 0.0000 0.6956 
0.0183 0.0477 0.9021 0.0318 
0.4602 0.3386 0.0000 0.2012 
0.3754 0.2346 0.1456 0.2444 
0.3000 0.1589 0.3377 0.2034 

MOTIF filter9 
letter-probability matrix: alength= 4 w= 16 nsites= 16 
0.2328 0.2246 0.2180 0.3246 
0.1964 0.1593 0.4045 0.2399 
0.3176 0.3008 0.1999 0.1816 
0.0911 0.6839 0.1017 0.1232 
0.0987 0.6394 0.1701 0.0918 
0.4650 0.1099 0.1855 0.2395 
0.0494 0.3077 0.0004 0.6426 
0.7340 0.0444 0.2179 0.0037 
0.0341 0.2331 0.0041 0.7287 
0.6813 0.0511 0.2065 0.0611 
0.3256 0.0036 0.1559 0.5149 
0.0543 0.0959 0.7694 0.0804 
0.1246 0.0485 0.7809 0.0460 
0.1532 0.2457 0.2658 0.3352 
0.2488 0.4528 0.0941 0.2044 
0.4600 0.1337 0.1538 0.2525 

MOTIF filter10 
letter-probability matrix: alength= 4 w= 11 nsites= 11 
0.3762 0.1410 0.3321 0.1508 
0.4925 0.1095 0.3438 0.0542 
0.0067 0.2204 0.2589 0.5141 
0.0102 0.4507 0.0005 0.5385 
0.5370 0.0122 0.1266 0.3242 
0.4753 0.0873 0.4374 0.0000 
0.3130 0.1515 0.1316 0.4039 
0.0006 0.5030 0.0016 0.4947 
0.3762 0.1392 0.2173 0.2673 
0.3258 0.1665 0.3295 0.1782 
0.2161 0.1970 0.2899 0.2970 

MOTIF filter11 
letter-probability matrix: alength= 4 w= 12 nsites= 12 
0.2608 0.1660 0.2822 0.2910 
0.2626 0.2440 0.2815 0.2120 
0.2855 0.2003 0.3020 0.2123 
0.2249 0.1054 0.6697 0.0000 
0.3817 0.4427 0.0000 0.1756 
0.4137 0.3926 0.0000 0.1938 
0.5663 0.3282 0.0000 0.1054 
0.2772 0.0000 0.3105 0.4123 
0.0028 0.0199 0.4493 0.5280 
0.4397 0.0000 0.3418 0.2185 
0.0000 0.3532 0.3276 0.3192 
0.2225 0.2764 0.1677 0.3334 

MOTIF filter12 
letter-probability matrix: alength= 4 w= 14 nsites= 14 
0.2631 0.2663 0.2393 0.2313 
0.1853 0.1408 0.3104 0.3636 
0.1689 0.5615 0.0560 0.2136 
0.0704 0.1299 0.0725 0.7272 
0.7646 0.0321 0.0995 0.1038 
0.3461 0.0221 0.0786 0.5532 
0.4167 0.0750 0.0584 0.4498 
0.4498 0.0514 0.0755 0.4232 
0.5834 0.0232 0.0412 0.3522 
0.0838 0.0694 0.0720 0.7748 
0.8037 0.0690 0.0695 0.0577 
0.2340 0.0755 0.5375 0.1530 
0.3527 0.3154 0.1488 0.1831 
0.2234 0.2480 0.2667 0.2620 

MOTIF filter13 
letter-probability matrix: alength= 4 w= 13 nsites= 13 
0.2340 0.3124 0.2235 0.2301 
0.3426 0.1507 0.2404 0.2662 
0.0922 0.2559 0.1162 0.5357 
0.0591 0.0944 0.1225 0.7241 
0.1034 0.3787 0.0538 0.4641 
0.0078 0.9043 0.0608 0.0271 
0.1106 0.7611 0.0593 0.0690 
0.1190 0.0127 0.7459 0.1225 
0.0043 0.0622 0.9033 0.0302 
0.5761 0.0649 0.2978 0.0612 
0.6106 0.1484 0.0788 0.1622 
0.4509 0.1667 0.3007 0.0817 
0.2504 0.2500 0.1819 0.3177 

MOTIF filter14 
letter-probability matrix: alength= 4 w= 10 nsites= 10 
0.4537 0.0350 0.1560 0.3553 
0.3467 0.2670 0.1132 0.2731 
0.3308 0.1906 0.0020 0.4766 
0.2391 0.0000 0.7601 0.0008 
0.4386 0.5508 0.0105 0.0000 
0.1319 0.0734 0.0656 0.7291 
0.0243 0.1506 0.8218 0.0034 
0.3941 0.1971 0.3109 0.0979 
0.0983 0.5936 0.1776 0.1305 
0.3348 0.3123 0.2188 0.1341 

MOTIF filter15 
letter-probability matrix: alength= 4 w= 14 nsites= 14 
0.2209 0.2164 0.3189 0.2437 
0.2484 0.1932 0.2630 0.2953 
0.1439 0.5473 0.1168 0.1919 
0.0937 0.3711 0.0169 0.5183 
0.6385 0.0536 0.0147 0.2931 
0.3094 0.0117 0.0333 0.6455 
0.5700 0.0435 0.0147 0.3718 
0.3649 0.0329 0.0784 0.5238 
0.6012 0.0453 0.0020 0.3514 
0.2023 0.1503 0.0660 0.5815 
0.5368 0.0646 0.3434 0.0552 
0.1649 0.0253 0.6717 0.1381 
0.2619 0.2946 0.2162 0.2272 
0.3119 0.2864 0.2131 0.1886 

