MEME version 4

ALPHABET= ACGT

Background letter frequencies:
A 0.2500 C 0.2500 G 0.2500 T 0.2500 

MOTIF filter0 
letter-probability matrix: alength= 4 w= 12 nsites= 12 
0.4889 0.1311 0.2549 0.1252 
0.2372 0.5891 0.0708 0.1029 
0.2117 0.1645 0.2045 0.4194 
0.0904 0.0223 0.0321 0.8552 
0.0039 0.7503 0.2457 0.0000 
0.0793 0.9207 0.0000 0.0000 
0.0007 0.0007 0.8578 0.1409 
0.0000 0.2916 0.6789 0.0295 
0.8204 0.0524 0.0210 0.1062 
0.3834 0.2163 0.1278 0.2726 
0.0891 0.1304 0.5321 0.2484 
0.1422 0.2097 0.1396 0.5085 

MOTIF filter1 
letter-probability matrix: alength= 4 w= 10 nsites= 10 
0.1158 0.4432 0.1417 0.2993 
0.3597 0.3728 0.2357 0.0318 
0.2970 0.0814 0.2652 0.3563 
0.0830 0.0974 0.0105 0.8091 
0.1862 0.1788 0.6219 0.0131 
0.0097 0.8413 0.0094 0.1396 
0.3355 0.0264 0.5492 0.0888 
0.0980 0.4021 0.1554 0.3444 
0.4824 0.0048 0.5116 0.0011 
0.0000 0.1356 0.6814 0.1830 

MOTIF filter2 
letter-probability matrix: alength= 4 w= 15 nsites= 15 
0.2489 0.3160 0.2321 0.2030 
0.2513 0.2586 0.2680 0.2221 
0.1094 0.3254 0.3519 0.2134 
0.0221 0.5699 0.1298 0.2781 
0.0322 0.6186 0.0594 0.2898 
0.0329 0.8947 0.0456 0.0268 
0.0144 0.9396 0.0392 0.0067 
0.1570 0.2207 0.3650 0.2573 
0.0121 0.7796 0.1127 0.0956 
0.0060 0.8906 0.0503 0.0530 
0.0084 0.6602 0.0466 0.2848 
0.1677 0.6226 0.0195 0.1902 
0.1037 0.5015 0.1342 0.2607 
0.2197 0.3247 0.2221 0.2335 
0.2617 0.2868 0.2130 0.2385 

MOTIF filter3 
letter-probability matrix: alength= 4 w= 10 nsites= 10 
0.2318 0.2359 0.2393 0.2930 
0.2461 0.2057 0.3339 0.2143 
0.3468 0.2774 0.3103 0.0654 
0.0399 0.0846 0.0314 0.8441 
0.0359 0.1102 0.7479 0.1059 
0.9091 0.0110 0.0633 0.0166 
0.0756 0.4211 0.4164 0.0869 
0.0778 0.1052 0.0262 0.7907 
0.1304 0.6318 0.1312 0.1065 
0.7133 0.0754 0.1059 0.1054 

MOTIF filter4 
letter-probability matrix: alength= 4 w= 12 nsites= 12 
0.2458 0.1557 0.4336 0.1648 
0.2311 0.0372 0.5316 0.2002 
0.2782 0.0871 0.5540 0.0807 
0.1016 0.1209 0.7593 0.0183 
0.0649 0.2011 0.6974 0.0365 
0.2793 0.3702 0.1681 0.1823 
0.0747 0.0683 0.8119 0.0450 
0.0309 0.0395 0.9142 0.0154 
0.3039 0.0172 0.6042 0.0747 
0.3290 0.1378 0.5181 0.0150 
0.2321 0.3179 0.3204 0.1295 
0.2180 0.2563 0.2833 0.2424 

MOTIF filter5 
letter-probability matrix: alength= 4 w= 10 nsites= 10 
0.1816 0.3148 0.2436 0.2600 
0.2777 0.2102 0.2871 0.2251 
0.2460 0.1959 0.3832 0.1749 
0.0006 0.4751 0.1268 0.3975 
0.0100 0.6432 0.3397 0.0070 
0.8449 0.0663 0.0213 0.0675 
0.3914 0.0040 0.0027 0.6019 
0.0000 0.0000 0.1502 0.8498 
0.0000 0.1016 0.8984 0.0000 
0.2661 0.0252 0.7074 0.0012 

MOTIF filter6 
letter-probability matrix: alength= 4 w= 13 nsites= 13 
0.2829 0.1125 0.2852 0.3194 
0.4822 0.0593 0.1338 0.3246 
0.1671 0.2098 0.2886 0.3346 
0.0365 0.0000 0.3066 0.6569 
0.1049 0.8187 0.0014 0.0750 
0.6127 0.0000 0.0005 0.3868 
0.0024 0.0009 0.9492 0.0475 
0.2705 0.7290 0.0000 0.0005 
0.6626 0.0717 0.0356 0.2302 
0.3887 0.1552 0.2050 0.2511 
0.5259 0.0693 0.0095 0.3953 
0.3631 0.1077 0.1011 0.4281 
0.2871 0.1077 0.1671 0.4381 

MOTIF filter7 
letter-probability matrix: alength= 4 w= 13 nsites= 13 
0.3290 0.1732 0.1770 0.3208 
0.2148 0.2894 0.1975 0.2983 
0.2352 0.1417 0.1597 0.4635 
0.3696 0.0535 0.5260 0.0510 
0.5148 0.2408 0.0858 0.1585 
0.1052 0.1111 0.0090 0.7746 
0.0002 0.4897 0.0796 0.4305 
0.5461 0.0004 0.4527 0.0008 
0.2146 0.2306 0.5336 0.0212 
0.0071 0.1726 0.0071 0.8132 
0.0519 0.4656 0.4143 0.0682 
0.5075 0.0994 0.2606 0.1325 
0.1088 0.1268 0.5942 0.1703 

MOTIF filter8 
letter-probability matrix: alength= 4 w= 10 nsites= 10 
0.2618 0.2416 0.2508 0.2458 
0.2418 0.2778 0.2279 0.2525 
0.3883 0.2195 0.3325 0.0597 
0.0497 0.0495 0.0516 0.8491 
0.0376 0.0374 0.1631 0.7619 
0.3051 0.0217 0.4949 0.1783 
0.0709 0.6531 0.0534 0.2226 
0.2218 0.0556 0.6601 0.0625 
0.1733 0.4950 0.0291 0.3027 
0.7640 0.1540 0.0388 0.0433 

MOTIF filter9 
letter-probability matrix: alength= 4 w= 11 nsites= 11 
0.1332 0.2046 0.4388 0.2233 
0.3412 0.2989 0.2010 0.1590 
0.1461 0.5455 0.2124 0.0960 
0.0115 0.9398 0.0336 0.0151 
0.4582 0.2121 0.0235 0.3062 
0.2561 0.0367 0.1357 0.5715 
0.9952 0.0000 0.0048 0.0000 
0.0000 0.0512 0.0045 0.9443 
0.6826 0.1651 0.0067 0.1455 
0.3921 0.0263 0.1355 0.4461 
0.0386 0.1013 0.7935 0.0666 

MOTIF filter10 
letter-probability matrix: alength= 4 w= 11 nsites= 11 
0.1988 0.3180 0.2257 0.2574 
0.2418 0.1763 0.3778 0.2040 
0.2799 0.1890 0.4502 0.0808 
0.6462 0.0009 0.0349 0.3180 
0.0000 0.0996 0.0035 0.8970 
0.0000 0.4413 0.0124 0.5463 
0.6410 0.0439 0.3152 0.0000 
0.9633 0.0055 0.0312 0.0000 
0.2418 0.0470 0.0043 0.7068 
0.0866 0.5001 0.1700 0.2433 
0.2730 0.3322 0.1746 0.2202 

MOTIF filter11 
letter-probability matrix: alength= 4 w= 14 nsites= 14 
0.2422 0.2698 0.2319 0.2561 
0.2946 0.2008 0.2631 0.2414 
0.1571 0.2731 0.1778 0.3919 
0.0429 0.0145 0.0300 0.9126 
0.0540 0.0598 0.0834 0.8027 
0.2050 0.7251 0.0458 0.0242 
0.0789 0.6474 0.0213 0.2524 
0.2286 0.2308 0.3089 0.2317 
0.2723 0.0410 0.6319 0.0549 
0.0449 0.0520 0.7151 0.1880 
0.7540 0.0787 0.0874 0.0799 
0.8580 0.0427 0.0325 0.0669 
0.3863 0.1783 0.2683 0.1671 
0.2350 0.2528 0.2352 0.2770 

MOTIF filter12 
letter-probability matrix: alength= 4 w= 12 nsites= 12 
0.2436 0.2718 0.2417 0.2429 
0.3656 0.2248 0.2397 0.1698 
0.2349 0.3063 0.2789 0.1799 
0.0727 0.8124 0.0265 0.0883 
0.7609 0.0806 0.0984 0.0601 
0.0333 0.7389 0.0279 0.1999 
0.1933 0.0253 0.7530 0.0284 
0.0698 0.1052 0.0447 0.7803 
0.1075 0.0312 0.8194 0.0419 
0.1807 0.2977 0.2961 0.2254 
0.1894 0.2657 0.2043 0.3406 
0.2370 0.2697 0.2459 0.2474 

MOTIF filter13 
letter-probability matrix: alength= 4 w= 12 nsites= 12 
0.1403 0.1321 0.4574 0.2703 
0.3277 0.3467 0.1772 0.1484 
0.1928 0.3956 0.3732 0.0385 
0.1224 0.6154 0.2424 0.0197 
0.1689 0.0771 0.3427 0.4113 
0.0144 0.4522 0.2309 0.3025 
0.2959 0.4710 0.2314 0.0017 
0.0002 0.7517 0.1725 0.0756 
0.2199 0.0500 0.6975 0.0326 
0.1774 0.4160 0.0760 0.3306 
0.1105 0.1096 0.7724 0.0076 
0.0000 0.0900 0.8033 0.1067 

MOTIF filter14 
letter-probability matrix: alength= 4 w= 11 nsites= 11 
0.2362 0.1866 0.2613 0.3159 
0.1490 0.5974 0.0510 0.2027 
0.1101 0.2543 0.0706 0.5651 
0.7104 0.0511 0.0373 0.2012 
0.2889 0.0016 0.0378 0.6716 
0.5107 0.0235 0.0184 0.4474 
0.4323 0.0032 0.0617 0.5028 
0.6838 0.0072 0.0084 0.3006 
0.1779 0.0297 0.0414 0.7510 
0.5523 0.0652 0.3045 0.0779 
0.1822 0.0730 0.6134 0.1314 

MOTIF filter15 
letter-probability matrix: alength= 4 w= 11 nsites= 11 
0.2656 0.2683 0.2785 0.1876 
0.1913 0.0982 0.5256 0.1849 
0.1185 0.6219 0.1618 0.0977 
0.0452 0.9004 0.0295 0.0249 
0.9733 0.0009 0.0240 0.0018 
0.4578 0.0092 0.0355 0.4975 
0.1853 0.2951 0.3306 0.1890 
0.4864 0.0438 0.0111 0.4587 
0.0124 0.0106 0.0074 0.9696 
0.0576 0.0655 0.7981 0.0788 
0.1272 0.1738 0.5625 0.1365 

