MEME version 4

ALPHABET= ACGT

Background letter frequencies:
A 0.2500 C 0.2500 G 0.2500 T 0.2500 

MOTIF filter0 
letter-probability matrix: alength= 4 w= 13 nsites= 13 
0.2816 0.2835 0.2434 0.1915 
0.1902 0.0876 0.5463 0.1758 
0.1518 0.5072 0.2059 0.1352 
0.0488 0.8339 0.0895 0.0278 
0.9524 0.0100 0.0357 0.0019 
0.3470 0.0244 0.0588 0.5698 
0.1824 0.3811 0.2613 0.1752 
0.4315 0.0504 0.0166 0.5016 
0.0034 0.0244 0.0097 0.9625 
0.0516 0.1023 0.7578 0.0882 
0.1890 0.1915 0.4384 0.1812 
0.2018 0.4953 0.0839 0.2190 
0.2234 0.2272 0.2619 0.2875 

MOTIF filter1 
letter-probability matrix: alength= 4 w= 12 nsites= 12 
0.1816 0.2724 0.3416 0.2044 
0.5176 0.0797 0.2483 0.1544 
0.1124 0.3261 0.3570 0.2044 
0.0327 0.0130 0.0611 0.8931 
0.0544 0.8437 0.0865 0.0154 
0.9246 0.0692 0.0000 0.0062 
0.0729 0.0210 0.7591 0.1470 
0.0667 0.8697 0.0000 0.0636 
0.9413 0.0117 0.0031 0.0439 
0.4194 0.1458 0.1606 0.2742 
0.3342 0.1439 0.0432 0.4787 
0.3440 0.1235 0.0982 0.4342 

MOTIF filter2 
letter-probability matrix: alength= 4 w= 12 nsites= 12 
0.2561 0.2478 0.2523 0.2437 
0.3652 0.2089 0.2464 0.1795 
0.2383 0.2769 0.2817 0.2031 
0.0474 0.8753 0.0142 0.0631 
0.8536 0.0401 0.0485 0.0578 
0.0444 0.7621 0.0425 0.1511 
0.1436 0.0291 0.7878 0.0396 
0.0714 0.0564 0.0425 0.8298 
0.0637 0.0217 0.8670 0.0476 
0.2027 0.2712 0.2924 0.2338 
0.2103 0.2571 0.2023 0.3302 
0.2400 0.2640 0.2431 0.2530 

MOTIF filter3 
letter-probability matrix: alength= 4 w= 14 nsites= 14 
0.3017 0.2910 0.1952 0.2121 
0.0789 0.7450 0.0719 0.1042 
0.1035 0.7376 0.0631 0.0958 
0.5776 0.0734 0.1167 0.2323 
0.1361 0.0741 0.0642 0.7255 
0.7967 0.0561 0.1420 0.0051 
0.0015 0.0158 0.0081 0.9747 
0.7530 0.0796 0.0217 0.1457 
0.2800 0.0022 0.1259 0.5919 
0.0143 0.1145 0.7934 0.0778 
0.0081 0.0565 0.9277 0.0077 
0.1769 0.1391 0.3189 0.3651 
0.2594 0.4892 0.1556 0.0958 
0.5736 0.1061 0.0943 0.2261 

MOTIF filter4 
letter-probability matrix: alength= 4 w= 15 nsites= 15 
0.2901 0.1239 0.3394 0.2466 
0.3272 0.1678 0.3475 0.1575 
0.3540 0.1082 0.3842 0.1537 
0.4235 0.0206 0.5061 0.0497 
0.2867 0.0837 0.6281 0.0015 
0.1476 0.2137 0.1636 0.4752 
0.1334 0.4981 0.2722 0.0963 
0.2791 0.0011 0.4908 0.2290 
0.2359 0.0902 0.6739 0.0000 
0.0000 0.3804 0.4912 0.1284 
0.9503 0.0482 0.0015 0.0000 
0.0011 0.5799 0.0401 0.3788 
0.1323 0.5336 0.0443 0.2898 
0.2745 0.1953 0.3502 0.1800 
0.1644 0.3352 0.1158 0.3846 

MOTIF filter5 
letter-probability matrix: alength= 4 w= 10 nsites= 10 
0.1552 0.1306 0.3288 0.3854 
0.2567 0.1778 0.4634 0.1020 
0.6103 0.1714 0.0682 0.1501 
0.0342 0.0040 0.1746 0.7872 
0.0033 0.3441 0.0046 0.6479 
0.8721 0.0046 0.1201 0.0031 
0.8781 0.0648 0.0344 0.0227 
0.2751 0.1521 0.1001 0.4726 
0.2255 0.3088 0.2872 0.1785 
0.2488 0.2876 0.1723 0.2913 

MOTIF filter6 
letter-probability matrix: alength= 4 w= 15 nsites= 15 
0.2121 0.2943 0.2090 0.2846 
0.1152 0.2986 0.2419 0.3443 
0.2983 0.2106 0.3523 0.1388 
0.5485 0.0450 0.3672 0.0393 
0.1070 0.3407 0.0690 0.4833 
0.0000 0.6651 0.3180 0.0169 
0.7679 0.1369 0.0309 0.0643 
0.2696 0.1066 0.4280 0.1957 
0.1237 0.0576 0.0375 0.7812 
0.0004 0.5972 0.4024 0.0000 
0.6029 0.1175 0.1953 0.0843 
0.0803 0.4783 0.0311 0.4102 
0.1321 0.2284 0.3457 0.2938 
0.2997 0.1648 0.3690 0.1665 
0.2862 0.1600 0.2988 0.2551 

MOTIF filter7 
letter-probability matrix: alength= 4 w= 14 nsites= 14 
0.2387 0.3134 0.2311 0.2167 
0.2307 0.3018 0.2523 0.2153 
0.1466 0.3404 0.2840 0.2291 
0.0182 0.5680 0.1322 0.2817 
0.0558 0.6128 0.0312 0.3002 
0.0198 0.8546 0.0837 0.0419 
0.0220 0.7828 0.1280 0.0672 
0.1624 0.2736 0.3113 0.2526 
0.0389 0.7718 0.1157 0.0736 
0.0522 0.7742 0.0882 0.0853 
0.0063 0.6092 0.1114 0.2730 
0.1757 0.5209 0.0754 0.2280 
0.1508 0.4473 0.1455 0.2564 
0.2310 0.2934 0.2346 0.2410 

MOTIF filter8 
letter-probability matrix: alength= 4 w= 14 nsites= 14 
0.1997 0.3575 0.2256 0.2172 
0.3568 0.2144 0.2465 0.1823 
0.3219 0.3897 0.2521 0.0363 
0.0412 0.0328 0.0398 0.8862 
0.0258 0.0133 0.0307 0.9302 
0.1613 0.3946 0.4141 0.0300 
0.0000 0.9902 0.0000 0.0098 
0.0286 0.0000 0.9707 0.0007 
0.0384 0.4679 0.3450 0.1487 
0.8638 0.0712 0.0223 0.0426 
0.8366 0.0447 0.0580 0.0608 
0.0377 0.2758 0.3547 0.3317 
0.1948 0.2898 0.1941 0.3212 
0.2297 0.2053 0.3457 0.2193 

MOTIF filter9 
letter-probability matrix: alength= 4 w= 14 nsites= 14 
0.2563 0.2479 0.2494 0.2464 
0.2555 0.1325 0.4710 0.1409 
0.2093 0.0367 0.5821 0.1719 
0.2788 0.0726 0.6360 0.0126 
0.1089 0.0814 0.7995 0.0103 
0.0646 0.1245 0.7968 0.0141 
0.2987 0.3457 0.1967 0.1589 
0.0710 0.0180 0.8950 0.0160 
0.0248 0.0046 0.9461 0.0244 
0.3319 0.0050 0.6303 0.0328 
0.3617 0.0317 0.5963 0.0103 
0.2445 0.2135 0.4206 0.1215 
0.2555 0.1646 0.3266 0.2532 
0.2475 0.1795 0.3598 0.2131 

MOTIF filter10 
letter-probability matrix: alength= 4 w= 15 nsites= 15 
0.2596 0.2536 0.2230 0.2638 
0.3171 0.2254 0.2446 0.2128 
0.1637 0.2710 0.1493 0.4161 
0.0192 0.0108 0.0072 0.9628 
0.0144 0.0252 0.0336 0.9269 
0.0941 0.8969 0.0024 0.0066 
0.0228 0.7662 0.0024 0.2086 
0.2362 0.2404 0.2884 0.2350 
0.2248 0.0138 0.7356 0.0258 
0.0222 0.0174 0.8327 0.1277 
0.8855 0.0468 0.0384 0.0294 
0.9526 0.0174 0.0078 0.0222 
0.4221 0.1763 0.2362 0.1655 
0.2380 0.2674 0.2308 0.2638 
0.2524 0.2386 0.2590 0.2500 

MOTIF filter11 
letter-probability matrix: alength= 4 w= 12 nsites= 12 
0.2381 0.2415 0.2387 0.2818 
0.2340 0.2143 0.3291 0.2226 
0.3535 0.2483 0.3070 0.0911 
0.0311 0.0390 0.0339 0.8961 
0.0347 0.0272 0.7879 0.1502 
0.8933 0.0276 0.0491 0.0300 
0.1161 0.4118 0.4099 0.0621 
0.0334 0.0534 0.0281 0.8852 
0.0941 0.8112 0.0474 0.0474 
0.8543 0.0452 0.0478 0.0527 
0.1058 0.3210 0.2393 0.3338 
0.2366 0.3165 0.2117 0.2353 

MOTIF filter12 
letter-probability matrix: alength= 4 w= 16 nsites= 16 
0.2070 0.1809 0.1644 0.4478 
0.1373 0.1136 0.5145 0.2345 
0.3254 0.2838 0.1838 0.2070 
0.0464 0.8680 0.0116 0.0740 
0.0701 0.6262 0.0832 0.2205 
0.7244 0.0271 0.0546 0.1939 
0.1015 0.0005 0.0029 0.8951 
0.8172 0.0861 0.0624 0.0343 
0.1823 0.0334 0.1204 0.6639 
0.9734 0.0053 0.0000 0.0213 
0.1867 0.0677 0.0145 0.7311 
0.1871 0.0382 0.7718 0.0029 
0.0102 0.0019 0.9850 0.0029 
0.1852 0.2519 0.2563 0.3066 
0.2181 0.4821 0.1770 0.1228 
0.4995 0.0837 0.2224 0.1944 

MOTIF filter13 
letter-probability matrix: alength= 4 w= 16 nsites= 16 
0.2434 0.2423 0.2434 0.2708 
0.2436 0.2708 0.2636 0.2220 
0.2216 0.1199 0.2975 0.3610 
0.1549 0.6291 0.0335 0.1824 
0.0588 0.1608 0.0383 0.7421 
0.8312 0.0370 0.0189 0.1129 
0.3181 0.0136 0.0172 0.6511 
0.4588 0.0660 0.0227 0.4524 
0.4271 0.0246 0.0513 0.4970 
0.6341 0.0324 0.0114 0.3221 
0.1060 0.0295 0.0918 0.7727 
0.7038 0.0517 0.1529 0.0917 
0.1738 0.0429 0.6420 0.1413 
0.3478 0.3087 0.1602 0.1833 
0.2438 0.2599 0.2577 0.2385 
0.2845 0.2279 0.2495 0.2381 

MOTIF filter14 
letter-probability matrix: alength= 4 w= 14 nsites= 14 
0.2038 0.2804 0.3056 0.2101 
0.3417 0.2129 0.2884 0.1570 
0.2646 0.2082 0.2785 0.2487 
0.0337 0.7997 0.0843 0.0824 
0.0331 0.4958 0.0150 0.4561 
0.4878 0.1321 0.2807 0.0993 
0.9475 0.0189 0.0309 0.0027 
0.0033 0.0260 0.0066 0.9642 
0.1146 0.2161 0.1327 0.5365 
0.3811 0.0279 0.5360 0.0550 
0.0662 0.0539 0.8627 0.0172 
0.2104 0.2974 0.1718 0.3204 
0.1663 0.3316 0.1973 0.3048 
0.2503 0.3302 0.2331 0.1863 

MOTIF filter15 
letter-probability matrix: alength= 4 w= 14 nsites= 14 
0.2519 0.2942 0.2340 0.2199 
0.4699 0.0761 0.1720 0.2820 
0.5536 0.0357 0.1071 0.3036 
0.4643 0.0404 0.0611 0.4342 
0.2312 0.2265 0.2256 0.3167 
0.0545 0.0150 0.0122 0.9182 
0.0085 0.0028 0.9868 0.0019 
0.0395 0.9549 0.0009 0.0047 
0.0602 0.1024 0.0451 0.7923 
0.0526 0.1128 0.7923 0.0423 
0.8882 0.0489 0.0479 0.0150 
0.0667 0.3910 0.2152 0.3271 
0.3271 0.2002 0.1607 0.3120 
0.1758 0.1711 0.2002 0.4530 

