<!DOCTYPE HTML>
<html>
  <head>
    <meta charset="UTF-8">
    <title>Tomtom Results</title>
    <script>
      // @JSON_VAR data
      var data = {
        "program": "Tomtom",
        "version": "5.3.3",
        "release": "Sun Feb 7 15:39:52 2021 -0800",
        "cmd": [
          "tomtom", "-evalue", "-thresh", "0.1", "-o",
          "results/pools/model-004/trial-5",
          "motifs/pools/model-004/trial-5.txt", "./motif_database.txt"
        ],
        "options": {
          "strands": "both",
          "distance_measure": "ed",
          "threshold_type": "evalue",
          "threshold_value": 0.1,
          "background_source": "--query--"
        },
        "alphabet": {
          "name": "DNA",
          "like": "dna",
          "ncore": 4,
          "symbols": [
            {
              "symbol": "A",
              "name": "Adenine",
              "colour": "CC0000",
              "complement": "T"
            }, {
              "symbol": "C",
              "name": "Cytosine",
              "colour": "0000CC",
              "complement": "G"
            }, {
              "symbol": "G",
              "name": "Guanine",
              "colour": "FFB300",
              "complement": "C"
            }, {
              "symbol": "T",
              "aliases": "U",
              "name": "Thymine",
              "colour": "008000",
              "complement": "A"
            }, {
              "symbol": "N",
              "aliases": "X.",
              "name": "Any base",
              "equals": "ACGT"
            }, {
              "symbol": "V",
              "name": "Not T",
              "equals": "ACG"
            }, {
              "symbol": "H",
              "name": "Not G",
              "equals": "ACT"
            }, {
              "symbol": "D",
              "name": "Not C",
              "equals": "AGT"
            }, {
              "symbol": "B",
              "name": "Not A",
              "equals": "CGT"
            }, {
              "symbol": "M",
              "name": "Amino",
              "equals": "AC"
            }, {
              "symbol": "R",
              "name": "Purine",
              "equals": "AG"
            }, {
              "symbol": "W",
              "name": "Weak",
              "equals": "AT"
            }, {
              "symbol": "S",
              "name": "Strong",
              "equals": "CG"
            }, {
              "symbol": "Y",
              "name": "Pyrimidine",
              "equals": "CT"
            }, {
              "symbol": "K",
              "name": "Keto",
              "equals": "GT"
            }
          ]
        },
        "background": [0.25, 0.25, 0.25, 0.25],
        "query_dbs": [
          {
            "source": "motifs/pools/model-004/trial-5.txt",
            "name": "trial-5.txt",
            "loaded": 32,
            "excluded": 0,
            "last_modified": "Tue Mar 30 12:46:11 2021"
          }
        ],
        "target_dbs": [
          {
            "source": "./motif_database.txt",
            "name": "motif_database.txt",
            "loaded": 1964,
            "excluded": 0,
            "last_modified": "Mon Mar 29 09:53:08 2021"
          }
        ],
        "queries": [
          {
            "db": 0,
            "id": "filter0",
            "len": 15,
            "nsites": 15,
            "evalue": "1.0e+000",
            "pwm": [
              [0.248212, 0.224172, 0.309801, 0.217815], 
              [0.177086, 0.333344, 0.240762, 0.248808], 
              [0.321523, 0.262715, 0.186225, 0.229536], 
              [0.635593, 0.020333, 0.120972, 0.223102], 
              [0.324801, 0.377152, 0.0861921, 0.211854], 
              [0.230033, 0.0535099, 0.194272, 0.522185], 
              [0.0316556, 0.0171523, 0.0187417, 0.93245], 
              [0.00642384, 0.416788, 0.575132, 0.00165563], 
              [0.162185, 0.832914, 0.00215232, 0.00274834], 
              [0.016061, 0.00642432, 0.675233, 0.302282], 
              [0.00215237, 0.293241, 0.674637, 0.0299697], 
              [0.799735, 0.0760596, 0.0530132, 0.0711921], 
              [0.266464, 0.319405, 0.189981, 0.22415], 
              [0.141225, 0.180364, 0.456921, 0.22149], 
              [0.234901, 0.163179, 0.104868, 0.497053]
            ]
          }, {
            "db": 0,
            "id": "filter1",
            "len": 10,
            "nsites": 10,
            "evalue": "1.0e+000",
            "pwm": [
              [0.272376, 0.210693, 0.275248, 0.241683], 
              [0.307624, 0.125842, 0.18396, 0.382574], 
              [0.0435644, 0.363861, 0.125347, 0.467228], 
              [0.0452475, 0.176238, 0.0730693, 0.705446], 
              [0.39495, 0.112178, 0.410792, 0.0820792], 
              [0.954155, 0.0324782, 0.00920859, 0.00415858], 
              [0.019604, 0.00920792, 0.00267327, 0.968515], 
              [0.0656436, 0.239208, 0.134752, 0.560396], 
              [0.417426, 0.0722772, 0.455644, 0.0546535], 
              [0.355347, 0.0910891, 0.49198, 0.0615842]
            ]
          }, {
            "db": 0,
            "id": "filter10",
            "len": 12,
            "nsites": 12,
            "evalue": "1.0e+000",
            "pwm": [
              [0.108975, 0.571421, 0.149041, 0.170562], 
              [0.0927107, 0.529967, 0.185438, 0.191884], 
              [0.348514, 0.156792, 0.299121, 0.195573], 
              [0.160133, 0.674594, 0.16281, 0.00246277], 
              [0.0162479, 0.85357, 0.0494711, 0.0807107], 
              [0.00246281, 0.400347, 0.550298, 0.0468926], 
              [0.165818, 0.705971, 0.0956953, 0.0325154], 
              [0.0686116, 0.250099, 0.596413, 0.084876], 
              [0.0144628, 0.0659339, 0.564182, 0.355421], 
              [0.162247, 0.306559, 0.442342, 0.0888517], 
              [0.37119, 0.179488, 0.392413, 0.0569091], 
              [0.13605, 0.322496, 0.31843, 0.223025]
            ]
          }, {
            "db": 0,
            "id": "filter11",
            "len": 11,
            "nsites": 11,
            "evalue": "1.0e+000",
            "pwm": [
              [0.155277, 0.195713, 0.15934, 0.48967], 
              [0.275369, 0.212342, 0.167054, 0.345234], 
              [0.419658, 0.0401081, 0.358514, 0.181721], 
              [0.118396, 0.18509, 0.636189, 0.0603243], 
              [0.264369, 0.00254955, 0.0396126, 0.693468], 
              [0.0778649, 0.0287117, 0.00225225, 0.891171], 
              [0.0262342, 0.201838, 0.377838, 0.39409], 
              [0.366441, 0.564739, 0.00225225, 0.0665676], 
              [0.224333, 0.272991, 0.42164, 0.081036], 
              [0.204117, 0.354054, 0.206991, 0.234838], 
              [0.221559, 0.342559, 0.20709, 0.228793]
            ]
          }, {
            "db": 0,
            "id": "filter12",
            "len": 12,
            "nsites": 12,
            "evalue": "1.0e+000",
            "pwm": [
              [0.267527, 0.266833, 0.201484, 0.264156], 
              [0.149324, 0.151307, 0.370558, 0.32881], 
              [0.146775, 0.205789, 0.476957, 0.17048], 
              [0.289669, 0.00871074, 0.575983, 0.125636], 
              [0.557494, 0.013373, 0.114937, 0.314197], 
              [0.810349, 0.00226444, 0.0979574, 0.0894293], 
              [0.00226444, 0.803011, 0.00206612, 0.192659], 
              [0.00355372, 0.416413, 0.575785, 0.00424793], 
              [0.0194215, 0.530463, 0.00206612, 0.44805], 
              [0.540777, 0.254165, 0.110959, 0.0940992], 
              [0.37724, 0.240975, 0.124248, 0.257537], 
              [0.202694, 0.305041, 0.225107, 0.267157]
            ]
          }, {
            "db": 0,
            "id": "filter13",
            "len": 16,
            "nsites": 16,
            "evalue": "1.0e+000",
            "pwm": [
              [0.173776, 0.181826, 0.120012, 0.524385], 
              [0.13005, 0.173776, 0.448658, 0.247516], 
              [0.23559, 0.14595, 0.271366, 0.347093], 
              [0.00850932, 0.977453, 0.0015528, 0.0124845], 
              [0.00652224, 0.462618, 0.0095039, 0.521356], 
              [0.944653, 0.0234183, 0.0214306, 0.0104978], 
              [0.215636, 0.0015528, 0.0204367, 0.762374], 
              [0.839019, 0.0244099, 0.0015528, 0.135019], 
              [0.299292, 0.0453789, 0.0423975, 0.612932], 
              [0.90272, 0.0114907, 0.00453416, 0.0812547], 
              [0.00354037, 0.0015528, 0.0453789, 0.949528], 
              [0.474596, 0.00254658, 0.521304, 0.0015528], 
              [0.00552795, 0.0015528, 0.991366, 0.0015528], 
              [0.325197, 0.294294, 0.178827, 0.201682], 
              [0.169801, 0.487516, 0.213627, 0.129056], 
              [0.508436, 0.143977, 0.1728, 0.174788]
            ]
          }, {
            "db": 0,
            "id": "filter14",
            "len": 11,
            "nsites": 11,
            "evalue": "1.0e+000",
            "pwm": [
              [0.272495, 0.370009, 0.227108, 0.130387], 
              [0.174784, 0.438189, 0.252081, 0.134946], 
              [0.380811, 0.089955, 0.402514, 0.126721], 
              [0.0434775, 0.324523, 0.0378288, 0.594171], 
              [0.0485315, 0.556315, 0.375856, 0.0192973], 
              [0.27554, 0.00324314, 0.608678, 0.112539], 
              [0.0133525, 0.70553, 0.00254958, 0.278568], 
              [0.0244505, 0.391315, 0.490216, 0.094018], 
              [0.252948, 0.0957924, 0.532479, 0.118781], 
              [0.107198, 0.46227, 0.0884685, 0.342063], 
              [0.145748, 0.326703, 0.289144, 0.238405]
            ]
          }, {
            "db": 0,
            "id": "filter15",
            "len": 11,
            "nsites": 11,
            "evalue": "1.0e+000",
            "pwm": [
              [0.25607, 0.211273, 0.222274, 0.310382], 
              [0.230081, 0.219378, 0.335423, 0.215117], 
              [0.322937, 0.300937, 0.282108, 0.094018], 
              [0.0171171, 0.0362432, 0.0227658, 0.923874], 
              [0.0316847, 0.0684505, 0.763333, 0.136532], 
              [0.885721, 0.0156306, 0.0650811, 0.0335676], 
              [0.0906486, 0.416586, 0.395279, 0.0974865], 
              [0.0948108, 0.0887658, 0.0511081, 0.765315], 
              [0.147631, 0.669189, 0.0881712, 0.095009], 
              [0.751342, 0.0604234, 0.0978829, 0.0903514], 
              [0.0942162, 0.307577, 0.268036, 0.330171]
            ]
          }, {
            "db": 0,
            "id": "filter16",
            "len": 15,
            "nsites": 15,
            "evalue": "1.0e+000",
            "pwm": [
              [0.254073, 0.269073, 0.218709, 0.258146], 
              [0.31023, 0.234924, 0.238401, 0.216445], 
              [0.15394, 0.289934, 0.149868, 0.406258], 
              [0.018442, 0.019038, 0.019634, 0.942886], 
              [0.0213225, 0.0398968, 0.0462538, 0.892527], 
              [0.110519, 0.844452, 0.025395, 0.019634], 
              [0.0219205, 0.743212, 0.0305629, 0.204305], 
              [0.203709, 0.281887, 0.302649, 0.211755], 
              [0.181159, 0.0114901, 0.78543, 0.0219205], 
              [0.0242076, 0.011491, 0.852668, 0.111634], 
              [0.90702, 0.0438742, 0.0259934, 0.0231126], 
              [0.95748, 0.0172532, 0.010895, 0.0143721], 
              [0.425984, 0.149853, 0.261597, 0.162567], 
              [0.230927, 0.259238, 0.223377, 0.286457], 
              [0.254644, 0.228024, 0.276595, 0.240738]
            ]
          }, {
            "db": 0,
            "id": "filter17",
            "len": 12,
            "nsites": 12,
            "evalue": "1.0e+000",
            "pwm": [
              [0.156662, 0.368575, 0.17352, 0.301243], 
              [0.174348, 0.143502, 0.426075, 0.256075], 
              [0.23485, 0.29188, 0.123368, 0.349903], 
              [0.0346942, 0.875884, 0.0858678, 0.00355372], 
              [0.00226444, 0.607658, 0.139804, 0.250273], 
              [0.185556, 0.00890978, 0.728585, 0.0769496], 
              [0.067415, 0.678164, 0.0187256, 0.235696], 
              [0.204896, 0.285632, 0.507406, 0.00206612], 
              [0.00206612, 0.140017, 0.789901, 0.0680165], 
              [0.287091, 0.171851, 0.432479, 0.108579], 
              [0.239884, 0.419785, 0.0892397, 0.251091], 
              [0.240257, 0.207831, 0.397332, 0.15458]
            ]
          }, {
            "db": 0,
            "id": "filter18",
            "len": 11,
            "nsites": 11,
            "evalue": "1.0e+000",
            "pwm": [
              [0.116018, 0.174189, 0.425604, 0.284189], 
              [0.132468, 0.486649, 0.187369, 0.193514], 
              [0.309757, 0.26645, 0.367532, 0.0562613], 
              [0.352667, 0.00225225, 0.57891, 0.0661712], 
              [0.221559, 0.756198, 0.019991, 0.00225225], 
              [0.0549782, 0.859743, 0.0830261, 0.00225225], 
              [0.993243, 0.00225225, 0.00225225, 0.00225225], 
              [0.291225, 0.00641441, 0.00225225, 0.700108], 
              [0.00304505, 0.192324, 0.378234, 0.426396], 
              [0.0108739, 0.440072, 0.287559, 0.261495], 
              [0.359243, 0.32505, 0.0207856, 0.294921]
            ]
          }, {
            "db": 0,
            "id": "filter19",
            "len": 14,
            "nsites": 14,
            "evalue": "1.0e+000",
            "pwm": [
              [0.0957115, 0.152214, 0.49351, 0.258565], 
              [0.369583, 0.262437, 0.245159, 0.122821], 
              [0.0794262, 0.567291, 0.279517, 0.0737661], 
              [0.00902128, 0.788156, 0.186057, 0.016766], 
              [0.215766, 0.333934, 0.285177, 0.165123], 
              [0.061143, 0.122598, 0.464025, 0.352234], 
              [0.748738, 0.0453617, 0.192809, 0.0130922], 
              [0.00594326, 0.0613475, 0.0435745, 0.889135], 
              [0.456823, 0.0724681, 0.103248, 0.367461], 
              [0.29624, 0.0825877, 0.364645, 0.256528], 
              [0.00177305, 0.160241, 0.836213, 0.00177305], 
              [0.0242128, 0.285149, 0.474596, 0.216043], 
              [0.0660206, 0.359256, 0.205935, 0.368788], 
              [0.333901, 0.495745, 0.125191, 0.0451631]
            ]
          }, {
            "db": 0,
            "id": "filter2",
            "len": 14,
            "nsites": 14,
            "evalue": "1.0e+000",
            "pwm": [
              [0.435574, 0.0377163, 0.412539, 0.11417], 
              [0.18556, 0.367957, 0.390695, 0.0557872], 
              [0.404636, 0.0708863, 0.188359, 0.336119], 
              [0.0614468, 0.14634, 0.79044, 0.00177305], 
              [0.24928, 0.0520092, 0.232899, 0.465812], 
              [0.163121, 0.416014, 0.41661, 0.00425532], 
              [0.0156724, 0.647694, 0.164991, 0.171643], 
              [0.240766, 0.0207376, 0.389801, 0.348695], 
              [0.0611549, 0.28905, 0.195608, 0.454187], 
              [0.00177305, 0.411546, 0.254965, 0.331716], 
              [0.839306, 0.0924165, 0.00177305, 0.0665042], 
              [0.0251064, 0.238284, 0.140979, 0.595631], 
              [0.153971, 0.210164, 0.013786, 0.62208], 
              [0.2051, 0.220886, 0.337342, 0.236672]
            ]
          }, {
            "db": 0,
            "id": "filter20",
            "len": 11,
            "nsites": 11,
            "evalue": "1.0e+000",
            "pwm": [
              [0.260974, 0.214799, 0.368189, 0.156039], 
              [0.00225225, 0.389493, 0.425066, 0.183189], 
              [0.277649, 0.0434775, 0.464252, 0.214622], 
              [0.121865, 0.632622, 0.228892, 0.0166216], 
              [0.172884, 0.309429, 0.512958, 0.00472948], 
              [0.0334685, 0.049027, 0.0243514, 0.893153], 
              [0.637775, 0.0386216, 0.315405, 0.0081982], 
              [0.017018, 0.341072, 0.638369, 0.00354054], 
              [0.358549, 0.276784, 0.22277, 0.141897], 
              [0.305625, 0.267072, 0.244871, 0.182432], 
              [0.284784, 0.375757, 0.114532, 0.224928]
            ]
          }, {
            "db": 0,
            "id": "filter21",
            "len": 14,
            "nsites": 14,
            "evalue": "1.0e+000",
            "pwm": [
              [0.256528, 0.216319, 0.313614, 0.213539], 
              [0.469135, 0.105035, 0.179206, 0.246624], 
              [0.235825, 0.197197, 0.380605, 0.186373], 
              [0.195966, 0.00375867, 0.0396983, 0.760577], 
              [0.152909, 0.706411, 0.0559912, 0.0846891], 
              [0.496638, 0.0233191, 0.0763404, 0.403702], 
              [0.00256738, 0.00177305, 0.970355, 0.025305], 
              [0.0260993, 0.96122, 0.00931915, 0.0033617], 
              [0.531344, 0.0735675, 0.0113059, 0.383783], 
              [0.154482, 0.0923262, 0.595929, 0.157262], 
              [0.601549, 0.0799227, 0.0611549, 0.257373], 
              [0.266952, 0.215128, 0.170451, 0.347469], 
              [0.269759, 0.207901, 0.082695, 0.439645], 
              [0.190426, 0.262113, 0.263404, 0.284057]
            ]
          }, {
            "db": 0,
            "id": "filter22",
            "len": 12,
            "nsites": 12,
            "evalue": "1.0e+000",
            "pwm": [
              [0.248909, 0.227488, 0.272711, 0.250893], 
              [0.28719, 0.145967, 0.298694, 0.268149], 
              [0.405166, 0.329207, 0.233415, 0.0322119], 
              [0.00206612, 0.676081, 0.00940422, 0.312448], 
              [0.326396, 0.249231, 0.0233906, 0.400982], 
              [0.873988, 0.0725856, 0.0513603, 0.00206612], 
              [0.201107, 0.022595, 0.427223, 0.349074], 
              [0.0233884, 0.416909, 0.0496694, 0.510033], 
              [0.470019, 0.00206612, 0.523667, 0.00424772], 
              [0.433018, 0.421513, 0.124062, 0.0214069], 
              [0.10838, 0.252777, 0.146264, 0.492579], 
              [0.383983, 0.259719, 0.0470909, 0.309207]
            ]
          }, {
            "db": 0,
            "id": "filter23",
            "len": 12,
            "nsites": 12,
            "evalue": "1.0e+000",
            "pwm": [
              [0.181074, 0.210926, 0.297306, 0.310694], 
              [0.332876, 0.247893, 0.347651, 0.0715798], 
              [0.418496, 0.179091, 0.275091, 0.127322], 
              [0.0289421, 0.429603, 0.0124793, 0.528975], 
              [0.00206612, 0.960579, 0.0309256, 0.00642975], 
              [0.953537, 0.00206612, 0.0100992, 0.0342975], 
              [0.419843, 0.00206612, 0.383251, 0.19484], 
              [0.00305785, 0.236512, 0.0205124, 0.739917], 
              [0.136433, 0.524956, 0.336545, 0.00206612], 
              [0.348678, 0.324777, 0.193471, 0.133074], 
              [0.201603, 0.296612, 0.0578017, 0.443983], 
              [0.133683, 0.345638, 0.266688, 0.253992]
            ]
          }, {
            "db": 0,
            "id": "filter24",
            "len": 14,
            "nsites": 14,
            "evalue": "1.0e+000",
            "pwm": [
              [0.233716, 0.254071, 0.238582, 0.273631], 
              [0.263603, 0.262014, 0.15617, 0.318213], 
              [0.292596, 0.0840851, 0.362596, 0.260723], 
              [0.0155745, 0.669106, 0.310667, 0.00465248], 
              [0.0820993, 0.299447, 0.328936, 0.289518], 
              [0.167589, 0.0444681, 0.66295, 0.124993], 
              [0.209787, 0.363986, 0.350383, 0.075844], 
              [0.0739502, 0.708256, 0.0365213, 0.181273], 
              [0.140298, 0.289745, 0.274949, 0.295008], 
              [0.164709, 0.393574, 0.357135, 0.0845816], 
              [0.0254043, 0.384043, 0.551745, 0.0388085], 
              [0.217851, 0.315166, 0.100379, 0.366604], 
              [0.176922, 0.272241, 0.232525, 0.318312], 
              [0.213163, 0.19539, 0.295376, 0.296071]
            ]
          }, {
            "db": 0,
            "id": "filter25",
            "len": 15,
            "nsites": 15,
            "evalue": "1.0e+000",
            "pwm": [
              [0.243122, 0.240738, 0.264378, 0.251763], 
              [0.252583, 0.246225, 0.254967, 0.246225], 
              [0.265967, 0.101083, 0.542893, 0.0900574], 
              [0.188628, 0.00403997, 0.645528, 0.161804], 
              [0.272252, 0.00165563, 0.720464, 0.00562914], 
              [0.0434726, 0.0206272, 0.928682, 0.00721799], 
              [0.00245033, 0.063245, 0.922417, 0.0118874], 
              [0.325894, 0.393841, 0.100298, 0.179967], 
              [0.0150662, 0.0529139, 0.88457, 0.0474503], 
              [0.0142703, 0.0466511, 0.918451, 0.0206272], 
              [0.278609, 0.00245033, 0.681821, 0.0371192], 
              [0.265993, 0.0655298, 0.666026, 0.00245033], 
              [0.23597, 0.404827, 0.255736, 0.103467], 
              [0.26043, 0.229636, 0.294404, 0.21553], 
              [0.244636, 0.280199, 0.239967, 0.235199]
            ]
          }, {
            "db": 0,
            "id": "filter26",
            "len": 12,
            "nsites": 12,
            "evalue": "1.0e+000",
            "pwm": [
              [0.307025, 0.219355, 0.253074, 0.220545], 
              [0.156975, 0.202, 0.318529, 0.322496], 
              [0.29922, 0.0872647, 0.249331, 0.364185], 
              [0.0582975, 0.508545, 0.431091, 0.00206612], 
              [0.0786204, 0.635623, 0.280121, 0.00563601], 
              [0.336876, 0.00206612, 0.303256, 0.357802], 
              [0.00206612, 0.977835, 0.0180331, 0.00206612], 
              [0.0161488, 0.00206612, 0.00206612, 0.979719], 
              [0.487322, 0.00375207, 0.50686, 0.00206612], 
              [0.18405, 0.204579, 0.359289, 0.252083], 
              [0.237802, 0.192777, 0.282033, 0.287388], 
              [0.257339, 0.307223, 0.155091, 0.280347]
            ]
          }, {
            "db": 0,
            "id": "filter27",
            "len": 14,
            "nsites": 14,
            "evalue": "1.0e+000",
            "pwm": [
              [0.213738, 0.199541, 0.337739, 0.248982], 
              [0.124199, 0.407177, 0.293191, 0.175433], 
              [0.103834, 0.326918, 0.278469, 0.29078], 
              [0.527518, 0.00177305, 0.317617, 0.153092], 
              [0.0416879, 0.683305, 0.127674, 0.147333], 
              [0.280085, 0.00177305, 0.352567, 0.365574], 
              [0.477674, 0.157957, 0.00435461, 0.360014], 
              [0.0866752, 0.75199, 0.01498, 0.146355], 
              [0.00624113, 0.474695, 0.0109078, 0.508156], 
              [0.31745, 0.00713529, 0.59867, 0.0767451], 
              [0.00495035, 0.0527092, 0.876922, 0.0654184], 
              [0.277106, 0.134823, 0.287433, 0.300638], 
              [0.461489, 0.218028, 0.179206, 0.141277], 
              [0.274326, 0.186057, 0.330525, 0.209092]
            ]
          }, {
            "db": 0,
            "id": "filter28",
            "len": 9,
            "nsites": 9,
            "evalue": "1.0e+000",
            "pwm": [
              [0.425846, 0.129835, 0.210143, 0.234176], 
              [0.430056, 0.0163942, 0.190146, 0.363403], 
              [0.150322, 0.484345, 0.243497, 0.121836], 
              [0.0153089, 0.156356, 0.00274725, 0.825588], 
              [0.129143, 0.228341, 0.635516, 0.007], 
              [0.0284615, 0.415758, 0.00274725, 0.553033], 
              [0.602226, 0.10955, 0.101342, 0.186883], 
              [0.122121, 0.18344, 0.508824, 0.185615], 
              [0.446813, 0.116978, 0.341484, 0.0947253]
            ]
          }, {
            "db": 0,
            "id": "filter29",
            "len": 15,
            "nsites": 15,
            "evalue": "1.0e+000",
            "pwm": [
              [0.277914, 0.145695, 0.351523, 0.224868], 
              [0.175017, 0.14412, 0.34361, 0.337252], 
              [0.0824091, 0.519253, 0.211436, 0.186902], 
              [0.524125, 0.0451699, 0.363381, 0.0673244], 
              [0.102185, 0.713212, 0.136258, 0.0483444], 
              [0.254172, 0.0150662, 0.125927, 0.604834], 
              [0.0681126, 0.108543, 0.223278, 0.600066], 
              [0.140927, 0.849404, 0.00324503, 0.00642384], 
              [0.00721799, 0.554912, 0.425885, 0.0119857], 
              [0.031752, 0.013575, 0.652253, 0.30242], 
              [0.714801, 0.0784437, 0.101391, 0.105364], 
              [0.606424, 0.144901, 0.0285762, 0.220099], 
              [0.0198363, 0.245455, 0.444945, 0.289764], 
              [0.0641391, 0.225662, 0.0277815, 0.682417], 
              [0.244636, 0.138543, 0.458411, 0.158411]
            ]
          }, {
            "db": 0,
            "id": "filter3",
            "len": 14,
            "nsites": 14,
            "evalue": "1.0e+000",
            "pwm": [
              [0.173628, 0.375565, 0.241437, 0.209369], 
              [0.295703, 0.227881, 0.228973, 0.247443], 
              [0.130652, 0.0443688, 0.580936, 0.244043], 
              [0.0563884, 0.700056, 0.0895549, 0.154001], 
              [0.225574, 0.759163, 0.00743262, 0.00782979], 
              [0.607348, 0.190922, 0.193206, 0.00852482], 
              [0.425688, 0.0122989, 0.18677, 0.375243], 
              [0.439292, 0.18677, 0.057878, 0.31606], 
              [0.00256738, 0.0288794, 0.0108085, 0.957745], 
              [0.00177305, 0.0160724, 0.718128, 0.264026], 
              [0.158553, 0.0160709, 0.762936, 0.0624397], 
              [0.198865, 0.461887, 0.187546, 0.151702], 
              [0.139688, 0.243348, 0.196184, 0.42078], 
              [0.166794, 0.368057, 0.308085, 0.157064]
            ]
          }, {
            "db": 0,
            "id": "filter30",
            "len": 12,
            "nsites": 12,
            "evalue": "1.0e+000",
            "pwm": [
              [0.249132, 0.264704, 0.256968, 0.229196], 
              [0.337769, 0.228876, 0.260512, 0.172843], 
              [0.239412, 0.299319, 0.265299, 0.19597], 
              [0.0660331, 0.840876, 0.0404463, 0.0526446], 
              [0.833736, 0.043124, 0.0552231, 0.0679174], 
              [0.0362844, 0.65747, 0.0401526, 0.266093], 
              [0.181174, 0.0499669, 0.738628, 0.0302314], 
              [0.0707011, 0.0668329, 0.0342016, 0.828264], 
              [0.0635476, 0.044409, 0.824827, 0.0672166], 
              [0.200512, 0.257537, 0.293736, 0.248215], 
              [0.20081, 0.259421, 0.210132, 0.329636], 
              [0.230287, 0.261927, 0.252901, 0.254885]
            ]
          }, {
            "db": 0,
            "id": "filter31",
            "len": 12,
            "nsites": 12,
            "evalue": "1.0e+000",
            "pwm": [
              [0.382298, 0.378033, 0.153306, 0.0863636], 
              [0.543896, 0.139408, 0.185816, 0.13088], 
              [0.398165, 0.0712893, 0.360579, 0.169967], 
              [0.291355, 0.553273, 0.153306, 0.00206612], 
              [0.0360826, 0.242661, 0.00206612, 0.71919], 
              [0.00206612, 0.00206612, 0.739719, 0.256149], 
              [0.00206612, 0.305705, 0.681635, 0.0105942], 
              [0.389598, 0.54816, 0.00404939, 0.0581927], 
              [0.655322, 0.0423306, 0.209736, 0.0926116], 
              [0.0519554, 0.0751643, 0.856532, 0.0163485], 
              [0.0686116, 0.516479, 0.0515537, 0.363355], 
              [0.268942, 0.197041, 0.401636, 0.13238]
            ]
          }, {
            "db": 0,
            "id": "filter4",
            "len": 12,
            "nsites": 12,
            "evalue": "1.0e+000",
            "pwm": [
              [0.266463, 0.262992, 0.246727, 0.223818], 
              [0.0360792, 0.16043, 0.344379, 0.459111], 
              [0.218661, 0.223124, 0.382298, 0.175917], 
              [0.00355357, 0.524857, 0.465061, 0.00652848], 
              [0.508645, 0.00206612, 0.355025, 0.134264], 
              [0.149849, 0.415959, 0.300112, 0.134079], 
              [0.23681, 0.0952893, 0.248512, 0.419388], 
              [0.483554, 0.0873554, 0.00216529, 0.426926], 
              [0.00206612, 0.637769, 0.358099, 0.00206612], 
              [0.286198, 0.30524, 0.126727, 0.281835], 
              [0.32772, 0.167471, 0.308581, 0.196229], 
              [0.267752, 0.260116, 0.266661, 0.205471]
            ]
          }, {
            "db": 0,
            "id": "filter5",
            "len": 12,
            "nsites": 12,
            "evalue": "1.0e+000",
            "pwm": [
              [0.198251, 0.169686, 0.298823, 0.33324], 
              [0.210826, 0.30643, 0.248314, 0.23443], 
              [0.300678, 0.250793, 0.246231, 0.202298], 
              [0.0215022, 0.523568, 0.438485, 0.0164448], 
              [0.16114, 0.195752, 0.0954876, 0.54762], 
              [0.27363, 0.102142, 0.161057, 0.46317], 
              [0.717008, 0.202198, 0.0615702, 0.0192231], 
              [0.0666281, 0.659686, 0.270132, 0.00355372], 
              [0.00573554, 0.0553223, 0.903554, 0.0353884], 
              [0.00712397, 0.258331, 0.463223, 0.271322], 
              [0.310198, 0.315752, 0.0463967, 0.327653], 
              [0.301203, 0.294955, 0.272936, 0.130905]
            ]
          }, {
            "db": 0,
            "id": "filter6",
            "len": 12,
            "nsites": 12,
            "evalue": "1.0e+000",
            "pwm": [
              [0.252083, 0.249802, 0.258628, 0.239488], 
              [0.261133, 0.266787, 0.227907, 0.244173], 
              [0.431048, 0.17352, 0.348742, 0.0466898], 
              [0.0187273, 0.0199174, 0.0212066, 0.940149], 
              [0.0212066, 0.0255702, 0.142793, 0.81043], 
              [0.323686, 0.0158512, 0.494165, 0.166298], 
              [0.0707934, 0.708678, 0.0397521, 0.180777], 
              [0.192975, 0.0504628, 0.701438, 0.055124], 
              [0.155289, 0.546331, 0.0199174, 0.278463], 
              [0.821356, 0.129888, 0.0224938, 0.026262], 
              [0.93757, 0.0240826, 0.0199174, 0.0184298], 
              [0.0557244, 0.330264, 0.176034, 0.437977]
            ]
          }, {
            "db": 0,
            "id": "filter7",
            "len": 14,
            "nsites": 14,
            "evalue": "1.0e+000",
            "pwm": [
              [0.275617, 0.245234, 0.248312, 0.230837], 
              [0.256156, 0.260823, 0.244638, 0.238383], 
              [0.108709, 0.220113, 0.376099, 0.295078], 
              [0.00177305, 0.612847, 0.131632, 0.253748], 
              [0.0105098, 0.592395, 0.00177305, 0.395322], 
              [0.324436, 0.652758, 0.0210335, 0.00177305], 
              [0.188738, 0.591163, 0.00544681, 0.214652], 
              [0.252979, 0.065617, 0.302326, 0.379078], 
              [0.0835887, 0.739106, 0.00197163, 0.175333], 
              [0.136312, 0.796993, 0.00177305, 0.064922], 
              [0.00177305, 0.627504, 0.00177305, 0.36895], 
              [0.319801, 0.487901, 0.0111064, 0.181191], 
              [0.102851, 0.402411, 0.189929, 0.304809], 
              [0.268567, 0.265688, 0.236496, 0.229248]
            ]
          }, {
            "db": 0,
            "id": "filter8",
            "len": 11,
            "nsites": 11,
            "evalue": "1.0e+000",
            "pwm": [
              [0.215514, 0.186973, 0.349, 0.248514], 
              [0.316031, 0.110876, 0.27619, 0.296903], 
              [0.337802, 0.293505, 0.0415946, 0.327099], 
              [0.0123614, 0.18273, 0.752607, 0.0523023], 
              [0.662153, 0.0686486, 0.00324324, 0.265955], 
              [0.052991, 0.687721, 0.229982, 0.0293063], 
              [0.301303, 0.0783528, 0.0379244, 0.582419], 
              [0.0311921, 0.766878, 0.187784, 0.0141453], 
              [0.399878, 0.0114694, 0.296705, 0.291948], 
              [0.146258, 0.262413, 0.385408, 0.205921], 
              [0.197279, 0.233153, 0.334631, 0.234937]
            ]
          }, {
            "db": 0,
            "id": "filter9",
            "len": 16,
            "nsites": 16,
            "evalue": "1.0e+000",
            "pwm": [
              [0.269578, 0.260236, 0.255565, 0.214621], 
              [0.269578, 0.277826, 0.218099, 0.234497], 
              [0.0811553, 0.0554161, 0.359714, 0.503714], 
              [0.0331553, 0.891193, 0.0015528, 0.0740994], 
              [0.0015528, 0.0015528, 0.0015528, 0.995342], 
              [0.990671, 0.0015528, 0.0062236, 0.0015528], 
              [0.261403, 0.00860799, 0.0191411, 0.710848], 
              [0.418248, 0.00274534, 0.0870186, 0.491988], 
              [0.538795, 0.00274534, 0.0355404, 0.422919], 
              [0.662919, 0.0530311, 0.0132795, 0.27077], 
              [0.0015528, 0.012087, 0.00393789, 0.982422], 
              [0.992957, 0.00393789, 0.0015528, 0.0015528], 
              [0.108087, 0.0015528, 0.879466, 0.0108944], 
              [0.429975, 0.429975, 0.0483602, 0.0916894], 
              [0.256758, 0.221578, 0.280112, 0.241553], 
              [0.220484, 0.291839, 0.232112, 0.255565]
            ]
          }
        ],
        "targets": [
          {
            "db": 0,
            "id": "MA0001.1",
            "alt": "AGL3",
            "len": 10,
            "nsites": 97,
            "url": "http://jaspar.genereg.net/matrix/MA0001.1",
            "pwm": [
              [0.000257467, 0.968331, 0.0105558, 0.0208552], 
              [0.0311536, 0.772657, 0.000257467, 0.195932], 
              [0.813852, 0.041452, 0.0311536, 0.113543], 
              [0.412204, 0.0311536, 0.041452, 0.515191], 
              [0.679969, 0.0105558, 0.0105558, 0.298919], 
              [0.494593, 0.0208552, 0.000257467, 0.484294], 
              [0.66967, 0.0517504, 0.0517504, 0.226828], 
              [0.113543, 0.0208552, 0.0311536, 0.834449], 
              [0.66967, 0.0311536, 0.28862, 0.0105558], 
              [0.000257467, 0.0311536, 0.906539, 0.0620498]
            ]
          }, {
            "db": 0,
            "id": "MA0001.2",
            "alt": "AGL3",
            "len": 18,
            "nsites": 95,
            "url": "http://jaspar.genereg.net/matrix/MA0001.2",
            "pwm": [
              [0.231598, 0.305205, 0.357782, 0.105415], 
              [0.168507, 0.0949003, 0.305205, 0.431388], 
              [0.263144, 0.0843853, 0.0423236, 0.610147], 
              [0.284175, 0.168507, 0.136961, 0.410357], 
              [0.000262881, 0.967666, 0.000262881, 0.0318087], 
              [0.000262881, 0.830967, 0.000262881, 0.168507], 
              [0.862513, 0.0107778, 0.0212937, 0.105415], 
              [0.420873, 0.0423236, 0.0318087, 0.504995], 
              [0.589117, 0.000262881, 0.0107778, 0.399842], 
              [0.368296, 0.000262881, 0.000262881, 0.631178], 
              [0.683754, 0.0107778, 0.0423236, 0.263144], 
              [0.263144, 0.0423236, 0.0318087, 0.662724], 
              [0.673238, 0.000262881, 0.29469, 0.0318087], 
              [0.000262881, 0.000262881, 0.967666, 0.0318087], 
              [0.347266, 0.147476, 0.157992, 0.347266], 
              [0.547055, 0.0528395, 0.0738694, 0.326236], 
              [0.473449, 0.242113, 0.136961, 0.147476], 
              [0.221083, 0.252629, 0.273659, 0.252629]
            ]
          }, {
            "db": 0,
            "id": "MA0025.1",
            "alt": "NFIL3",
            "len": 11,
            "nsites": 23,
            "url": "http://jaspar.genereg.net/matrix/MA0025.1",
            "pwm": [
              [0.044372, 0.00108225, 0.00108225, 0.953463], 
              [0.00108225, 0.00108225, 0.0876628, 0.910173], 
              [0.953463, 0.00108225, 0.00108225, 0.044372], 
              [0.00108225, 0.347403, 0.00108225, 0.650433], 
              [0.0876628, 0.00108225, 0.910173, 0.00108225], 
              [0.00108225, 0.00108225, 0.00108225, 0.996753], 
              [0.996753, 0.00108225, 0.00108225, 0.00108225], 
              [0.953463, 0.00108225, 0.044372, 0.00108225], 
              [0.00108225, 0.477273, 0.174242, 0.347403], 
              [0.304113, 0.217532, 0.304113, 0.174242], 
              [0.217532, 0.217532, 0.130953, 0.433983]
            ]
          }, {
            "db": 0,
            "id": "MA0025.2",
            "alt": "NFIL3",
            "len": 13,
            "nsites": 22996,
            "url": "http://jaspar.genereg.net/matrix/MA0025.2",
            "pwm": [
              [0.276918, 0.169769, 0.244173, 0.309141], 
              [0.393154, 0.169421, 0.315751, 0.121674], 
              [0.0378339, 0.029615, 0.022527, 0.910025], 
              [0.020352, 0.00904605, 0.0745358, 0.896066], 
              [0.92855, 0.00956805, 0.0430519, 0.01883], 
              [0.028658, 0.0657078, 0.021396, 0.884238], 
              [0.0634898, 0.020309, 0.889673, 0.026527], 
              [0.0590548, 0.522003, 0.019744, 0.399199], 
              [0.950075, 0.023614, 0.00743705, 0.018874], 
              [0.952815, 0.010916, 0.015656, 0.020613], 
              [0.0953647, 0.215646, 0.117456, 0.571533], 
              [0.33358, 0.244825, 0.180553, 0.241042], 
              [0.291007, 0.214342, 0.194903, 0.299748]
            ]
          }, {
            "db": 0,
            "id": "MA0039.4",
            "alt": "KLF4",
            "len": 12,
            "nsites": 55817,
            "url": "http://jaspar.genereg.net/matrix/MA0039.4",
            "pwm": [
              [0.2252, 0.313883, 0.255173, 0.205744], 
              [0.205798, 0.2515, 0.330957, 0.211746], 
              [0.0441624, 0.881612, 0.0283614, 0.0458644], 
              [0.0377134, 0.857533, 0.0217504, 0.0830033], 
              [0.125786, 0.813461, 0.0254764, 0.0352764], 
              [0.0210154, 0.947291, 0.0142074, 0.0174864], 
              [0.81699, 0.00288444, 0.118208, 0.0619173], 
              [0.0152644, 0.938172, 0.0263364, 0.0202274], 
              [0.0289704, 0.915706, 0.0335024, 0.0218214], 
              [0.0215354, 0.914505, 0.0180054, 0.0459544], 
              [0.291381, 0.326943, 0.112726, 0.26895], 
              [0.178422, 0.344286, 0.25838, 0.218912]
            ]
          }, {
            "db": 0,
            "id": "MA0043.1",
            "alt": "HLF",
            "len": 12,
            "nsites": 18,
            "url": "http://jaspar.genereg.net/matrix/MA0043.1",
            "pwm": [
              [0.0566303, 0.222375, 0.44337, 0.277625], 
              [0.332873, 0.00138122, 0.664365, 0.00138122], 
              [0.0566303, 0.00138122, 0.00138122, 0.940607], 
              [0.00138122, 0.00138122, 0.167127, 0.83011], 
              [0.719613, 0.0566303, 0.111878, 0.111878], 
              [0.00138122, 0.83011, 0.0566303, 0.111878], 
              [0.332873, 0.00138122, 0.664365, 0.00138122], 
              [0.00138122, 0.498619, 0.00138122, 0.498619], 
              [0.719613, 0.222375, 0.0566303, 0.00138122], 
              [0.83011, 0.00138122, 0.0566303, 0.111878], 
              [0.111878, 0.167127, 0.0566303, 0.664365], 
              [0.277625, 0.277625, 0.167127, 0.277625]
            ]
          }, {
            "db": 0,
            "id": "MA0043.2",
            "alt": "HLF",
            "len": 12,
            "nsites": 2138,
            "url": "http://jaspar.genereg.net/matrix/MA0043.2",
            "pwm": [
              [0.200657, 0.343775, 0.177271, 0.278296], 
              [0.387123, 0.239892, 0.333217, 0.0397668], 
              [0.00327354, 0.000477671, 1.16926e-05, 0.996237], 
              [0.00248058, 0.015649, 0.102065, 0.879806], 
              [0.865909, 1.16926e-05, 0.125563, 0.00851629], 
              [0.00504846, 0.717909, 0.0117641, 0.265278], 
              [0.439271, 0.0237486, 0.53422, 0.00276056], 
              [0.0184198, 0.236194, 0.00279056, 0.742596], 
              [0.879806, 0.116055, 0.00165762, 0.00248058], 
              [0.994384, 1.16926e-05, 0.00233758, 0.00326754], 
              [0.0499114, 0.486826, 0.110027, 0.353237], 
              [0.301214, 0.344711, 0.168386, 0.185691]
            ]
          }, {
            "db": 0,
            "id": "MA0043.3",
            "alt": "HLF",
            "len": 14,
            "nsites": 24424,
            "url": "http://jaspar.genereg.net/matrix/MA0043.3",
            "pwm": [
              [0.278824, 0.207296, 0.230347, 0.283533], 
              [0.25348, 0.164142, 0.25782, 0.324558], 
